0 0.59453125 0.853125 0.1267578125 0.16845703125
0 0.71328125 0.8515625 0.1328125 0.18154296875
0 0.85 0.8609375 0.131005859375 0.17470703125
0 0.86875 0.2375 0.150390625 0.209423828125
0 0.3453125 0.21015625 0.146875 0.232666015625
0 0.365625 0.54140625 0.1470703125 0.207763671875
0 0.36640625 0.83671875 0.1232421875 0.1875
0 0.4796875 0.2296875 0.158984375 0.212548828125
0 0.48671875 0.54296875 0.1375 0.201513671875
0 0.47734375 0.84140625 0.1171875 0.1830078125
1 0.61015625 0.234375 0.140625 0.20283203125
1 0.734375 0.2359375 0.15625 0.212353515625
5 0.6046875 0.55546875 0.115625 0.1828125
5 0.71953125 0.5640625 0.1171875 0.18447265625
5 0.85390625 0.565625 0.1232421875 0.18720703125