0 0.34375 0.5296875 0.07265625 0.165625
0 0.07265625 0.81171875 0.07265625 0.18828125
0 0.475 0.5203125 0.07265625 0.165625
0 0.47578125 0.81640625 0.07265625 0.175
0 0.5421875 0.8109375 0.07265625 0.175
0 0.54375 0.52578125 0.07265625 0.165625
0 0.67734375 0.5234375 0.07265625 0.165625
0 0.740625 0.52578125 0.07265625 0.165625
0 0.80703125 0.51640625 0.07265625 0.165625
0 0.8671875 0.80546875 0.07265625 0.175
0 0.8765625 0.5125 0.07265625 0.165625
0 0.1265625 0.22890625 0.0796875 0.190625
0 0.9390625 0.50859375 0.07265625 0.165625
0 0.94140625 0.79453125 0.07265625 0.175
0 0.94453125 0.2328125 0.07265625 0.17109375
0 0.134375 0.81171875 0.07265625 0.18828125
0 0.13515625 0.52734375 0.07265625 0.18125
0 0.20625 0.5296875 0.07265625 0.165625
0 0.21171875 0.23046875 0.0796875 0.190625
0 0.059375 0.23828125 0.0796875 0.190625
0 0.2703125 0.52734375 0.07265625 0.165625
0 0.275 0.23984375 0.07265625 0.17109375
0 0.06171875 0.521875 0.07265625 0.18125
0 0.33984375 0.23828125 0.07265625 0.17109375
1 0.47578125 0.234375 0.07265625 0.17109375
1 0.546875 0.22890625 0.07265625 0.17109375
1 0.675 0.2328125 0.07265625 0.17109375
1 0.7421875 0.23046875 0.07265625 0.17109375
1 0.80703125 0.2328125 0.07265625 0.17109375
1 0.8734375 0.23046875 0.07265625 0.17109375
5 0.3453125 0.81875 0.07265625 0.175
5 0.671875 0.8109375 0.07265625 0.175
5 0.7359375 0.81640625 0.07265625 0.175
5 0.79921875 0.80703125 0.05859375 0.1828125
5 0.20390625 0.8203125 0.07265625 0.175
5 0.275 0.81640625 0.07265625 0.175