0 0.3875 0.4453125 0.0671875 0.17578125
0 0.40390625 0.1265625 0.0671875 0.14375
0 0.41015625 0.77734375 0.075 0.159375
0 0.475 0.12421875 0.0671875 0.14375
0 0.47578125 0.77421875 0.06484375 0.1890625
0 0.48359375 0.44375 0.0671875 0.17578125
0 0.5359375 0.771875 0.06484375 0.1890625
0 0.53984375 0.4546875 0.06015625 0.15
0 0.565625 0.11875 0.0671875 0.14375
0 0.60625 0.77734375 0.06484375 0.159375
0 0.60625 0.44921875 0.06015625 0.15
0 0.09375 0.11171875 0.0671875 0.14375
0 0.6390625 0.13046875 0.0671875 0.14375
0 0.09609375 0.45390625 0.0671875 0.14375
0 0.671875 0.77734375 0.06484375 0.159375
0 0.671875 0.44921875 0.06015625 0.15
0 0.10390625 0.79765625 0.075 0.16875
0 0.70546875 0.12109375 0.0671875 0.14375
0 0.73203125 0.76953125 0.06484375 0.17578125
0 0.7984375 0.12265625 0.0671875 0.14375
0 0.8 0.765625 0.06484375 0.17578125
0 0.8609375 0.12421875 0.0671875 0.14375
0 0.8625 0.77890625 0.06484375 0.15703125
0 0.8671875 0.43828125 0.075 0.16875
0 0.925 0.13203125 0.0671875 0.14375
0 0.93046875 0.434375 0.075 0.16875
0 0.9296875 0.7765625 0.06484375 0.15703125
0 0.16484375 0.45234375 0.0671875 0.14375
0 0.1734375 0.11875 0.0671875 0.14375
0 0.178125 0.771875 0.075 0.18125
0 0.2421875 0.12265625 0.0671875 0.14375
0 0.2484375 0.77734375 0.075 0.159375
0 0.31796875 0.78359375 0.075 0.159375
0 0.31640625 0.45234375 0.0671875 0.14375
0 0.33515625 0.1265625 0.0671875 0.14375
6 0.2375 0.4578125 0.0671875 0.14375
9 0.73671875 0.45546875 0.06640625 0.14375
9 0.8015625 0.45390625 0.06640625 0.14375