0 0.88203125 0.27421875 0.13125 0.10625
0 0.89921875 0.640625 0.1330078125 0.13134765625
0 0.90703125 0.8296875 0.132470703125 0.11591796875
0 0.878125 0.11171875 0.12802734375 0.132763671875
0 0.103125 0.08359375 0.152978515625 0.109375
0 0.24375 0.07890625 0.14697265625 0.10625
0 0.2375 0.63515625 0.1345703125 0.11689453125
0 0.2453125 0.8328125 0.140234375 0.125
0 0.38125 0.09140625 0.149658203125 0.121875
0 0.37578125 0.8328125 0.139111328125 0.12197265625
0 0.36953125 0.446875 0.1361328125 0.1154296875
0 0.375 0.63359375 0.14375 0.1201171875
0 0.375 0.2640625 0.13427734375 0.11572265625
0 0.10546875 0.2640625 0.13896484375 0.1341796875
0 0.509375 0.0921875 0.146923828125 0.11875
0 0.503125 0.26171875 0.12841796875 0.1107421875
0 0.50234375 0.4453125 0.1298828125 0.10341796875
0 0.5078125 0.83203125 0.14697265625 0.1232421875
0 0.5078125 0.634375 0.13759765625 0.11240234375
0 0.10390625 0.6359375 0.1267578125 0.118896484375
0 0.64140625 0.83203125 0.1375 0.114306640625
0 0.6359375 0.26484375 0.122265625 0.1048828125
0 0.6265625 0.09453125 0.140283203125 0.1080078125
0 0.6359375 0.43984375 0.13095703125 0.10625
0 0.625 0.6328125 0.1283203125 0.11279296875
0 0.1046875 0.84140625 0.13779296875 0.139404296875
0 0.75859375 0.4453125 0.1392578125 0.11845703125
0 0.765625 0.096875 0.14658203125 0.118359375
0 0.76015625 0.2671875 0.1375 0.11279296875
0 0.77734375 0.83046875 0.135595703125 0.1109375
5 0.884375 0.4453125 0.12783203125 0.125341796875
5 0.24140625 0.44765625 0.1326171875 0.1078125
5 0.11875 0.453125 0.13125 0.13125
0 0.2390625 0.2625 0.15625 0.13134765625