0 0.36171875 0.08671875 0.098291015625 0.1453125
0 0.3546875 0.590625 0.066015625 0.1435546875
0 0.35703125 0.34375 0.0701171875 0.15009765625
0 0.075 0.08203125 0.084521484375 0.1375
0 0.078125 0.33359375 0.08427734375 0.161279296875
0 0.48515625 0.8453125 0.0767578125 0.159326171875
0 0.4875 0.584375 0.0810546875 0.1470703125
0 0.48984375 0.08984375 0.0798828125 0.1423828125
0 0.55 0.09296875 0.08408203125 0.14375
0 0.55078125 0.590625 0.0826171875 0.14970703125
0 0.08515625 0.58515625 0.0763671875 0.160888671875
0 0.55625 0.840625 0.0716796875 0.15634765625
0 0.08671875 0.8359375 0.071875 0.156591796875
0 0.6796875 0.08203125 0.06572265625 0.1375
0 0.68359375 0.59375 0.0703125 0.14404296875
0 0.74296875 0.590625 0.08125 0.1470703125
0 0.74921875 0.08359375 0.0798828125 0.1423828125
0 0.809375 0.5875 0.06875 0.1435546875
0 0.81484375 0.078125 0.0705078125 0.1498046875
0 0.875 0.840625 0.075244140625 0.14091796875
0 0.8765625 0.5828125 0.0689453125 0.1435546875
0 0.87890625 0.0875 0.075 0.14052734375
0 0.9390625 0.8359375 0.081298828125 0.14658203125
0 0.9453125 0.5828125 0.07822265625 0.14658203125
0 0.946875 0.34921875 0.0779296875 0.1517578125
0 0.94921875 0.07890625 0.078125 0.140625
0 0.146875 0.08671875 0.094091796875 0.14375
0 0.14765625 0.33828125 0.0767578125 0.16103515625
0 0.1515625 0.58828125 0.08427734375 0.163818359375
0 0.15390625 0.840625 0.071875 0.15654296875
0 0.22421875 0.0796875 0.098095703125 0.1439453125
0 0.21875 0.590625 0.06865234375 0.14365234375
0 0.225 0.33515625 0.0873046875 0.16376953125
0 0.2890625 0.08828125 0.090380859375 0.140625
0 0.28828125 0.590625 0.0736328125 0.14658203125
0 0.2921875 0.346875 0.06865234375 0.15009765625
1 0.48828125 0.34375 0.0763671875 0.15302734375
1 0.5546875 0.34375 0.06884765625 0.15029296875
1 0.678125 0.34375 0.08427734375 0.15595703125
1 0.746875 0.3453125 0.07841796875 0.15029296875
1 0.8140625 0.3453125 0.075 0.1501953125
1 0.87578125 0.3453125 0.0734375 0.15
5 0.35859375 0.83984375 0.075 0.146875
5 0.675 0.8421875 0.081640625 0.159716796875
5 0.74375 0.84375 0.0810546875 0.159521484375
5 0.80546875 0.82734375 0.073193359375 0.157861328125
5 0.21640625 0.83984375 0.0794921875 0.1484375
5 0.28515625 0.84140625 0.0673828125 0.14375