0 0.72890625 0.9203125 0.13984375 0.12734375
0 0.7390625 0.075 0.13984375 0.12421875
0 0.740625 0.2921875 0.121875 0.1140625
0 0.8625 0.51875 0.13203125 0.12578125
0 0.86640625 0.91171875 0.13984375 0.12734375
0 0.8625 0.29609375 0.121875 0.1140625
0 0.86484375 0.08203125 0.11171875 0.12109375
0 0.36015625 0.0640625 0.13984375 0.12421875
0 0.3609375 0.50078125 0.13203125 0.1390625
0 0.35859375 0.928125 0.12734375 0.12734375
0 0.3625 0.2828125 0.1296875 0.12109375
0 0.371875 0.71328125 0.13203125 0.1359375
0 0.478125 0.92734375 0.12734375 0.1359375
0 0.4875 0.065625 0.13984375 0.12421875
0 0.49375 0.71484375 0.13203125 0.1359375
0 0.49140625 0.284375 0.121875 0.1140625
0 0.5015625 0.5125 0.13203125 0.12578125
0 0.59765625 0.9296875 0.12734375 0.12734375
0 0.61953125 0.071875 0.13984375 0.12421875
0 0.6234375 0.2875 0.121875 0.1140625
1 0.7453125 0.515625 0.13203125 0.12578125
1 0.6234375 0.515625 0.13203125 0.12578125
5 0.73828125 0.72265625 0.12734375 0.12890625
5 0.86015625 0.71640625 0.12734375 0.12890625
5 0.615625 0.72265625 0.12734375 0.12890625