0 0.51015625 0.88046875 0.07421875 0.1140625
0 0.565625 0.1 0.07734375 0.1046875
0 0.58203125 0.87734375 0.07421875 0.1140625
0 0.0953125 0.49921875 0.07421875 0.08984375
0 0.6390625 0.49609375 0.07421875 0.09296875
0 0.64140625 0.68984375 0.07421875 0.09453125
0 0.6546875 0.88203125 0.07421875 0.1140625
0 0.103125 0.859375 0.07421875 0.09453125
0 0.709375 0.08984375 0.07734375 0.1046875
0 0.71328125 0.49453125 0.07421875 0.09296875
0 0.71328125 0.69296875 0.07421875 0.09453125
0 0.721875 0.2828125 0.06796875 0.1046875
0 0.7265625 0.890625 0.07421875 0.1140625
0 0.103125 0.67734375 0.06640625 0.09296875
0 0.10546875 0.11953125 0.06640625 0.08515625
0 0.10703125 0.31015625 0.06640625 0.08828125
0 0.78671875 0.49453125 0.07421875 0.09296875
0 0.7890625 0.69453125 0.07421875 0.09453125
0 0.79609375 0.8921875 0.07421875 0.1140625
0 0.79921875 0.28125 0.06796875 0.1046875
0 0.16015625 0.49609375 0.07421875 0.08984375
0 0.165625 0.67734375 0.06640625 0.09296875
0 0.16953125 0.8578125 0.07421875 0.1140625
0 0.04609375 0.30390625 0.06640625 0.08828125
0 0.23046875 0.115625 0.06640625 0.08515625
0 0.2375 0.8671875 0.07421875 0.1
0 0.2984375 0.1015625 0.07734375 0.1046875
0 0.30234375 0.8609375 0.07421875 0.1140625
0 0.30234375 0.30859375 0.06640625 0.08828125
0 0.3625 0.09765625 0.07734375 0.1046875
0 0.3703125 0.31015625 0.06640625 0.08828125
0 0.3796875 0.87578125 0.07421875 0.1140625
0 0.42734375 0.09609375 0.07734375 0.1046875
0 0.43828125 0.87734375 0.07421875 0.1140625
0 0.4421875 0.30078125 0.06640625 0.08828125
0 0.50078125 0.09296875 0.07734375 0.1046875
0 0.5046875 0.30078125 0.06640625 0.08828125
3 0.5671875 0.49765625 0.07421875 0.09296875
3 0.57109375 0.6890625 0.06640625 0.09296875
3 0.2265625 0.49765625 0.07421875 0.08984375
3 0.23046875 0.67578125 0.06640625 0.09296875
3 0.29296875 0.68203125 0.06640625 0.09296875
3 0.3515625 0.49765625 0.07421875 0.08984375
3 0.3625 0.68359375 0.06640625 0.09296875
3 0.43125 0.68671875 0.06640625 0.09296875
3 0.496875 0.49609375 0.07421875 0.09296875
3 0.4953125 0.68359375 0.06640625 0.09296875
6 0.17890625 0.3140625 0.06640625 0.08828125
6 0.23984375 0.30703125 0.06640625 0.08828125
9 0.57890625 0.30078125 0.06640625 0.08828125
9 0.65234375 0.290625 0.06640625 0.08828125