0 0.35078125 0.76171875 0.0765625 0.1453125
0 0.41171875 0.771875 0.065625 0.118994140625
0 0.0765625 0.76796875 0.0685546875 0.12060546875
0 0.47265625 0.771875 0.0701171875 0.12177734375
0 0.56953125 0.51796875 0.06875 0.120556640625
0 0.571875 0.2578125 0.07783203125 0.125146484375
0 0.63203125 0.25625 0.0765625 0.12529296875
0 0.6390625 0.51640625 0.07470703125 0.123681640625
0 0.690625 0.26015625 0.07509765625 0.123486328125
0 0.7015625 0.51796875 0.07158203125 0.123291015625
0 0.759375 0.2546875 0.07802734375 0.125341796875
0 0.76796875 0.51328125 0.0798828125 0.12666015625
0 0.77421875 0.76484375 0.075 0.1388671875
0 0.821875 0.253125 0.07470703125 0.124951171875
0 0.83359375 0.50625 0.0732421875 0.124951171875
0 0.8421875 0.76640625 0.0751953125 0.1388671875
0 0.1375 0.51171875 0.08115234375 0.126416015625
0 0.21171875 0.76953125 0.0673828125 0.120361328125
0 0.21640625 0.51171875 0.0705078125 0.12314453125
0 0.05859375 0.51171875 0.0767578125 0.126220703125
0 0.29140625 0.7578125 0.071875 0.14375
3 0.34765625 0.253125 0.0732421875 0.12490234375
3 0.06796875 0.246875 0.071875 0.124755859375
3 0.4078125 0.253125 0.08095703125 0.128076171875
3 0.13046875 0.25625 0.0703125 0.12216796875
3 0.2796875 0.253125 0.066015625 0.12177734375
6 0.14296875 0.76953125 0.0796875 0.12646484375
9 0.5328125 0.7734375 0.07158203125 0.121728515625
9 0.5921875 0.7734375 0.07158203125 0.121728515625
9 0.6484375 0.775 0.07177734375 0.121923828125
9 0.71328125 0.77734375 0.0732421875 0.123583984375