0 0.065625 0.5765625 0.06953125 0.146875
0 0.4046875 0.87890625 0.07109375 0.15703125
0 0.403125 0.26953125 0.0640625 0.15703125
0 0.41015625 0.578125 0.07265625 0.146875
0 0.4765625 0.88046875 0.07109375 0.15703125
0 0.47265625 0.26640625 0.0640625 0.15703125
0 0.48125 0.58203125 0.07265625 0.146875
0 0.075 0.275 0.04921875 0.1484375
0 0.54375 0.87734375 0.07109375 0.15703125
0 0.5484375 0.58359375 0.07265625 0.146875
0 0.6171875 0.86328125 0.07734375 0.16484375
0 0.62109375 0.58203125 0.07265625 0.146875
0 0.61796875 0.278125 0.0640625 0.15703125
0 0.6890625 0.87578125 0.07734375 0.15703125
0 0.690625 0.58203125 0.07265625 0.146875
0 0.76171875 0.88046875 0.07734375 0.15703125
0 0.7625 0.58203125 0.07265625 0.146875
0 0.7609375 0.28125 0.0640625 0.15703125
0 0.83203125 0.88046875 0.06875 0.15
0 0.83515625 0.578125 0.07265625 0.146875
0 0.9 0.27734375 0.07265625 0.15546875
0 0.9046875 0.578125 0.07265625 0.146875
0 0.9046875 0.87421875 0.06875 0.15
0 0.96640625 0.28046875 0.0625 0.15546875
0 0.96875 0.87734375 0.0578125 0.15
0 0.96953125 0.5765625 0.05625 0.146875
0 0.13203125 0.5796875 0.06953125 0.146875
0 0.1359375 0.2703125 0.05390625 0.15234375
0 0.2015625 0.5765625 0.06953125 0.146875
0 0.20078125 0.2734375 0.05390625 0.15234375
0 0.2640625 0.87578125 0.0671875 0.15
0 0.26328125 0.26953125 0.0640625 0.15703125
0 0.2703125 0.5796875 0.06953125 0.146875
0 0.33671875 0.87265625 0.0671875 0.15
0 0.3359375 0.5734375 0.0609375 0.16328125
0 0.33671875 0.26640625 0.0640625 0.15703125
1 0.1265625 0.87265625 0.0671875 0.15
1 0.196875 0.87109375 0.0671875 0.15
1 0.05859375 0.87109375 0.0671875 0.15