0 0.76328125 0.5546875 0.132861328125 0.14365234375
0 0.7671875 0.334375 0.13740234375 0.14052734375
0 0.76953125 0.11171875 0.121875 0.13876953125
0 0.8859375 0.5609375 0.13447265625 0.1439453125
0 0.8984375 0.81484375 0.131591796875 0.1705078125
0 0.88515625 0.11875 0.11396484375 0.13759765625
0 0.259375 0.55078125 0.124951171875 0.1359375
0 0.25234375 0.79921875 0.126806640625 0.1392578125
0 0.39140625 0.5515625 0.135595703125 0.14404296875
0 0.3890625 0.8015625 0.131396484375 0.14091796875
0 0.42578125 0.1 0.1142578125 0.14091796875
0 0.40859375 0.321875 0.1361328125 0.149609375
0 0.515625 0.80078125 0.134326171875 0.1451171875
0 0.28671875 0.096875 0.12373046875 0.149609375
0 0.51875 0.55546875 0.134521484375 0.1453125
0 0.5421875 0.096875 0.121484375 0.14052734375
0 0.528125 0.325 0.1314453125 0.1439453125
0 0.14765625 0.5578125 0.133056640625 0.165966796875
0 0.63359375 0.8046875 0.135986328125 0.14658203125
0 0.6421875 0.5515625 0.134130859375 0.14345703125
0 0.6453125 0.3234375 0.140234375 0.1501953125
0 0.125 0.8015625 0.128076171875 0.13759765625
0 0.65078125 0.10390625 0.12333984375 0.1421875
5 0.8890625 0.34296875 0.12822265625 0.146875
5 0.27265625 0.3125 0.1359375 0.1470703125
5 0.15078125 0.3125 0.1419921875 0.153125
0 0.159375 0.09375 0.137255859375 0.162744140625