0 0.3578125 0.8984375 0.103125 0.18427734375
0 0.4453125 0.559375 0.11591796875 0.21875
0 0.44765625 0.196875 0.1076171875 0.212890625
0 0.45 0.8859375 0.112109375 0.1875
0 0.5375 0.87265625 0.09404296875 0.195556640625
0 0.54375 0.203125 0.10283203125 0.21259765625
0 0.546875 0.55234375 0.10966796875 0.20126953125
0 0.6265625 0.1921875 0.090673828125 0.21279296875
0 0.6390625 0.55703125 0.109716796875 0.201220703125
0 0.64140625 0.8765625 0.09375 0.209375
0 0.69765625 0.190625 0.076904296875 0.21240234375
0 0.72578125 0.55546875 0.114111328125 0.201806640625
0 0.72265625 0.878125 0.1125 0.21279296875
0 0.76875 0.196875 0.08466796875 0.2154296875
0 0.79609375 0.8734375 0.115625 0.2158203125
0 0.80859375 0.55234375 0.1109375 0.201806640625
0 0.12890625 0.17578125 0.1046875 0.2125
0 0.83984375 0.2015625 0.08935546875 0.215234375
0 0.884375 0.8671875 0.090966796875 0.20966796875
0 0.89375 0.55078125 0.10966796875 0.201806640625
0 0.92265625 0.203125 0.078125 0.21240234375
0 0.14375 0.5578125 0.103466796875 0.21240234375
0 0.15234375 0.8859375 0.1169921875 0.209130859375
0 0.23828125 0.17890625 0.1171875 0.2171875
0 0.24921875 0.5609375 0.107666015625 0.21259765625
0 0.2671875 0.8921875 0.1123046875 0.206396484375
0 0.34609375 0.18671875 0.115625 0.2169921875
0 0.35 0.5609375 0.115576171875 0.21572265625