0 0.3578125 0.8984375 0.103125 0.1828125
0 0.4453125 0.559375 0.09921875 0.2109375
0 0.44765625 0.196875 0.1015625 0.2109375
0 0.45 0.8859375 0.103125 0.1828125
0 0.5375 0.87265625 0.0921875 0.19609375
0 0.54375 0.203125 0.1015625 0.2109375
0 0.546875 0.55234375 0.09921875 0.19609375
0 0.6265625 0.1921875 0.07578125 0.2109375
0 0.6390625 0.55703125 0.09921875 0.19609375
0 0.64140625 0.8765625 0.0921875 0.2078125
0 0.69765625 0.190625 0.07578125 0.2109375
0 0.72578125 0.55546875 0.09921875 0.19609375
0 0.72265625 0.878125 0.0921875 0.2078125
0 0.76875 0.196875 0.07578125 0.2109375
0 0.79609375 0.8734375 0.0921875 0.2078125
0 0.80859375 0.55234375 0.0921875 0.19609375
0 0.12890625 0.17578125 0.1015625 0.2109375
0 0.83984375 0.2015625 0.07578125 0.2109375
0 0.884375 0.8671875 0.08671875 0.2078125
0 0.89375 0.55078125 0.0921875 0.19609375
0 0.92265625 0.203125 0.078125 0.2109375
0 0.14375 0.5578125 0.09921875 0.2109375
0 0.15234375 0.8859375 0.103125 0.20234375
0 0.23828125 0.17890625 0.1015625 0.2109375
0 0.24921875 0.5609375 0.09921875 0.2109375
0 0.2671875 0.8921875 0.103125 0.20234375
0 0.34609375 0.18671875 0.1015625 0.2109375
0 0.35 0.5609375 0.09921875 0.2109375