0 0.88203125 0.27421875 0.1296875 0.1046875
0 0.89921875 0.640625 0.1265625 0.1234375
0 0.90703125 0.8296875 0.13046875 0.1140625
0 0.878125 0.11171875 0.1234375 0.12890625
0 0.103125 0.08359375 0.14765625 0.1
0 0.24375 0.07890625 0.14765625 0.10625
0 0.2375 0.63515625 0.13125 0.11015625
0 0.2453125 0.8328125 0.13125 0.115625
0 0.38125 0.09140625 0.13828125 0.10625
0 0.37578125 0.8328125 0.13359375 0.1140625
0 0.36953125 0.446875 0.1296875 0.1046875
0 0.375 0.63359375 0.1359375 0.1109375
0 0.375 0.2640625 0.1234375 0.1046875
0 0.10546875 0.2640625 0.13046875 0.125
0 0.509375 0.0921875 0.13828125 0.10625
0 0.503125 0.26171875 0.1234375 0.1046875
0 0.50234375 0.4453125 0.1296875 0.1046875
0 0.5078125 0.83203125 0.13984375 0.1140625
0 0.5078125 0.634375 0.13359375 0.10703125
0 0.10390625 0.6359375 0.1265625 0.11796875
0 0.64140625 0.83203125 0.134375 0.11171875
0 0.6359375 0.26484375 0.1234375 0.1046875
0 0.6265625 0.09453125 0.13828125 0.10625
0 0.6359375 0.43984375 0.1296875 0.1046875
0 0.625 0.6328125 0.125 0.1078125
0 0.1046875 0.84140625 0.1265625 0.12890625
0 0.75859375 0.4453125 0.1296875 0.1046875
0 0.765625 0.096875 0.13828125 0.10625
0 0.76015625 0.2671875 0.1296875 0.1046875
0 0.77734375 0.83046875 0.13359375 0.109375
5 0.884375 0.4453125 0.1203125 0.11796875
5 0.24140625 0.44765625 0.1296875 0.1046875
5 0.11875 0.453125 0.1234375 0.1234375
0 0.2390625 0.2625 0.1484375 0.12109375