0 0.3421875 0.64609375 0.05546875 0.1390625
0 0.371875 0.88203125 0.05546875 0.1375
0 0.39765625 0.17890625 0.07265625 0.153125
0 0.40234375 0.65 0.05546875 0.1390625
0 0.43046875 0.86953125 0.05546875 0.1484375
0 0.4859375 0.86796875 0.05546875 0.1484375
0 0.50703125 0.1828125 0.0609375 0.13203125
0 0.50703125 0.41953125 0.0609375 0.13046875
0 0.5078125 0.64140625 0.05546875 0.1390625
0 0.54453125 0.865625 0.05546875 0.1484375
0 0.56640625 0.184375 0.0609375 0.13203125
0 0.5640625 0.6390625 0.05546875 0.1390625
0 0.5984375 0.86484375 0.05546875 0.1390625
0 0.66328125 0.18046875 0.0609375 0.13203125
0 0.66484375 0.8671875 0.05546875 0.1390625
0 0.671875 0.63046875 0.05546875 0.1390625
0 0.7234375 0.63046875 0.05546875 0.1390625
0 0.77109375 0.18046875 0.0609375 0.121875
0 0.77109375 0.63046875 0.05546875 0.11796875
0 0.77734375 0.409375 0.0609375 0.13046875
0 0.828125 0.17734375 0.0609375 0.121875
0 0.82890625 0.62890625 0.05546875 0.11796875
0 0.8734375 0.840625 0.05546875 0.1390625
0 0.8796875 0.40390625 0.0609375 0.13046875
0 0.88203125 0.18046875 0.0609375 0.121875
0 0.890625 0.625 0.05546875 0.11796875
0 0.15234375 0.1734375 0.07265625 0.153125
0 0.1578125 0.66484375 0.0609375 0.13046875
0 0.15859375 0.41640625 0.0625 0.1484375
0 0.17734375 0.89453125 0.05546875 0.14453125
0 0.221875 0.659375 0.0609375 0.13046875
0 0.24609375 0.890625 0.05546875 0.1375
0 0.28515625 0.6484375 0.05546875 0.1390625
0 0.30859375 0.890625 0.05546875 0.1375
5 0.340625 0.4234375 0.0609375 0.13046875
5 0.396875 0.41953125 0.0609375 0.13046875
5 0.6640625 0.41484375 0.0609375 0.13046875
5 0.72578125 0.4125 0.0609375 0.13046875
5 0.21796875 0.4234375 0.0609375 0.13046875
5 0.28203125 0.425 0.0609375 0.13046875
2 0.809375 0.84375 0.05546875 0.1390625