0 0.4 0.7796875 0.0671875 0.12421875
0 0.46484375 0.77578125 0.0671875 0.12421875
0 0.553125 0.77578125 0.0671875 0.12421875
0 0.56328125 0.50625 0.06953125 0.12421875
0 0.61796875 0.76953125 0.0671875 0.12421875
0 0.6265625 0.50625 0.06953125 0.12421875
0 0.684375 0.50625 0.06953125 0.12421875
0 0.1015625 0.77734375 0.0734375 0.1359375
0 0.68828125 0.77265625 0.0671875 0.12421875
0 0.74453125 0.5078125 0.06953125 0.12421875
0 0.765625 0.77109375 0.0671875 0.12421875
0 0.80859375 0.5078125 0.06953125 0.12421875
0 0.81953125 0.24765625 0.0578125 0.11953125
0 0.83359375 0.76796875 0.0640625 0.12421875
0 0.87734375 0.5078125 0.05859375 0.12421875
0 0.87890625 0.24609375 0.0578125 0.11953125
0 0.89375 0.77421875 0.0640625 0.12421875
0 0.17265625 0.77734375 0.0734375 0.1359375
0 0.24140625 0.78203125 0.0734375 0.1359375
0 0.3328125 0.7796875 0.0671875 0.12421875
3 0.3421875 0.21796875 0.0671875 0.11953125
3 0.3828125 0.5015625 0.06953125 0.12421875
3 0.40859375 0.225 0.0671875 0.11953125
3 0.45625 0.5046875 0.06953125 0.12421875
3 0.46640625 0.23125 0.0671875 0.11953125
3 0.553125 0.240625 0.0671875 0.11953125
3 0.6171875 0.2390625 0.0671875 0.11953125
3 0.68203125 0.24296875 0.0671875 0.11953125
3 0.759375 0.24296875 0.0578125 0.11953125
3 0.11796875 0.49375 0.06953125 0.12421875
3 0.11640625 0.2125 0.06640625 0.1078125
3 0.1765625 0.221875 0.06640625 0.1078125
3 0.1890625 0.5015625 0.06953125 0.12421875
3 0.24375 0.22421875 0.06640625 0.1078125
3 0.2515625 0.5046875 0.06953125 0.12421875
3 0.31640625 0.5 0.06953125 0.12421875