0 0.06953125 0.8015625 0.06875 0.140380859375
0 0.07890625 0.2125 0.0703125 0.140576171875
0 0.57890625 0.803125 0.0638671875 0.137451171875
0 0.57890625 0.5125 0.0673828125 0.140380859375
0 0.6375 0.5109375 0.069140625 0.140576171875
0 0.64296875 0.803125 0.078125 0.143505859375
0 0.703125 0.5109375 0.0626953125 0.13740234375
0 0.71640625 0.2109375 0.0732421875 0.140771484375
0 0.71875 0.803125 0.078125 0.14345703125
0 0.76875 0.509375 0.0654296875 0.137646484375
0 0.78125 0.8015625 0.0751953125 0.140966796875
0 0.78125 0.20703125 0.0626953125 0.135986328125
0 0.83125 0.50546875 0.0658203125 0.138720703125
0 0.84609375 0.79609375 0.0767578125 0.142041015625
0 0.85 0.20703125 0.0685546875 0.13896484375
0 0.140625 0.21484375 0.0716796875 0.139111328125
0 0.14609375 0.803125 0.075 0.14091796875
0 0.20546875 0.21484375 0.0673828125 0.13896484375
0 0.22734375 0.80546875 0.06875 0.138916015625
3 0.35625 0.51484375 0.075390625 0.14189453125
3 0.3625 0.21875 0.078125 0.143505859375
3 0.4171875 0.51640625 0.0720703125 0.139306640625
3 0.421875 0.21484375 0.0685546875 0.13896484375
3 0.50703125 0.21875 0.0734375 0.140771484375
3 0.08125 0.5109375 0.074609375 0.140771484375
3 0.57421875 0.21640625 0.0638671875 0.135986328125
3 0.64296875 0.21484375 0.06875 0.138916015625
3 0.14375 0.51484375 0.0658203125 0.13876953125
3 0.2921875 0.51484375 0.072265625 0.139306640625
3 0.29453125 0.21640625 0.065625 0.13623046875