0 0.72890625 0.9203125 0.14853515625 0.13779296875
0 0.7390625 0.075 0.153076171875 0.140380859375
0 0.740625 0.2921875 0.1220703125 0.11572265625
0 0.8625 0.51875 0.134033203125 0.127783203125
0 0.86640625 0.91171875 0.14189453125 0.12958984375
0 0.8625 0.29609375 0.124609375 0.115625
0 0.86484375 0.08203125 0.119970703125 0.126806640625
0 0.359375 0.06484375 0.146875 0.1296875
0 0.3609375 0.50078125 0.13154296875 0.1392578125
0 0.35859375 0.928125 0.12998046875 0.13134765625
0 0.3625 0.2828125 0.137890625 0.13115234375
0 0.371875 0.71328125 0.131494140625 0.1361328125
0 0.478125 0.92734375 0.134521484375 0.1423828125
0 0.48671875 0.0671875 0.1515625 0.134375
0 0.49375 0.71484375 0.146533203125 0.1486328125
0 0.49140625 0.284375 0.1234375 0.11533203125
0 0.5015625 0.5125 0.143994140625 0.140478515625
0 0.59765625 0.9296875 0.129345703125 0.128466796875
0 0.61953125 0.071875 0.151806640625 0.140576171875
0 0.6234375 0.2875 0.125 0.11591796875
1 0.7453125 0.515625 0.137158203125 0.131103515625
1 0.6234375 0.515625 0.137353515625 0.131298828125
5 0.73828125 0.72265625 0.132470703125 0.133154296875
5 0.86015625 0.71640625 0.12939453125 0.12998046875
5 0.615625 0.72265625 0.128466796875 0.130029296875