0 0.3421875 0.8546875 0.07197265625 0.1529296875
0 0.346875 0.1109375 0.06875 0.131201171875
0 0.34921875 0.609375 0.07978515625 0.155859375
0 0.3578125 0.3546875 0.08720703125 0.1498046875
0 0.07265625 0.3546875 0.07685546875 0.146875
0 0.0734375 0.1125 0.0814453125 0.13720703125
0 0.07578125 0.60078125 0.076904296875 0.170361328125
0 0.47265625 0.853125 0.073388671875 0.1529296875
0 0.478125 0.359375 0.07783203125 0.1466796875
0 0.4765625 0.10234375 0.0814453125 0.1482421875
0 0.07734375 0.8515625 0.079833984375 0.153515625
0 0.534375 0.8546875 0.07841796875 0.153515625
0 0.540625 0.3625 0.07197265625 0.14375
0 0.54921875 0.10234375 0.06875 0.1421875
0 0.67265625 0.3609375 0.082861328125 0.147265625
0 0.67265625 0.859375 0.073583984375 0.1529296875
0 0.67734375 0.11171875 0.0763671875 0.1453125
0 0.73046875 0.359375 0.085791015625 0.1498046875
0 0.73515625 0.8609375 0.070263671875 0.152734375
0 0.7390625 0.10859375 0.07470703125 0.1455078125
0 0.8 0.3546875 0.081201171875 0.1470703125
0 0.7984375 0.11875 0.07470703125 0.1404296875
0 0.79921875 0.8578125 0.076318359375 0.153125
0 0.8578125 0.3546875 0.071826171875 0.14375
0 0.86015625 0.85625 0.076318359375 0.153125
0 0.8671875 0.11875 0.068701171875 0.13779296875
0 0.92890625 0.85 0.076513671875 0.1533203125
0 0.93359375 0.35 0.085791015625 0.1498046875
0 0.9328125 0.6078125 0.071923828125 0.1529296875
0 0.93828125 0.11015625 0.06728515625 0.1375
0 0.14375 0.853125 0.081298828125 0.155859375
0 0.14609375 0.35625 0.070361328125 0.14375
0 0.1484375 0.1140625 0.0689453125 0.131201171875
0 0.1484375 0.60078125 0.078173828125 0.170556640625
0 0.21171875 0.85 0.076318359375 0.153125
0 0.215625 0.1125 0.0841796875 0.137451171875
0 0.21953125 0.3578125 0.082861328125 0.147265625
0 0.21796875 0.60078125 0.073193359375 0.169970703125
0 0.278125 0.8515625 0.084228515625 0.1560546875
0 0.28046875 0.1140625 0.0703125 0.13134765625
0 0.2828125 0.3546875 0.081201171875 0.1470703125
0 0.28515625 0.6140625 0.076318359375 0.153125
1 0.4765625 0.60625 0.065869140625 0.15
1 0.54921875 0.6046875 0.076904296875 0.1533203125
1 0.6703125 0.60625 0.068798828125 0.150390625
1 0.73515625 0.60625 0.07685546875 0.1533203125
1 0.79765625 0.6078125 0.08271484375 0.1560546875
1 0.86796875 0.6078125 0.076904296875 0.1533203125