0 0.440625 0.87109375 0.081298828125 0.126220703125
0 0.440625 0.18671875 0.081298828125 0.1017578125
0 0.50703125 0.87109375 0.086083984375 0.126806640625
0 0.51484375 0.18671875 0.086083984375 0.1048828125
0 0.0875 0.428125 0.077783203125 0.10634765625
0 0.04453125 0.2046875 0.080029296875 0.1001953125
0 0.57578125 0.8671875 0.082763671875 0.134033203125
0 0.63515625 0.65 0.082568359375 0.10947265625
0 0.096875 0.63203125 0.075244140625 0.1046875
0 0.63828125 0.421875 0.079443359375 0.10654296875
0 0.65 0.8703125 0.090673828125 0.137548828125
0 0.10390625 0.203125 0.080029296875 0.1001953125
0 0.715625 0.4203125 0.080908203125 0.10634765625
0 0.7171875 0.65390625 0.084423828125 0.1109375
0 0.725 0.88046875 0.09091796875 0.12685546875
0 0.725 0.16328125 0.084033203125 0.129736328125
0 0.10703125 0.84609375 0.085888671875 0.1109375
0 0.78984375 0.41484375 0.086083984375 0.1111328125
0 0.79453125 0.65546875 0.079443359375 0.10625
0 0.79921875 0.890625 0.082763671875 0.122216796875
0 0.80078125 0.16328125 0.083154296875 0.129736328125
0 0.1546875 0.425 0.087353515625 0.11279296875
0 0.16328125 0.6359375 0.08564453125 0.1095703125
0 0.16640625 0.8421875 0.085888671875 0.127978515625
0 0.23671875 0.85859375 0.0763671875 0.123388671875
0 0.3015625 0.2 0.080908203125 0.1001953125
0 0.3015625 0.85703125 0.084375 0.1453125
0 0.371875 0.86953125 0.08759765625 0.12958984375
0 0.371875 0.190625 0.08095703125 0.1001953125
3 0.4984375 0.6453125 0.08154296875 0.1091796875
3 0.50078125 0.421875 0.085888671875 0.11240234375
3 0.56640625 0.6484375 0.07958984375 0.10625
3 0.57265625 0.4203125 0.08583984375 0.1095703125
3 0.22421875 0.4234375 0.079638671875 0.10615234375
3 0.23203125 0.63203125 0.07939453125 0.10625
3 0.29296875 0.6390625 0.083154296875 0.10927734375
3 0.359375 0.4234375 0.081298828125 0.10908203125
3 0.3625 0.640625 0.077978515625 0.10654296875
3 0.425 0.64375 0.087158203125 0.11259765625
6 0.16796875 0.2015625 0.08623046875 0.1060546875
6 0.23359375 0.1984375 0.08251953125 0.102734375
9 0.58203125 0.1890625 0.085693359375 0.1033203125
9 0.659375 0.18515625 0.087744140625 0.1078125