0 0.71015625 0.125 0.14609375 0.16484375
0 0.70625 0.878125 0.13984375 0.1484375
0 0.84921875 0.125 0.14609375 0.16484375
0 0.8515625 0.415625 0.14609375 0.16484375
0 0.85234375 0.8796875 0.13984375 0.1484375
0 0.2734375 0.10703125 0.14609375 0.16484375
0 0.3 0.3859375 0.14609375 0.1796875
0 0.3296875 0.64296875 0.14609375 0.16484375
0 0.33671875 0.87578125 0.128125 0.15390625
0 0.42421875 0.1171875 0.14609375 0.16484375
0 0.446875 0.39375 0.14609375 0.1796875
0 0.4578125 0.64296875 0.14609375 0.16484375
0 0.4625 0.87734375 0.128125 0.15390625
0 0.56796875 0.1234375 0.14609375 0.16484375
0 0.58125 0.884375 0.128125 0.1375
1 0.7140625 0.4171875 0.14609375 0.16484375
1 0.5859375 0.396875 0.14609375 0.1796875
5 0.70859375 0.6578125 0.121875 0.1453125
5 0.8390625 0.6609375 0.121875 0.1453125
5 0.58046875 0.65625 0.121875 0.1453125