0 0.35078125 0.76171875 0.0640625 0.140625
0 0.41171875 0.771875 0.0640625 0.11953125
0 0.0765625 0.76796875 0.0671875 0.12109375
0 0.47265625 0.771875 0.0640625 0.11953125
0 0.56953125 0.51796875 0.0671875 0.12109375
0 0.571875 0.2578125 0.0671875 0.12109375
0 0.63203125 0.25625 0.0671875 0.12109375
0 0.6390625 0.51640625 0.0671875 0.12109375
0 0.690625 0.26015625 0.0671875 0.12109375
0 0.7015625 0.51796875 0.0671875 0.12109375
0 0.759375 0.2546875 0.0671875 0.12109375
0 0.76796875 0.51328125 0.0671875 0.12109375
0 0.77421875 0.76484375 0.0640625 0.134375
0 0.821875 0.253125 0.0671875 0.12109375
0 0.83359375 0.50625 0.0671875 0.12109375
0 0.8421875 0.76640625 0.0640625 0.134375
0 0.1375 0.51171875 0.0671875 0.12109375
0 0.21171875 0.76953125 0.0671875 0.12109375
0 0.21640625 0.51171875 0.0671875 0.12109375
0 0.05859375 0.51171875 0.0671875 0.12109375
0 0.29140625 0.7578125 0.0640625 0.140625
3 0.34765625 0.253125 0.0671875 0.12109375
3 0.06796875 0.246875 0.0671875 0.12109375
3 0.4078125 0.253125 0.0671875 0.12109375
3 0.13046875 0.25625 0.0671875 0.12109375
3 0.2796875 0.253125 0.0671875 0.12109375
6 0.14296875 0.76953125 0.0671875 0.12109375
9 0.5328125 0.7734375 0.0640625 0.11953125
9 0.5921875 0.7734375 0.0640625 0.11953125
9 0.6484375 0.775 0.0640625 0.11953125
9 0.71328125 0.77734375 0.0640625 0.11953125