0 0.34296875 0.88046875 0.0609375 0.13046875
0 0.34453125 0.36328125 0.0609375 0.13203125
0 0.346875 0.628125 0.06328125 0.13203125
0 0.4 0.08984375 0.0609375 0.15
0 0.40546875 0.884375 0.065625 0.13046875
0 0.40546875 0.6265625 0.06328125 0.13203125
0 0.4015625 0.35859375 0.05625 0.1421875
0 0.034375 0.10546875 0.0609375 0.12890625
0 0.46484375 0.625 0.06328125 0.13203125
0 0.46484375 0.08828125 0.0609375 0.15
0 0.46875 0.8765625 0.065625 0.1421875
0 0.46953125 0.3671875 0.05859375 0.13203125
0 0.528125 0.08671875 0.0609375 0.15
0 0.53203125 0.6265625 0.06328125 0.13203125
0 0.5328125 0.875 0.06484375 0.1421875
0 0.53359375 0.3625 0.06171875 0.12734375
0 0.59140625 0.6265625 0.06328125 0.13203125
0 0.596875 0.87265625 0.06484375 0.15
0 0.596875 0.365625 0.06171875 0.12734375
0 0.65390625 0.6140625 0.06328125 0.14375
0 0.0921875 0.10703125 0.0609375 0.12890625
0 0.65703125 0.09375 0.0609375 0.13203125
0 0.66015625 0.87578125 0.06171875 0.15
0 0.66171875 0.3625 0.06171875 0.12734375
0 0.7203125 0.6234375 0.06328125 0.1359375
0 0.71953125 0.88203125 0.0609375 0.1375
0 0.72109375 0.3625 0.06171875 0.12734375
0 0.1 0.3703125 0.0609375 0.13203125
0 0.784375 0.6234375 0.06328125 0.1359375
0 0.784375 0.87890625 0.0609375 0.12734375
0 0.784375 0.0953125 0.0609375 0.13203125
0 0.78671875 0.3609375 0.06171875 0.12734375
0 0.84453125 0.621875 0.06328125 0.1359375
0 0.84375 0.87890625 0.0609375 0.12734375
0 0.85078125 0.3609375 0.06171875 0.12734375
0 0.903125 0.87890625 0.0609375 0.12734375
0 0.909375 0.6171875 0.06328125 0.1359375
0 0.91015625 0.359375 0.06171875 0.12734375
0 0.909375 0.0953125 0.0609375 0.13203125
0 0.96640625 0.87578125 0.0609375 0.12734375
0 0.96640625 0.09375 0.0609375 0.13203125
0 0.96796875 0.61484375 0.0609375 0.1359375
0 0.96875 0.35625 0.05625 0.12734375
0 0.04140625 0.36875 0.0609375 0.13203125
0 0.1609375 0.371875 0.0609375 0.13203125
0 0.16171875 0.09765625 0.05625 0.134375
0 0.21875 0.371875 0.0609375 0.13203125
0 0.04921875 0.8609375 0.0609375 0.146875
0 0.2203125 0.09609375 0.05625 0.14375
0 0.27734375 0.09609375 0.05625 0.14375
0 0.2796875 0.36875 0.0609375 0.13203125
0 0.3359375 0.08984375 0.05625 0.14375
1 0.103125 0.625 0.059375 0.13203125
1 0.159375 0.6234375 0.06328125 0.13203125
1 0.04375 0.621875 0.059375 0.13203125
1 0.22265625 0.6234375 0.06328125 0.13203125
1 0.28359375 0.625 0.06328125 0.13203125
5 0.10859375 0.87265625 0.0609375 0.12421875
5 0.16484375 0.87734375 0.0609375 0.13046875
5 0.22421875 0.87890625 0.0609375 0.13046875
5 0.2859375 0.87890625 0.0609375 0.13046875