0 0.43125 0.8984375 0.087890625 0.17783203125
0 0.440625 0.64140625 0.094091796875 0.157666015625
0 0.43984375 0.3875 0.086181640625 0.146875
0 0.453125 0.13203125 0.09677734375 0.16396484375
0 0.515625 0.64296875 0.10029296875 0.16083984375
0 0.50625 0.3859375 0.0716796875 0.156298828125
0 0.5203125 0.8953125 0.096484375 0.1783203125
0 0.51953125 0.13515625 0.075 0.1455078125
0 0.56015625 0.3859375 0.0642578125 0.153369140625
0 0.57578125 0.14296875 0.075 0.1455078125
0 0.58203125 0.8890625 0.0830078125 0.17509765625
0 0.5875 0.64609375 0.09091796875 0.1484375
0 0.61953125 0.3875 0.0796875 0.15908203125
0 0.6296875 0.14296875 0.0748046875 0.1455078125
0 0.65 0.8875 0.0751953125 0.1748046875
0 0.65859375 0.64140625 0.082568359375 0.1423828125
0 0.67265625 0.390625 0.0703125 0.15615234375
0 0.6859375 0.15078125 0.066015625 0.14375
0 0.7203125 0.64140625 0.081103515625 0.1423828125
0 0.72109375 0.87734375 0.0955078125 0.1796875
0 0.7375 0.390625 0.0626953125 0.153173828125
0 0.740625 0.14921875 0.0625 0.1421875
0 0.115625 0.90234375 0.099658203125 0.170654296875
0 0.11875 0.64453125 0.106591796875 0.163916015625
0 0.1203125 0.1015625 0.08759765625 0.15947265625
0 0.1171875 0.37734375 0.09345703125 0.160888671875
0 0.203125 0.64921875 0.096826171875 0.157861328125
0 0.2 0.384375 0.093505859375 0.1498046875
0 0.203125 0.10625 0.09365234375 0.16220703125
0 0.2078125 0.90234375 0.103369140625 0.173583984375
0 0.28203125 0.64765625 0.104541015625 0.161181640625
0 0.28671875 0.90234375 0.09375 0.1546875
0 0.2859375 0.384375 0.087646484375 0.146875
0 0.2890625 0.1125 0.099658203125 0.162744140625
0 0.35703125 0.64765625 0.10771484375 0.16396484375
0 0.36171875 0.90390625 0.1 0.1576171875
0 0.36171875 0.3859375 0.089306640625 0.147265625
0 0.3734375 0.11796875 0.096533203125 0.164013671875