0 0.359375 0.90703125 0.08408203125 0.161083984375
0 0.36796875 0.63046875 0.091943359375 0.164013671875
0 0.371875 0.36171875 0.090625 0.157861328125
0 0.3828125 0.1078125 0.08720703125 0.16533203125
0 0.43125 0.90390625 0.075390625 0.15791015625
0 0.4390625 0.63046875 0.087353515625 0.163818359375
0 0.44765625 0.36875 0.08125 0.156005859375
0 0.4578125 0.12421875 0.081494140625 0.164208984375
0 0.50546875 0.634375 0.082958984375 0.144140625
0 0.50703125 0.90390625 0.0892578125 0.16376953125
0 0.5203125 0.3734375 0.084765625 0.156591796875
0 0.525 0.134375 0.084619140625 0.165283203125
0 0.565625 0.62578125 0.074755859375 0.161083984375
0 0.58359375 0.90390625 0.0830078125 0.161083984375
0 0.5796875 0.3765625 0.068408203125 0.15009765625
0 0.59609375 0.13125 0.080029296875 0.14716796875
0 0.61796875 0.62734375 0.069970703125 0.160888671875
0 0.62890625 0.3765625 0.064013671875 0.14970703125
0 0.646875 0.90234375 0.07470703125 0.15791015625
0 0.665625 0.14296875 0.07529296875 0.1423828125
0 0.66875 0.62890625 0.059130859375 0.157958984375
0 0.67890625 0.3796875 0.064013671875 0.14970703125
0 0.709375 0.8984375 0.090576171875 0.162548828125
0 0.728125 0.14765625 0.077978515625 0.136279296875
0 0.7234375 0.63203125 0.071826171875 0.161083984375
0 0.72578125 0.38515625 0.067529296875 0.1486328125
0 0.77734375 0.9 0.086181640625 0.162353515625
0 0.78046875 0.38515625 0.063818359375 0.1482421875
0 0.78359375 0.63046875 0.058056640625 0.157958984375
0 0.20859375 0.90859375 0.0767578125 0.15810546875
0 0.2140625 0.62734375 0.074853515625 0.157958984375
0 0.22109375 0.35390625 0.0875 0.157470703125
0 0.24296875 0.09765625 0.08291015625 0.16416015625
0 0.28671875 0.90546875 0.0875 0.163818359375
0 0.2875 0.63046875 0.072119140625 0.157763671875
0 0.296875 0.35859375 0.0876953125 0.157666015625
0 0.31328125 0.103125 0.080029296875 0.162548828125