0 0.346875 0.734375 0.05625 0.115625
0 0.34921875 0.58203125 0.05625 0.1078125
0 0.3515625 0.26171875 0.05390625 0.12109375
0 0.40078125 0.57265625 0.05625 0.115625
0 0.40546875 0.7375 0.05625 0.12578125
0 0.4046875 0.26171875 0.05390625 0.12109375
0 0.40703125 0.4328125 0.05390625 0.1046875
0 0.45859375 0.57890625 0.05625 0.115625
0 0.45859375 0.26796875 0.05390625 0.12109375
0 0.4609375 0.7265625 0.05625 0.12890625
0 0.46015625 0.4234375 0.05 0.1140625
0 0.50546875 0.8875 0.05234375 0.1140625
0 0.50859375 0.275 0.05390625 0.103125
0 0.51640625 0.4296875 0.05 0.1140625
0 0.52109375 0.57890625 0.05625 0.115625
0 0.5609375 0.8875 0.05234375 0.1140625
0 0.5640625 0.421875 0.05 0.1140625
0 0.5671875 0.27734375 0.05390625 0.103125
0 0.6125 0.8984375 0.05234375 0.1140625
0 0.61796875 0.57421875 0.05625 0.115625
0 0.61796875 0.43046875 0.05 0.11953125
0 0.6234375 0.2703125 0.05390625 0.115625
0 0.66640625 0.89140625 0.05234375 0.12578125
0 0.66953125 0.43984375 0.05 0.09765625
0 0.671875 0.73984375 0.05234375 0.1109375
0 0.675 0.57421875 0.05625 0.115625
0 0.72265625 0.27734375 0.0578125 0.109375
0 0.7234375 0.896875 0.05234375 0.1140625
0 0.7234375 0.43046875 0.05234375 0.103125
0 0.725 0.7421875 0.05234375 0.1109375
0 0.7328125 0.57890625 0.05625 0.115625
0 0.2328125 0.734375 0.05625 0.115625
0 0.240625 0.26171875 0.06015625 0.1140625
0 0.2421875 0.41875 0.0578125 0.109375
0 0.240625 0.56796875 0.05234375 0.1359375
0 0.29140625 0.90390625 0.0578125 0.1109375
0 0.296875 0.5796875 0.05625 0.1078125
0 0.2984375 0.2578125 0.06015625 0.1140625
0 0.30234375 0.4125 0.0578125 0.115625
1 0.290625 0.73125 0.05625 0.115625
5 0.50703125 0.73671875 0.05234375 0.1109375
5 0.559375 0.73828125 0.05234375 0.1109375
7 0.35078125 0.89375 0.04921875 0.12734375
7 0.39765625 0.90390625 0.05234375 0.1140625
7 0.45390625 0.896875 0.05234375 0.1140625
9 0.671875 0.28046875 0.0578125 0.103125
10 0.22734375 0.90390625 0.0578125 0.1109375
2 0.5640625 0.57890625 0.05625 0.115625