0 0.59453125 0.50546875 0.08125 0.21640625
0 0.609375 0.80546875 0.08359375 0.22734375
0 0.67578125 0.5203125 0.08125 0.21640625
0 0.68671875 0.7953125 0.08359375 0.22734375
0 0.74921875 0.49140625 0.08125 0.23046875
0 0.7609375 0.21640625 0.09296875 0.21328125
0 0.8265625 0.50546875 0.08125 0.209375
0 0.8359375 0.2203125 0.09296875 0.21328125
0 0.8390625 0.7734375 0.08359375 0.22734375
0 0.1359375 0.209375 0.09296875 0.2625
0 0.13828125 0.82890625 0.0890625 0.21640625
0 0.22109375 0.521875 0.09296875 0.21328125
0 0.29453125 0.1953125 0.09296875 0.2625
0 0.30625 0.8109375 0.0890625 0.21640625
0 0.37421875 0.1953125 0.09296875 0.2625
0 0.38515625 0.80390625 0.08359375 0.18828125
0 0.45546875 0.20546875 0.09296875 0.2625
0 0.52578125 0.78828125 0.08359375 0.22734375
0 0.5265625 0.50234375 0.08125 0.21640625
1 0.215625 0.209375 0.09296875 0.2625
4 0.2234375 0.81484375 0.0890625 0.21640625
5 0.6 0.21640625 0.09296875 0.21328125
5 0.52890625 0.21328125 0.09296875 0.21328125
7 0.30234375 0.509375 0.08125 0.23046875
7 0.37421875 0.5125 0.08125 0.21640625
7 0.45078125 0.80390625 0.08359375 0.18828125
7 0.453125 0.5125 0.08125 0.21640625
8 0.7578125 0.784375 0.08359375 0.22734375
10 0.13203125 0.521875 0.09296875 0.21328125