0 0.453125 0.209375 0.06484375 0.178125
0 0.45859375 0.825 0.06640625 0.1796875
0 0.4578125 0.52578125 0.06484375 0.18203125
0 0.52265625 0.21953125 0.06484375 0.178125
0 0.5265625 0.52578125 0.06484375 0.18203125
0 0.5296875 0.82109375 0.06640625 0.1796875
0 0.6578125 0.2234375 0.06484375 0.178125
0 0.659375 0.81953125 0.06640625 0.1796875
0 0.7203125 0.8234375 0.06640625 0.1796875
0 0.72265625 0.21953125 0.06484375 0.178125
0 0.78515625 0.80703125 0.06640625 0.1796875
0 0.79375 0.2171875 0.06484375 0.178125
0 0.1109375 0.51875 0.06484375 0.1953125
0 0.1125 0.20546875 0.06484375 0.19765625
0 0.85546875 0.809375 0.06640625 0.1796875
0 0.85703125 0.20546875 0.06484375 0.178125
0 0.85625 0.5265625 0.06015625 0.17578125
0 0.12109375 0.80703125 0.06640625 0.19921875
0 0.9203125 0.80546875 0.06640625 0.1796875
0 0.9171875 0.53046875 0.06015625 0.17578125
0 0.04140625 0.2078125 0.06484375 0.19765625
0 0.92578125 0.2078125 0.06484375 0.178125
0 0.04453125 0.525 0.06484375 0.1953125
0 0.178125 0.21328125 0.06484375 0.178125
0 0.18984375 0.81484375 0.06640625 0.1796875
0 0.246875 0.2171875 0.06484375 0.178125
0 0.05546875 0.809375 0.06640625 0.19921875
0 0.26015625 0.80546875 0.06640625 0.1796875
0 0.31796875 0.22109375 0.06484375 0.178125
0 0.32578125 0.81484375 0.06640625 0.1796875
5 0.6546875 0.53125 0.06015625 0.18203125
5 0.71875 0.52734375 0.06015625 0.18203125
5 0.78515625 0.5140625 0.06015625 0.18203125
5 0.178125 0.52578125 0.06484375 0.18203125
5 0.25078125 0.52578125 0.06484375 0.18203125
5 0.321875 0.52578125 0.06484375 0.18203125