0 0.3875 0.865625 0.06484375 0.12734375
0 0.39296875 0.42421875 0.0671875 0.115625
0 0.49609375 0.42421875 0.0671875 0.115625
0 0.49609375 0.8546875 0.06484375 0.12734375
0 0.49453125 0.20859375 0.0625 0.115625
0 0.49296875 0.646875 0.0578125 0.1140625
0 0.55234375 0.42578125 0.0671875 0.115625
0 0.553125 0.21171875 0.0625 0.115625
0 0.55546875 0.8546875 0.06484375 0.12734375
0 0.65 0.43046875 0.0671875 0.115625
0 0.66484375 0.84453125 0.06484375 0.12734375
0 0.71171875 0.840625 0.04296875 0.1359375
0 0.75546875 0.4265625 0.0578125 0.1078125
0 0.76640625 0.634375 0.0578125 0.1140625
0 0.76171875 0.840625 0.04765625 0.109375
0 0.81328125 0.4265625 0.0578125 0.1078125
0 0.81640625 0.225 0.0625 0.115625
0 0.81796875 0.83671875 0.05546875 0.1140625
0 0.86484375 0.62421875 0.0578125 0.1140625
0 0.86484375 0.4265625 0.0578125 0.1078125
0 0.87421875 0.83515625 0.05546875 0.1140625
0 0.1375 0.87734375 0.06484375 0.12734375
0 0.14375 0.64609375 0.0625 0.1484375
0 0.14609375 0.42265625 0.0671875 0.1390625
0 0.21015625 0.87421875 0.06484375 0.12734375
0 0.26640625 0.85859375 0.06484375 0.1390625
0 0.33046875 0.85859375 0.05546875 0.1359375
1 0.7078125 0.21953125 0.0625 0.115625
1 0.7640625 0.2265625 0.0625 0.115625
1 0.1375 0.1984375 0.075 0.1390625
1 0.203125 0.2046875 0.07109375 0.12578125
1 0.2671875 0.21015625 0.07109375 0.12578125
1 0.3265625 0.21171875 0.0625 0.115625
5 0.384375 0.64609375 0.06484375 0.12578125
5 0.6546875 0.634375 0.0578125 0.1140625
5 0.7125 0.634375 0.0578125 0.1140625
5 0.20625 0.65078125 0.06484375 0.12578125
5 0.26875 0.64765625 0.06484375 0.12578125
5 0.3265625 0.64921875 0.06484375 0.12578125