0 0.3828125 0.68125 0.06875 0.1404296875
0 0.38515625 0.89609375 0.06728515625 0.12646484375
0 0.3875 0.22890625 0.07822265625 0.1453125
0 0.4390625 0.89140625 0.056396484375 0.1453125
0 0.44453125 0.23203125 0.082568359375 0.1455078125
0 0.5 0.88046875 0.062890625 0.1423828125
0 0.50859375 0.4609375 0.079345703125 0.131396484375
0 0.50859375 0.23359375 0.079833984375 0.1453125
0 0.55546875 0.87578125 0.0705078125 0.1451171875
0 0.5625 0.459375 0.08720703125 0.13447265625
0 0.565625 0.2265625 0.06865234375 0.14384765625
0 0.61484375 0.4609375 0.079345703125 0.131396484375
0 0.61796875 0.2328125 0.0734375 0.14658203125
0 0.61796875 0.8859375 0.057958984375 0.131591796875
0 0.665625 0.88515625 0.062646484375 0.1080078125
0 0.67421875 0.459375 0.076806640625 0.131201171875
0 0.66640625 0.67421875 0.05791015625 0.12373046875
0 0.67734375 0.2375 0.057470703125 0.125244140625
0 0.7203125 0.87578125 0.06591796875 0.120556640625
0 0.73046875 0.4578125 0.073681640625 0.128466796875
0 0.7359375 0.24453125 0.056201171875 0.126513671875
0 0.77421875 0.86171875 0.079931640625 0.1419921875
0 0.7828125 0.4609375 0.0716796875 0.131201171875
0 0.78828125 0.24921875 0.069970703125 0.130029296875
0 0.828125 0.87109375 0.0689453125 0.126220703125
0 0.83125 0.66328125 0.062158203125 0.1423828125
0 0.84140625 0.24765625 0.057861328125 0.126708984375
0 0.88125 0.8640625 0.06865234375 0.12509765625
0 0.88203125 0.65703125 0.067138671875 0.1451171875
0 0.89296875 0.453125 0.0796875 0.15
0 0.9015625 0.23984375 0.065966796875 0.1375
0 0.12734375 0.19453125 0.086279296875 0.1763671875
0 0.128125 0.678125 0.075 0.156494140625
0 0.13203125 0.90703125 0.057763671875 0.1419921875
0 0.19609375 0.2109375 0.07001953125 0.1408203125
0 0.1953125 0.68828125 0.0720703125 0.1419921875
0 0.19453125 0.91796875 0.057958984375 0.1359375
0 0.25703125 0.221875 0.070263671875 0.143359375
0 0.25859375 0.91015625 0.06875 0.1375
0 0.2625 0.6859375 0.075 0.141015625
0 0.3234375 0.896875 0.06845703125 0.1435546875
0 0.32578125 0.22890625 0.082568359375 0.1455078125
7 0.440625 0.6640625 0.0689453125 0.14970703125
7 0.4984375 0.67578125 0.0626953125 0.129638671875
7 0.55703125 0.67265625 0.0673828125 0.132568359375
7 0.6171875 0.665625 0.065625 0.137890625
7 0.72421875 0.67421875 0.060888671875 0.126318359375
7 0.7734375 0.67421875 0.06572265625 0.12666015625
7 0.32421875 0.6828125 0.0703125 0.140625
8 0.38984375 0.45625 0.082861328125 0.134130859375
8 0.44453125 0.4609375 0.073095703125 0.128271484375
8 0.8421875 0.4546875 0.066015625 0.14716796875
8 0.1296875 0.4421875 0.084521484375 0.162841796875
8 0.19765625 0.4609375 0.073486328125 0.128466796875
8 0.26015625 0.459375 0.085595703125 0.134326171875
8 0.3234375 0.4578125 0.084326171875 0.134130859375