0 0.39921875 0.39140625 0.05859375 0.1359375
0 0.45703125 0.39453125 0.05625 0.12734375
0 0.08984375 0.3765625 0.06015625 0.140625
0 0.51640625 0.40078125 0.0578125 0.128125
0 0.59609375 0.72421875 0.05625 0.121875
0 0.5734375 0.403125 0.0546875 0.11796875
0 0.66484375 0.09765625 0.0546875 0.1328125
0 0.634375 0.4078125 0.05546875 0.11640625
0 0.7234375 0.10625 0.06015625 0.14140625
0 0.7765625 0.73046875 0.05859375 0.1203125
0 0.77890625 0.10703125 0.05546875 0.121875
0 0.83515625 0.73359375 0.05859375 0.12109375
0 0.83515625 0.1125 0.06015625 0.121875
0 0.16328125 0.71640625 0.0640625 0.14375
0 0.88984375 0.12109375 0.059375 0.13359375
0 0.86640625 0.41796875 0.0546875 0.109375
0 0.9484375 0.13046875 0.05625 0.1453125
0 0.925 0.4234375 0.0578125 0.12421875
0 0.12890625 0.06484375 0.05234375 0.12421875
0 0.15 0.371875 0.06015625 0.121875
0 0.2296875 0.71015625 0.059375 0.128125
0 0.2125 0.38125 0.06015625 0.121875
0 0.28984375 0.71015625 0.06171875 0.121875
0 0.09375 0.71328125 0.0640625 0.1515625
0 0.275 0.3796875 0.06015625 0.121875
0 0.353125 0.7140625 0.0578125 0.12109375
0 0.3375 0.3875 0.05859375 0.1296875
4 0.6921875 0.40703125 0.059375 0.1140625
4 0.74765625 0.409375 0.05234375 0.11953125
4 0.80703125 0.41171875 0.053125 0.1125
7 0.47421875 0.71796875 0.05859375 0.1234375
7 0.5359375 0.7234375 0.05859375 0.12421875
7 0.65546875 0.72734375 0.05390625 0.12578125
7 0.715625 0.72890625 0.05859375 0.1203125
7 0.8953125 0.7375 0.0609375 0.121875
7 0.96015625 0.75 0.0609375 0.14609375
7 0.41328125 0.71640625 0.05859375 0.11953125
8 0.43125 0.08515625 0.05546875 0.14453125
8 0.49296875 0.090625 0.05 0.134375
8 0.55234375 0.09296875 0.05234375 0.13359375
8 0.609375 0.09140625 0.053125 0.12890625
8 0.19375 0.0640625 0.05 0.11640625
8 0.253125 0.0671875 0.05 0.12421875
8 0.31484375 0.07265625 0.0515625 0.1296875
8 0.37265625 0.08203125 0.0515625 0.13984375