0 0.07265625 0.271875 0.10166015625 0.237109375
0 0.3875 0.25546875 0.103271484375 0.263720703125
0 0.390625 0.70078125 0.0873046875 0.226904296875
0 0.46484375 0.2484375 0.094970703125 0.262646484375
0 0.46953125 0.6984375 0.0951171875 0.228369140625
0 0.0875 0.67265625 0.096875 0.2484375
0 0.54375 0.2484375 0.087841796875 0.262255859375
0 0.546875 0.6984375 0.08125 0.225048828125
0 0.6203125 0.69375 0.0939453125 0.228369140625
0 0.61796875 0.26484375 0.09560546875 0.2390625
0 0.69453125 0.69375 0.1015625 0.231103515625
0 0.69765625 0.26484375 0.0919921875 0.2375
0 0.7734375 0.6859375 0.09697265625 0.222265625
0 0.77578125 0.26953125 0.0953125 0.2388671875
0 0.846875 0.68203125 0.087158203125 0.221875
0 0.8515625 0.2609375 0.096484375 0.2376953125
0 0.921875 0.675 0.08154296875 0.2216796875
0 0.9265625 0.2515625 0.0873046875 0.2154296875
0 0.1515625 0.26484375 0.078466796875 0.2296875
0 0.16640625 0.675 0.095458984375 0.240966796875
0 0.22734375 0.2671875 0.079345703125 0.22822265625
0 0.2375 0.68203125 0.090283203125 0.239111328125
0 0.3109375 0.2484375 0.094091796875 0.262646484375
0 0.31640625 0.703125 0.084375 0.22529296875