0 0.42734375 0.91640625 0.065625 0.134375
0 0.4265625 0.50703125 0.0578125 0.12265625
0 0.4328125 0.71328125 0.0703125 0.11953125
0 0.44453125 0.3140625 0.05625 0.12421875
0 0.465625 0.1140625 0.06875 0.12734375
0 0.0796875 0.7140625 0.0703125 0.12734375
0 0.47734375 0.5125 0.0578125 0.12265625
0 0.49375 0.91328125 0.065625 0.134375
0 0.4953125 0.7140625 0.0625 0.1140625
0 0.4921875 0.3171875 0.05625 0.12421875
0 0.5296875 0.5125 0.0578125 0.12265625
0 0.53515625 0.121875 0.06875 0.115625
0 0.540625 0.31875 0.05625 0.12421875
0 0.5484375 0.91171875 0.065625 0.134375
0 0.553125 0.7140625 0.0625 0.1140625
0 0.08515625 0.503125 0.0625 0.12109375
0 0.575 0.5140625 0.0578125 0.12265625
0 0.59765625 0.1296875 0.06875 0.115625
0 0.5890625 0.32421875 0.04921875 0.115625
0 0.61015625 0.90703125 0.065625 0.134375
0 0.09453125 0.278125 0.0734375 0.12421875
0 0.61875 0.715625 0.0625 0.1140625
0 0.63359375 0.5125 0.05546875 0.12265625
0 0.63984375 0.32421875 0.04921875 0.115625
0 0.11015625 0.0671875 0.0765625 0.12734375
0 0.1484375 0.9171875 0.0703125 0.1390625
0 0.153125 0.7140625 0.0703125 0.12734375
0 0.15703125 0.50625 0.0625 0.12109375
0 0.16328125 0.284375 0.075 0.12421875
0 0.18046875 0.078125 0.0765625 0.12734375
0 0.2203125 0.9296875 0.0703125 0.12421875
0 0.2265625 0.715625 0.0703125 0.12734375
0 0.234375 0.50625 0.0703125 0.12109375
0 0.23828125 0.29609375 0.075 0.12421875
0 0.25703125 0.08359375 0.0765625 0.12734375
0 0.2875 0.93125 0.0703125 0.12421875
0 0.290625 0.7171875 0.0703125 0.12734375
0 0.3015625 0.51015625 0.0703125 0.12109375
0 0.31484375 0.30078125 0.075 0.12421875
0 0.32890625 0.09609375 0.0765625 0.12734375
0 0.3515625 0.91484375 0.065625 0.134375
0 0.3640625 0.7140625 0.0703125 0.12734375
0 0.3671875 0.5140625 0.0703125 0.109375
0 0.07421875 0.915625 0.08125 0.1390625
0 0.38515625 0.30703125 0.075 0.12421875
0 0.39453125 0.103125 0.0765625 0.12734375