0 0.41640625 0.89140625 0.0578125 0.1125
0 0.4359375 0.36953125 0.06640625 0.1046875
0 0.4375 0.19375 0.06640625 0.1
0 0.44296875 0.54765625 0.0578125 0.1015625
0 0.44296875 0.71640625 0.0578125 0.103125
0 0.46875 0.88984375 0.0578125 0.1125
0 0.50078125 0.190625 0.06640625 0.1
0 0.50078125 0.36953125 0.06640625 0.1046875
0 0.4984375 0.71328125 0.0578125 0.103125
0 0.52265625 0.89296875 0.0578125 0.1125
0 0.578125 0.8828125 0.0578125 0.1125
0 0.58359375 0.3734375 0.0578125 0.09609375
0 0.59609375 0.71171875 0.0578125 0.103125
0 0.6390625 0.709375 0.0578125 0.1109375
0 0.6828125 0.371875 0.0578125 0.09609375
0 0.68515625 0.7125 0.05390625 0.09765625
0 0.68828125 0.54375 0.0578125 0.1015625
0 0.73671875 0.36328125 0.0578125 0.09609375
0 0.74140625 0.7125 0.05390625 0.09765625
0 0.74921875 0.196875 0.06640625 0.1
0 0.77578125 0.8703125 0.0578125 0.1125
0 0.7890625 0.3703125 0.0578125 0.09609375
0 0.7921875 0.5421875 0.0578125 0.1015625
0 0.79296875 0.709375 0.05390625 0.09765625
0 0.11875 0.54140625 0.0578125 0.11953125
0 0.12265625 0.359375 0.06640625 0.11796875
0 0.12109375 0.72734375 0.0578125 0.1015625
0 0.1328125 0.90078125 0.0578125 0.115625
0 0.1765625 0.72890625 0.0578125 0.1015625
0 0.19296875 0.90625 0.0578125 0.115625
0 0.234375 0.71640625 0.0578125 0.109375
0 0.259375 0.90078125 0.0578125 0.115625
0 0.29140625 0.715625 0.0578125 0.1140625
0 0.31484375 0.89765625 0.0578125 0.1125
0 0.3453125 0.3640625 0.06640625 0.1046875
0 0.34375 0.71953125 0.0578125 0.103125
0 0.36875 0.89296875 0.0578125 0.1125
1 0.64609375 0.196875 0.06640625 0.1
1 0.69375 0.2 0.06640625 0.1
1 0.11484375 0.17890625 0.06796875 0.12578125
1 0.175 0.18515625 0.06640625 0.1
1 0.23046875 0.18671875 0.06640625 0.1
1 0.28828125 0.18515625 0.06640625 0.1
5 0.5921875 0.5375 0.0578125 0.1015625
5 0.64140625 0.540625 0.0578125 0.1015625
5 0.1796875 0.54921875 0.0578125 0.1015625
5 0.2328125 0.55078125 0.0578125 0.1015625
5 0.2859375 0.54921875 0.0578125 0.1015625
5 0.340625 0.54765625 0.0578125 0.1015625
2 0.72421875 0.8703125 0.0578125 0.1125