0 0.365625 0.72421875 0.068505859375 0.1169921875
0 0.36640625 0.12109375 0.064111328125 0.1078125
0 0.36875 0.3203125 0.0685546875 0.109765625
0 0.36953125 0.52265625 0.06689453125 0.1169921875
0 0.4734375 0.72578125 0.068701171875 0.1171875
0 0.48125 0.92265625 0.074755859375 0.1205078125
0 0.48125 0.321875 0.065478515625 0.10322265625
0 0.4828125 0.1109375 0.068896484375 0.10908203125
0 0.53515625 0.71875 0.063916015625 0.11279296875
0 0.5375 0.92265625 0.075146484375 0.1205078125
0 0.53828125 0.31875 0.07021484375 0.1060546875
0 0.540625 0.1109375 0.065771484375 0.10654296875
0 0.64765625 0.7171875 0.06689453125 0.116015625
0 0.6484375 0.31953125 0.062353515625 0.1076171875
0 0.6515625 0.1171875 0.071630859375 0.130908203125
0 0.69765625 0.31796875 0.063818359375 0.1076171875
0 0.70234375 0.7171875 0.073095703125 0.11904296875
0 0.7046875 0.11484375 0.065576171875 0.129833984375
0 0.76015625 0.7140625 0.07041015625 0.11875
0 0.76015625 0.1234375 0.070556640625 0.1185546875
0 0.76015625 0.3109375 0.064208984375 0.127783203125
0 0.809375 0.7140625 0.065380859375 0.11572265625
0 0.80859375 0.325 0.061083984375 0.11259765625
0 0.81328125 0.121875 0.06416015625 0.1154296875
0 0.8125 0.91484375 0.05947265625 0.123681640625
0 0.865625 0.7078125 0.074951171875 0.12158203125
0 0.86796875 0.325 0.06083984375 0.1126953125
0 0.8703125 0.9140625 0.05927734375 0.115625
0 0.87421875 0.52578125 0.067529296875 0.1173828125
0 0.875 0.121875 0.071826171875 0.1185546875
0 0.1296875 0.3203125 0.0685546875 0.11220703125
0 0.13125 0.11953125 0.069091796875 0.109375
0 0.13359375 0.52578125 0.064013671875 0.126806640625
0 0.13515625 0.721875 0.06416015625 0.12822265625
0 0.140625 0.91796875 0.062841796875 0.1357421875
0 0.18984375 0.31875 0.0732421875 0.1123046875
0 0.19140625 0.12109375 0.060595703125 0.1048828125
0 0.19375 0.52421875 0.071533203125 0.129931640625
0 0.19375 0.91640625 0.071826171875 0.1388671875
0 0.1953125 0.72421875 0.068701171875 0.129541015625
0 0.2515625 0.721875 0.074755859375 0.11865234375
0 0.2515625 0.12578125 0.069091796875 0.109375
0 0.25390625 0.93046875 0.073681640625 0.1205078125
0 0.25625 0.31875 0.0720703125 0.11220703125
0 0.25625 0.51796875 0.07470703125 0.13251953125
0 0.3078125 0.72578125 0.06552734375 0.115625
0 0.30625 0.12421875 0.068505859375 0.1080078125
0 0.31328125 0.3203125 0.0673828125 0.11220703125
0 0.31640625 0.52421875 0.067138671875 0.1171875
1 0.48359375 0.51953125 0.073388671875 0.1201171875
1 0.5359375 0.51796875 0.06572265625 0.1171875
1 0.64296875 0.51796875 0.07021484375 0.1173828125
1 0.70078125 0.52265625 0.061279296875 0.1142578125
1 0.76015625 0.52421875 0.064013671875 0.115625
1 0.81015625 0.52265625 0.06103515625 0.1140625
5 0.36796875 0.92421875 0.063720703125 0.1169921875
5 0.64453125 0.92578125 0.064306640625 0.11875
5 0.6984375 0.92265625 0.06259765625 0.1171875
5 0.753125 0.91484375 0.059033203125 0.126220703125
5 0.3078125 0.92421875 0.068896484375 0.11875