0 0.3625 0.1578125 0.08671875 0.19453125
0 0.42890625 0.8515625 0.09765625 0.209375
0 0.4390625 0.49453125 0.08984375 0.19140625
0 0.44453125 0.1671875 0.08671875 0.19453125
0 0.51953125 0.84453125 0.09765625 0.209375
0 0.5328125 0.49765625 0.08984375 0.19140625
0 0.5375 0.16875 0.08671875 0.19453125
0 0.6015625 0.8265625 0.078125 0.209375
0 0.6125 0.49453125 0.075 0.19140625
0 0.628125 0.18046875 0.07734375 0.178125
0 0.66875 0.8265625 0.078125 0.209375
0 0.6796875 0.49765625 0.075 0.19140625
0 0.7203125 0.18515625 0.07734375 0.178125
0 0.73671875 0.8296875 0.078125 0.209375
0 0.74609375 0.50390625 0.075 0.19140625
0 0.80546875 0.828125 0.078125 0.209375
0 0.8046875 0.19375 0.07734375 0.178125
0 0.80859375 0.50078125 0.075 0.19140625
0 0.12890625 0.8546875 0.09765625 0.209375
0 0.8765625 0.50234375 0.075 0.19140625
0 0.8859375 0.8296875 0.078125 0.209375
0 0.14453125 0.4859375 0.0953125 0.2078125
0 0.16875 0.14609375 0.08671875 0.19453125
0 0.23125 0.85625 0.09765625 0.209375
0 0.24375 0.4890625 0.0953125 0.2078125
0 0.26015625 0.15078125 0.08671875 0.19453125
0 0.33125 0.8546875 0.09765625 0.209375
0 0.3421875 0.4859375 0.0953125 0.2078125