0 0.34921875 0.77265625 0.05390625 0.10625
0 0.34765625 0.34609375 0.05 0.11328125
0 0.35234375 0.6421875 0.05 0.09765625
0 0.39609375 0.34765625 0.05 0.11328125
0 0.39765625 0.7765625 0.04765625 0.11640625
0 0.4 0.4953125 0.05 0.09921875
0 0.4 0.63515625 0.05 0.11171875
0 0.39765625 0.92578125 0.040625 0.09921875
0 0.440625 0.91796875 0.04765625 0.09453125
0 0.44375 0.76328125 0.0515625 0.11484375
0 0.44453125 0.3515625 0.05 0.11328125
0 0.446875 0.49921875 0.05 0.1078125
0 0.44453125 0.63984375 0.046875 0.09453125
0 0.484375 0.91484375 0.04375 0.10625
0 0.490625 0.35625 0.05 0.10625
0 0.49609375 0.49609375 0.05 0.1078125
0 0.49375 0.63515625 0.046875 0.090625
0 0.53203125 0.91171875 0.046875 0.09609375
0 0.5375 0.49296875 0.05 0.1078125
0 0.53984375 0.35625 0.05 0.10625
0 0.578125 0.91171875 0.05390625 0.10625
0 0.58671875 0.49765625 0.05 0.1078125
0 0.58671875 0.35390625 0.05 0.11484375
0 0.58671875 0.63125 0.04765625 0.1046875
0 0.6234375 0.90625 0.05234375 0.103125
0 0.62734375 0.77578125 0.046875 0.09453125
0 0.63046875 0.5078125 0.05 0.09453125
0 0.63046875 0.63671875 0.04296875 0.09453125
0 0.66640625 0.90859375 0.04765625 0.103125
0 0.66953125 0.77578125 0.05234375 0.1046875
0 0.678125 0.5015625 0.05 0.09453125
0 0.678125 0.35625 0.05 0.103125
0 0.67734375 0.63359375 0.04296875 0.09453125
0 0.2515625 0.49453125 0.05 0.09765625
0 0.25390625 0.778125 0.0515625 0.1203125
0 0.25390625 0.34453125 0.05 0.11328125
0 0.259375 0.6296875 0.05 0.11796875
0 0.303125 0.92421875 0.0578125 0.1078125
0 0.30234375 0.34609375 0.05 0.11328125
0 0.30703125 0.4875 0.05 0.1078125
0 0.30703125 0.6421875 0.05 0.09765625
1 0.3 0.77734375 0.046875 0.1046875
5 0.4875 0.77734375 0.0390625 0.09453125
5 0.534375 0.78046875 0.05625 0.09765625
7 0.35234375 0.9171875 0.05 0.10625
9 0.6328125 0.3609375 0.05 0.090625
10 0.2515625 0.9265625 0.05546875 0.09765625
2 0.54140625 0.634375 0.0453125 0.09921875