0 0.38828125 0.90390625 0.06875 0.17890625
0 0.41171875 0.584375 0.06875 0.153125
0 0.478125 0.58828125 0.06875 0.153125
0 0.4828125 0.90078125 0.06875 0.17890625
0 0.55234375 0.91796875 0.06875 0.1515625
0 0.56875 0.57734375 0.06875 0.153125
0 0.5796875 0.26484375 0.06640625 0.14609375
0 0.62109375 0.9140625 0.06875 0.1515625
0 0.09296875 0.58828125 0.06640625 0.153125
0 0.09453125 0.9203125 0.06875 0.153125
0 0.6421875 0.5734375 0.06875 0.153125
0 0.64375 0.27421875 0.06640625 0.14609375
0 0.68125 0.915625 0.06875 0.1515625
0 0.70859375 0.57890625 0.06875 0.153125
0 0.70703125 0.27734375 0.06640625 0.14609375
0 0.77421875 0.2703125 0.06640625 0.14609375
0 0.79921875 0.57734375 0.06875 0.153125
0 0.83984375 0.26875 0.06640625 0.14609375
0 0.86875 0.57734375 0.06875 0.153125
0 0.87890625 0.8875 0.06875 0.17890625
0 0.9078125 0.27578125 0.06640625 0.14609375
0 0.9390625 0.57890625 0.06875 0.153125
0 0.959375 0.88046875 0.06875 0.17890625
0 0.16640625 0.91484375 0.06875 0.153125
0 0.17421875 0.58828125 0.06875 0.153125
0 0.24375 0.58828125 0.06875 0.153125
0 0.3109375 0.9171875 0.06875 0.153125
0 0.33828125 0.58828125 0.06875 0.153125
3 0.38359375 0.26640625 0.07578125 0.14609375
3 0.46328125 0.26328125 0.07578125 0.14609375
3 0.1140625 0.2609375 0.07578125 0.14609375
3 0.18046875 0.2578125 0.07578125 0.14609375
3 0.25390625 0.2609375 0.07578125 0.14609375
3 0.31640625 0.271875 0.07578125 0.14609375
6 0.2375 0.91875 0.06875 0.153125
9 0.75625 0.91015625 0.06875 0.1515625
9 0.825 0.91015625 0.06875 0.1515625