0 0.36171875 0.08671875 0.08359375 0.1375
0 0.3546875 0.590625 0.0671875 0.1421875
0 0.35703125 0.34375 0.0671875 0.1484375
0 0.075 0.08203125 0.08359375 0.1375
0 0.078125 0.33359375 0.0671875 0.15703125
0 0.48515625 0.8453125 0.06875 0.15546875
0 0.4875 0.584375 0.0671875 0.1421875
0 0.48984375 0.08984375 0.0671875 0.1375
0 0.55 0.09296875 0.0671875 0.1375
0 0.55078125 0.590625 0.0671875 0.1421875
0 0.08515625 0.58515625 0.0671875 0.15703125
0 0.55625 0.840625 0.06875 0.15546875
0 0.08671875 0.8359375 0.0671875 0.15546875
0 0.6796875 0.08203125 0.0671875 0.1375
0 0.68359375 0.59375 0.0671875 0.1421875
0 0.74296875 0.590625 0.0671875 0.1421875
0 0.74921875 0.08359375 0.0671875 0.1375
0 0.809375 0.5875 0.0671875 0.1421875
0 0.81484375 0.078125 0.0640625 0.146875
0 0.875 0.840625 0.06640625 0.1390625
0 0.8765625 0.5828125 0.0671875 0.1421875
0 0.87890625 0.0875 0.0671875 0.1359375
0 0.9390625 0.8359375 0.06640625 0.1390625
0 0.9453125 0.5828125 0.0671875 0.1421875
0 0.946875 0.34921875 0.0671875 0.1484375
0 0.94921875 0.07890625 0.0671875 0.1359375
0 0.146875 0.08671875 0.08359375 0.1375
0 0.14765625 0.33828125 0.0671875 0.15703125
0 0.1515625 0.58828125 0.0671875 0.15703125
0 0.15390625 0.840625 0.0671875 0.15546875
0 0.22421875 0.0796875 0.08359375 0.1375
0 0.21875 0.590625 0.0671875 0.1421875
0 0.225 0.33515625 0.0671875 0.15703125
0 0.2890625 0.08828125 0.08359375 0.1375
0 0.28828125 0.590625 0.0671875 0.1421875
0 0.2921875 0.346875 0.0671875 0.1484375
1 0.48828125 0.34375 0.0671875 0.1484375
1 0.5546875 0.34375 0.0671875 0.1484375
1 0.678125 0.34375 0.0671875 0.1484375
1 0.746875 0.3453125 0.0671875 0.1484375
1 0.8140625 0.3453125 0.0671875 0.1484375
1 0.87578125 0.3453125 0.0671875 0.1484375
5 0.35859375 0.83984375 0.0671875 0.14375
5 0.675 0.8421875 0.06875 0.15546875
5 0.74375 0.84375 0.06875 0.15546875
5 0.80546875 0.82734375 0.06015625 0.15546875
5 0.21640625 0.83984375 0.0671875 0.14375
5 0.28515625 0.84140625 0.0671875 0.14375