0 0.3734375 0.64921875 0.0515625 0.09609375
0 0.37734375 0.15078125 0.0515625 0.09296875
0 0.4265625 0.65078125 0.0515625 0.09609375
0 0.4328125 0.153125 0.0515625 0.09296875
0 0.478125 0.65625 0.0515625 0.09609375
0 0.48515625 0.15078125 0.0515625 0.09296875
0 0.49765625 0.8953125 0.05390625 0.1078125
0 0.53203125 0.6578125 0.0515625 0.09609375
0 0.53828125 0.153125 0.0515625 0.09296875
0 0.56328125 0.40859375 0.05 0.09140625
0 0.578125 0.65625 0.0515625 0.09609375
0 0.5859375 0.1546875 0.0515625 0.09296875
0 0.6125 0.40859375 0.05 0.09140625
0 0.6421875 0.153125 0.0515625 0.09296875
0 0.65234375 0.92109375 0.05390625 0.09609375
0 0.66484375 0.41171875 0.05 0.09140625
0 0.69140625 0.15078125 0.0515625 0.09296875
0 0.7078125 0.92109375 0.05 0.09609375
0 0.71640625 0.40859375 0.05 0.09140625
0 0.7484375 0.1546875 0.0515625 0.09296875
0 0.09453125 0.384375 0.0390625 0.1109375
0 0.78515625 0.67265625 0.0515625 0.09609375
0 0.1015625 0.87109375 0.0515625 0.1140625
0 0.79921875 0.1421875 0.0515625 0.1109375
0 0.82734375 0.40390625 0.0515625 0.1109375
0 0.840625 0.66171875 0.0515625 0.1140625
0 0.86171875 0.140625 0.0390625 0.1109375
0 0.121875 0.13671875 0.06015625 0.109375
0 0.1234375 0.63828125 0.0515625 0.09609375
0 0.15234375 0.88515625 0.0515625 0.103125
0 0.17421875 0.64453125 0.0515625 0.09609375
0 0.17734375 0.153125 0.0515625 0.09296875
0 0.20234375 0.88984375 0.0515625 0.103125
0 0.228125 0.64609375 0.0515625 0.09609375
0 0.228125 0.14921875 0.0515625 0.09296875
0 0.2453125 0.89453125 0.0515625 0.103125
0 0.2734375 0.64453125 0.0515625 0.09609375
0 0.27578125 0.15078125 0.0515625 0.09296875
0 0.2921875 0.88046875 0.0453125 0.11796875
0 0.32734375 0.64296875 0.0515625 0.09609375
0 0.32734375 0.15078125 0.0515625 0.09296875
4 0.63203125 0.6609375 0.0515625 0.09609375
4 0.68515625 0.6640625 0.0515625 0.09609375
4 0.73515625 0.6671875 0.0515625 0.09609375
7 0.34765625 0.9 0.05 0.09765625
7 0.3953125 0.90234375 0.05 0.09765625
7 0.44375 0.8984375 0.04921875 0.12109375
7 0.55234375 0.91015625 0.05390625 0.1078125
7 0.603125 0.91484375 0.05390625 0.1078125
7 0.759375 0.92421875 0.05 0.09609375
7 0.81328125 0.92890625 0.05 0.09609375
8 0.35703125 0.40390625 0.05 0.09140625
8 0.41015625 0.40390625 0.05 0.09140625
8 0.45625 0.40546875 0.05 0.09140625
8 0.51015625 0.40703125 0.05 0.09140625
8 0.771875 0.40234375 0.0515625 0.1109375
8 0.1546875 0.396875 0.05 0.09140625
8 0.20546875 0.4 0.05 0.09140625
8 0.25703125 0.4 0.05 0.09140625
8 0.30703125 0.40234375 0.05 0.09140625