0 0.55234375 0.16328125 0.0892578125 0.1701171875
0 0.61953125 0.8515625 0.0888671875 0.17822265625
0 0.61953125 0.61875 0.0923828125 0.18408203125
0 0.69453125 0.6296875 0.10625 0.18466796875
0 0.7046875 0.86015625 0.103515625 0.1861328125
0 0.70703125 0.14296875 0.1078125 0.18251953125
0 0.76953125 0.615625 0.0982421875 0.18447265625
0 0.771875 0.38515625 0.106640625 0.1875
0 0.78203125 0.14609375 0.1048828125 0.17998046875
0 0.84921875 0.61875 0.1046875 0.18759765625
0 0.85546875 0.15703125 0.0919921875 0.176220703125
0 0.85546875 0.83515625 0.1080078125 0.1875
0 0.85546875 0.39375 0.0951171875 0.18427734375
0 0.14375 0.13671875 0.11279296875 0.211181640625
0 0.14375 0.8796875 0.105859375 0.184765625
0 0.1453125 0.390625 0.1060546875 0.203125
0 0.22890625 0.15703125 0.1 0.1736328125
0 0.23046875 0.63828125 0.0875 0.1796875
0 0.3078125 0.16015625 0.096484375 0.1732421875
0 0.3078125 0.38203125 0.108984375 0.1875
0 0.32265625 0.86328125 0.0919921875 0.18125
0 0.38359375 0.1515625 0.0923828125 0.1716796875
0 0.3875 0.6328125 0.0908203125 0.18095703125
0 0.3890625 0.86015625 0.108984375 0.1875
0 0.39140625 0.39921875 0.0986328125 0.184375
0 0.46484375 0.1546875 0.1046875 0.1751953125
0 0.46640625 0.3796875 0.0919921875 0.1810546875
0 0.53203125 0.8515625 0.0923828125 0.18115234375
0 0.54609375 0.6125 0.0982421875 0.184375
1 0.22265625 0.38828125 0.1013671875 0.1857421875
4 0.23515625 0.86328125 0.103125 0.1859375
5 0.62109375 0.39375 0.1017578125 0.187109375
5 0.5421875 0.39375 0.0939453125 0.1841796875
7 0.3140625 0.6265625 0.103515625 0.18466796875
7 0.4609375 0.85703125 0.0876953125 0.1796875
7 0.46484375 0.6296875 0.0919921875 0.1810546875
8 0.7796875 0.84296875 0.0966796875 0.1830078125
10 0.1390625 0.64375 0.0998046875 0.18466796875
2 0.63125 0.16015625 0.1 0.1736328125