0 0.43671875 0.31171875 0.0705078125 0.151611328125
0 0.5015625 0.315625 0.068896484375 0.149853515625
0 0.5609375 0.31875 0.05947265625 0.153125
0 0.62109375 0.321875 0.0640625 0.150341796875
0 0.65390625 0.7078125 0.061083984375 0.140625
0 0.68125 0.321875 0.069091796875 0.153076171875
0 0.71484375 0.71015625 0.07041015625 0.1451171875
0 0.73984375 0.3265625 0.0625 0.150146484375
0 0.77109375 0.7140625 0.0611328125 0.141015625
0 0.79921875 0.33046875 0.06875 0.1513671875
0 0.8296875 0.71796875 0.06591796875 0.142333984375
0 0.86015625 0.33359375 0.06103515625 0.1513671875
0 0.184375 0.30390625 0.068798828125 0.1826171875
0 0.91953125 0.3453125 0.0734375 0.165869140625
0 0.9546875 0.73515625 0.0810546875 0.17666015625
0 0.971875 0.3453125 0.05625 0.178125
0 0.1125 0.3015625 0.08447265625 0.1841796875
0 0.25234375 0.2984375 0.070458984375 0.156201171875
0 0.31328125 0.303125 0.07333984375 0.1564453125
0 0.3765625 0.30703125 0.071826171875 0.154931640625
8 0.46484375 0.70390625 0.073388671875 0.1451171875
8 0.5265625 0.70703125 0.075048828125 0.1453125
8 0.1546875 0.71640625 0.07490234375 0.184375
8 0.5890625 0.70859375 0.068798828125 0.14375
8 0.8890625 0.7171875 0.056494140625 0.134765625
8 0.21640625 0.7015625 0.066943359375 0.1435546875
8 0.284375 0.70390625 0.074853515625 0.1453125
8 0.34453125 0.70390625 0.067333984375 0.1423828125
8 0.40703125 0.70546875 0.073583984375 0.1453125
8 0.08046875 0.7140625 0.064404296875 0.1935546875