0 0.43125 0.8984375 0.075 0.1734375
0 0.440625 0.64140625 0.08984375 0.15546875
0 0.43984375 0.3875 0.08046875 0.14375
0 0.453125 0.13203125 0.08203125 0.15703125
0 0.515625 0.64296875 0.08984375 0.15546875
0 0.50625 0.3859375 0.0625 0.15390625
0 0.5203125 0.8953125 0.075 0.1734375
0 0.51953125 0.13515625 0.0625 0.1421875
0 0.56015625 0.3859375 0.0625 0.15390625
0 0.57578125 0.14296875 0.0625 0.1421875
0 0.58203125 0.8890625 0.075 0.1734375
0 0.5875 0.64609375 0.07890625 0.1421875
0 0.61953125 0.3875 0.0625 0.15390625
0 0.6296875 0.14296875 0.0625 0.1421875
0 0.65 0.8875 0.075 0.1734375
0 0.65859375 0.64140625 0.07890625 0.1421875
0 0.67265625 0.390625 0.0625 0.15390625
0 0.6859375 0.15078125 0.0625 0.1421875
0 0.7203125 0.64140625 0.07890625 0.1421875
0 0.72109375 0.87734375 0.075 0.1734375
0 0.7375 0.390625 0.0625 0.15390625
0 0.740625 0.14921875 0.0625 0.1421875
0 0.115625 0.90234375 0.08828125 0.16640625
0 0.11875 0.64453125 0.08984375 0.15546875
0 0.1203125 0.1015625 0.08203125 0.15703125
0 0.1171875 0.37734375 0.0765625 0.15390625
0 0.203125 0.64921875 0.08984375 0.15546875
0 0.2 0.384375 0.08046875 0.14375
0 0.203125 0.10625 0.08203125 0.15703125
0 0.2078125 0.90234375 0.08828125 0.16640625
0 0.28203125 0.64765625 0.08984375 0.15546875
0 0.28671875 0.90234375 0.084375 0.15
0 0.2859375 0.384375 0.08046875 0.14375
0 0.2890625 0.1125 0.08203125 0.15703125
0 0.35703125 0.64765625 0.08984375 0.15546875
0 0.36171875 0.90390625 0.084375 0.15
0 0.36171875 0.3859375 0.08046875 0.14375
0 0.3734375 0.11796875 0.08203125 0.15703125