0 0.35625 0.63515625 0.0625 0.11953125
0 0.39609375 0.88125 0.0640625 0.1390625
0 0.4171875 0.63671875 0.0625 0.11953125
0 0.48046875 0.8796875 0.0640625 0.1390625
0 0.48125 0.6296875 0.0625 0.11953125
0 0.5453125 0.89140625 0.0640625 0.12578125
0 0.56328125 0.628125 0.0625 0.11953125
0 0.571875 0.3765625 0.0625 0.10625
0 0.6015625 0.89140625 0.0640625 0.12578125
0 0.62109375 0.6296875 0.0625 0.11953125
0 0.63046875 0.3796875 0.0625 0.10625
0 0.66015625 0.88984375 0.0640625 0.12578125
0 0.678125 0.6328125 0.0625 0.11953125
0 0.68203125 0.3796875 0.0625 0.10625
0 0.746875 0.38125 0.0625 0.10625
0 0.75703125 0.63125 0.0625 0.11953125
0 0.803125 0.38125 0.0625 0.10625
0 0.809375 0.1328125 0.0625 0.10625
0 0.821875 0.6296875 0.0625 0.11953125
0 0.82890625 0.8671875 0.0671875 0.12890625
0 0.8609375 0.3828125 0.0625 0.10625
0 0.871875 0.13671875 0.0625 0.10625
0 0.88046875 0.63125 0.0625 0.11953125
0 0.89296875 0.8671875 0.0671875 0.12890625
0 0.14140625 0.6265625 0.0625 0.11953125
0 0.14296875 0.89140625 0.0625 0.11953125
0 0.203125 0.89453125 0.0625 0.11953125
0 0.21171875 0.628125 0.0625 0.11953125
0 0.27421875 0.6296875 0.0625 0.11953125
0 0.3328125 0.89140625 0.0625 0.11953125
3 0.3375 0.3703125 0.0625 0.10625
3 0.3609375 0.1171875 0.0625 0.10625
3 0.4015625 0.371875 0.0625 0.10625
3 0.41875 0.11484375 0.0625 0.10625
3 0.46875 0.375 0.0625 0.10625
3 0.48125 0.125 0.0625 0.10625
3 0.56328125 0.13125 0.0625 0.10625
3 0.621875 0.13125 0.0625 0.10625
3 0.68046875 0.1328125 0.0625 0.10625
3 0.75546875 0.13515625 0.0625 0.10625
3 0.15234375 0.10546875 0.0625 0.10625
3 0.1578125 0.36484375 0.0625 0.10625
3 0.21484375 0.11015625 0.0625 0.10625
3 0.22265625 0.36875 0.0625 0.10625
3 0.275 0.11484375 0.0625 0.10625
3 0.2796875 0.375 0.0625 0.10625
6 0.2703125 0.89140625 0.0625 0.11953125
9 0.71796875 0.88515625 0.0640625 0.12578125
9 0.77578125 0.88671875 0.0640625 0.115625