0 0.35078125 0.925 0.0734375 0.15
0 0.3609375 0.39921875 0.08203125 0.1421875
0 0.48203125 0.40078125 0.08203125 0.1421875
0 0.48125 0.91484375 0.0671875 0.14375
0 0.4875 0.66015625 0.07265625 0.15
0 0.484375 0.14375 0.0671875 0.134375
0 0.55 0.915625 0.07109375 0.15546875
0 0.55703125 0.40078125 0.08203125 0.1421875
0 0.55234375 0.146875 0.0671875 0.134375
0 0.66875 0.4046875 0.08203125 0.1421875
0 0.67890625 0.90625 0.0640625 0.1453125
0 0.740625 0.90234375 0.0625 0.146875
0 0.7953125 0.4078125 0.0734375 0.1421875
0 0.796875 0.8984375 0.075 0.14375
0 0.803125 0.66015625 0.07265625 0.15
0 0.8625 0.90234375 0.075 0.14375
0 0.86171875 0.4078125 0.0734375 0.1421875
0 0.878125 0.15703125 0.0671875 0.134375
0 0.92109375 0.65859375 0.07265625 0.15
0 0.92890625 0.409375 0.0734375 0.1421875
0 0.9359375 0.8890625 0.075 0.14375
0 0.13515625 0.925 0.07265625 0.1375
0 0.05703125 0.39296875 0.08671875 0.16796875
0 0.05234375 0.9296875 0.07265625 0.1375
0 0.21171875 0.90703125 0.07265625 0.1375
0 0.05546875 0.6640625 0.0734375 0.171875
0 0.28359375 0.915625 0.0671875 0.16484375
1 0.74609375 0.15 0.0671875 0.134375
1 0.05390625 0.1203125 0.09296875 0.18125
1 0.81328125 0.15703125 0.0671875 0.134375
1 0.13125 0.12890625 0.07578125 0.146875
1 0.20859375 0.1390625 0.07578125 0.146875
1 0.27421875 0.134375 0.07578125 0.146875
5 0.35234375 0.66484375 0.07265625 0.15
5 0.6734375 0.65859375 0.07265625 0.15
5 0.74453125 0.66015625 0.07265625 0.15
5 0.13203125 0.66796875 0.07265625 0.15
5 0.20859375 0.6703125 0.07265625 0.15
5 0.2796875 0.66796875 0.07265625 0.15