0 0.41328125 0.70625 0.11171875 0.26484375
0 0.43359375 0.29765625 0.1078125 0.2484375
0 0.09375 0.2828125 0.096875 0.23515625
0 0.53515625 0.70234375 0.11171875 0.26484375
0 0.54296875 0.30546875 0.1078125 0.2484375
0 0.63046875 0.70234375 0.08671875 0.26484375
0 0.65546875 0.3171875 0.1078125 0.2484375
0 0.71171875 0.70625 0.08671875 0.26484375
0 0.7671875 0.3265625 0.09765625 0.23828125
0 0.79609375 0.709375 0.08671875 0.26484375
0 0.8703125 0.33203125 0.09765625 0.23828125
0 0.87109375 0.7109375 0.08671875 0.2421875
0 0.95390625 0.7125 0.08671875 0.2421875
0 0.06640625 0.69609375 0.11171875 0.26484375
0 0.1796875 0.70078125 0.11171875 0.26484375
0 0.20859375 0.2890625 0.1078125 0.2484375
0 0.30546875 0.70390625 0.11171875 0.26484375
0 0.325 0.29765625 0.1078125 0.2484375