0 0.34453125 0.80859375 0.079541015625 0.157763671875
0 0.34765625 0.52421875 0.0767578125 0.1486328125
0 0.471875 0.240625 0.072119140625 0.168603515625
0 0.47265625 0.52421875 0.07353515625 0.1513671875
0 0.53515625 0.5296875 0.076318359375 0.15009765625
0 0.540625 0.23828125 0.081494140625 0.170654296875
0 0.6640625 0.52265625 0.081494140625 0.1544921875
0 0.67421875 0.240625 0.082568359375 0.171533203125
0 0.73125 0.52421875 0.068798828125 0.15
0 0.7390625 0.240625 0.078369140625 0.168994140625
0 0.79921875 0.51328125 0.0796875 0.1669921875
0 0.7984375 0.24765625 0.074951171875 0.148388671875
0 0.86328125 0.5203125 0.078125 0.15029296875
0 0.86953125 0.24921875 0.076220703125 0.148583984375
0 0.9296875 0.51328125 0.06591796875 0.1484375
0 0.9375 0.8 0.081005859375 0.156298828125
0 0.940625 0.24375 0.072216796875 0.146923828125
0 0.13515625 0.80625 0.08916015625 0.18720703125
0 0.1359375 0.25703125 0.084765625 0.1544921875
0 0.1375 0.5296875 0.0904296875 0.15322265625
0 0.2015625 0.253125 0.081201171875 0.15341796875
0 0.20859375 0.52421875 0.0861328125 0.153125
0 0.2109375 0.8046875 0.087646484375 0.184716796875
0 0.26875 0.25703125 0.065771484375 0.1484375
0 0.27890625 0.528125 0.0890625 0.15595703125
0 0.2796875 0.81640625 0.087646484375 0.160693359375
0 0.0640625 0.2546875 0.07490234375 0.156396484375
0 0.065625 0.5296875 0.0751953125 0.14697265625
0 0.0640625 0.809375 0.078271484375 0.184130859375
0 0.3375 0.24921875 0.08134765625 0.1544921875
1 0.4765625 0.80546875 0.084326171875 0.158154296875
1 0.54375 0.8015625 0.081005859375 0.156298828125
1 0.671875 0.8015625 0.08154296875 0.15654296875
1 0.73125 0.803125 0.072021484375 0.153173828125
1 0.8 0.80546875 0.081396484375 0.157958984375
1 0.86796875 0.8015625 0.079931640625 0.156494140625