0 0.36484375 0.31484375 0.09208984375 0.2046875
0 0.4453125 0.30390625 0.078076171875 0.2
0 0.52421875 0.29765625 0.095166015625 0.2046875
0 0.61328125 0.29140625 0.098291015625 0.2048828125
0 0.103125 0.7625 0.112353515625 0.237548828125
0 0.76015625 0.76484375 0.104638671875 0.236279296875
0 0.84453125 0.77734375 0.114404296875 0.239208984375
0 0.8640625 0.265625 0.08759765625 0.25947265625
0 0.1265625 0.3171875 0.097021484375 0.2060546875
0 0.94140625 0.77578125 0.10126953125 0.23603515625
0 0.95 0.2578125 0.1 0.265625
0 0.17734375 0.7671875 0.089404296875 0.231298828125
0 0.05546875 0.32109375 0.098681640625 0.20625
3 0.4140625 0.7671875 0.09658203125 0.23427734375
3 0.58359375 0.77109375 0.101318359375 0.236083984375
3 0.67265625 0.7734375 0.114404296875 0.237744140625
3 0.25859375 0.76015625 0.114013671875 0.239208984375
6 0.2078125 0.32578125 0.078076171875 0.2
6 0.28515625 0.30625 0.092041015625 0.205859375
9 0.684375 0.2890625 0.100146484375 0.20625
9 0.7765625 0.29140625 0.084326171875 0.2017578125