0 0.47265625 0.73203125 0.1234375 0.233154296875
0 0.48515625 0.3140625 0.12978515625 0.23447265625
0 0.58515625 0.7375 0.13125 0.237158203125
0 0.58984375 0.30703125 0.11435546875 0.22685546875
0 0.70234375 0.74296875 0.1140625 0.229833984375
0 0.7125 0.31640625 0.11865234375 0.22958984375
0 0.8171875 0.746875 0.133984375 0.237353515625
0 0.83359375 0.29453125 0.126416015625 0.282666015625
0 0.13515625 0.7015625 0.129931640625 0.284521484375
0 0.15078125 0.30703125 0.129443359375 0.232861328125
0 0.25625 0.3140625 0.121923828125 0.231396484375
0 0.36796875 0.3140625 0.129443359375 0.234326171875
0 0.36953125 0.72734375 0.1388671875 0.23916015625