0 0.88359375 0.2703125 0.1296875 0.13759765625
0 0.89453125 0.08125 0.1294921875 0.1125
0 0.89140625 0.64375 0.123486328125 0.112841796875
0 0.88984375 0.46015625 0.1359375 0.125
0 0.90078125 0.8375 0.1111328125 0.100390625
0 0.2515625 0.071875 0.14033203125 0.131494140625
0 0.26796875 0.8484375 0.1142578125 0.103271484375
0 0.2546875 0.25859375 0.13427734375 0.1109375
0 0.39921875 0.84453125 0.1171875 0.104443359375
0 0.3890625 0.07421875 0.13759765625 0.13125
0 0.3828125 0.265625 0.118408203125 0.119140625
0 0.39453125 0.64453125 0.120458984375 0.10625
0 0.253125 0.453125 0.134619140625 0.118798828125
0 0.12734375 0.8484375 0.12373046875 0.1095703125
0 0.1125 0.07109375 0.12509765625 0.120263671875
0 0.5140625 0.08046875 0.12822265625 0.1263671875
0 0.525 0.84375 0.115966796875 0.099658203125
0 0.51484375 0.6453125 0.120068359375 0.109326171875
0 0.50390625 0.26015625 0.1296875 0.1076171875
0 0.3875 0.4515625 0.12529296875 0.106494140625
0 0.13515625 0.26796875 0.0982421875 0.123681640625
0 0.125 0.4515625 0.1216796875 0.11240234375
0 0.51484375 0.45390625 0.128125 0.114404296875
0 0.6421875 0.0828125 0.13447265625 0.12216796875
0 0.63046875 0.2609375 0.1359375 0.115625
0 0.6453125 0.84140625 0.11865234375 0.110888671875
0 0.6390625 0.64296875 0.1185546875 0.109375
0 0.7703125 0.08359375 0.1314453125 0.11416015625
0 0.76796875 0.6421875 0.120263671875 0.103369140625
0 0.7734375 0.83984375 0.109423828125 0.104931640625
0 0.63359375 0.453125 0.114404296875 0.11279296875
0 0.759375 0.2703125 0.13779296875 0.140576171875
5 0.26015625 0.646875 0.117333984375 0.106494140625
5 0.1296875 0.653125 0.102734375 0.121533203125