0 0.065625 0.5765625 0.07509765625 0.1498046875
0 0.4046875 0.87890625 0.07509765625 0.15810546875
0 0.403125 0.26953125 0.07158203125 0.160693359375
0 0.41015625 0.578125 0.08623046875 0.1529296875
0 0.4765625 0.88046875 0.078466796875 0.160888671875
0 0.47265625 0.26640625 0.0826171875 0.161279296875
0 0.48125 0.58203125 0.084619140625 0.1517578125
0 0.075 0.275 0.062646484375 0.15302734375
0 0.54375 0.87734375 0.08095703125 0.16083984375
0 0.5484375 0.58359375 0.071923828125 0.146875
0 0.6171875 0.86328125 0.090771484375 0.170166015625
0 0.62109375 0.58203125 0.073583984375 0.146875
0 0.61796875 0.278125 0.078125 0.159619140625
0 0.6890625 0.87578125 0.08154296875 0.16064453125
0 0.690625 0.58203125 0.084033203125 0.1515625
0 0.76171875 0.88046875 0.085595703125 0.160888671875
0 0.7625 0.58203125 0.084619140625 0.1517578125
0 0.7609375 0.28125 0.07177734375 0.159228515625
0 0.83203125 0.88046875 0.078125 0.1544921875
0 0.83515625 0.578125 0.088818359375 0.153125
0 0.9 0.27734375 0.09072265625 0.16103515625
0 0.9046875 0.578125 0.072119140625 0.146875
0 0.9046875 0.87421875 0.0751953125 0.153125
0 0.96328125 0.2796875 0.0734375 0.159375
0 0.96875 0.87734375 0.05634765625 0.15
0 0.96953125 0.5765625 0.059375 0.1470703125
0 0.13203125 0.5796875 0.080029296875 0.1501953125
0 0.1359375 0.2703125 0.056103515625 0.153271484375
0 0.2015625 0.5765625 0.084423828125 0.1529296875
0 0.20078125 0.2734375 0.070654296875 0.156396484375
0 0.2640625 0.87578125 0.07158203125 0.1515625
0 0.26328125 0.26953125 0.06875 0.158154296875
0 0.2703125 0.5796875 0.078173828125 0.1501953125
0 0.33671875 0.87265625 0.0826171875 0.1546875
0 0.3359375 0.5734375 0.06884765625 0.165478515625
0 0.33671875 0.26640625 0.071875 0.160693359375
1 0.1265625 0.87265625 0.084375 0.1548828125
1 0.196875 0.87109375 0.07490234375 0.1517578125
1 0.05859375 0.87109375 0.0828125 0.1548828125