0 0.396875 0.51015625 0.06015625 0.109375
0 0.45546875 0.50859375 0.06015625 0.109375
0 0.08671875 0.5078125 0.06015625 0.1296875
0 0.51640625 0.5125 0.06015625 0.109375
0 0.6015625 0.8078125 0.05625 0.11640625
0 0.575 0.51484375 0.06015625 0.109375
0 0.659375 0.2359375 0.053125 0.11796875
0 0.63359375 0.5140625 0.06015625 0.109375
0 0.72421875 0.2453125 0.0546875 0.1234375
0 0.78125 0.81796875 0.05625 0.11953125
0 0.77421875 0.24375 0.0515625 0.109375
0 0.840625 0.81484375 0.05625 0.11953125
0 0.83125 0.2484375 0.05859375 0.11953125
0 0.86796875 0.52109375 0.05078125 0.103125
0 0.15859375 0.8203125 0.0609375 0.13046875
0 0.94140625 0.259375 0.06875 0.140625
0 0.928125 0.52578125 0.06171875 0.1078125
0 0.14609375 0.49765625 0.06015625 0.109375
0 0.2296875 0.809375 0.0609375 0.109375
0 0.21015625 0.503125 0.06015625 0.109375
0 0.28984375 0.81015625 0.05625 0.109375
0 0.27109375 0.50234375 0.06015625 0.109375
0 0.35546875 0.81015625 0.05390625 0.12109375
0 0.121875 0.20859375 0.04921875 0.1140625
0 0.33359375 0.50625 0.06015625 0.109375
0 0.0875 0.82265625 0.0609375 0.13203125
4 0.69140625 0.51875 0.06015625 0.109375
4 0.74921875 0.515625 0.05234375 0.10390625
4 0.80859375 0.51796875 0.05390625 0.10625
7 0.41328125 0.80859375 0.05390625 0.11796875
7 0.47890625 0.81171875 0.05625 0.11796875
7 0.540625 0.8109375 0.05625 0.1078125
7 0.659375 0.81328125 0.05625 0.11953125
7 0.721875 0.8140625 0.05625 0.11953125
7 0.90234375 0.81953125 0.05625 0.11953125
7 0.971875 0.82734375 0.05625 0.11953125
8 0.48984375 0.23984375 0.053125 0.1171875
8 0.54921875 0.23515625 0.05234375 0.109375
8 0.60546875 0.2359375 0.053125 0.109375
8 0.1921875 0.21328125 0.053125 0.10546875
8 0.88515625 0.25703125 0.05703125 0.1359375
8 0.25 0.21640625 0.05234375 0.10390625
8 0.31171875 0.22734375 0.0515625 0.1015625
8 0.371875 0.23203125 0.05390625 0.11015625
8 0.428125 0.23671875 0.05078125 0.11953125