0 0.3453125 0.37421875 0.0640625 0.18359375
0 0.34609375 0.15234375 0.0625 0.1640625
0 0.35625 0.85546875 0.0578125 0.17578125
0 0.39921875 0.13984375 0.0625 0.18828125
0 0.39765625 0.62734375 0.0578125 0.1734375
0 0.40234375 0.3765625 0.0640625 0.18359375
0 0.4078125 0.853125 0.0578125 0.17578125
0 0.4546875 0.36875 0.0640625 0.18359375
0 0.46015625 0.146875 0.0625 0.18828125
0 0.5015625 0.61484375 0.0578125 0.1734375
0 0.50390625 0.840625 0.0578125 0.17578125
0 0.51875 0.15234375 0.0625 0.18828125
0 0.56328125 0.6125 0.0578125 0.1734375
0 0.5640625 0.8453125 0.0578125 0.17578125
0 0.61484375 0.6203125 0.0578125 0.1546875
0 0.6171875 0.84296875 0.0578125 0.17578125
0 0.61953125 0.14453125 0.0625 0.18828125
0 0.66875 0.3953125 0.0640625 0.159375
0 0.66953125 0.60703125 0.0578125 0.17578125
0 0.678125 0.15703125 0.0625 0.1734375
0 0.728125 0.39296875 0.0640625 0.159375
0 0.725 0.61796875 0.0578125 0.1546875
0 0.72734375 0.83359375 0.0578125 0.17578125
0 0.73359375 0.1640625 0.0625 0.1734375
0 0.23125 0.371875 0.0625 0.19296875
0 0.23359375 0.13359375 0.0625 0.2046875
0 0.234375 0.86015625 0.0578125 0.17578125
0 0.28671875 0.62265625 0.06640625 0.1640625
0 0.296875 0.146875 0.0625 0.1640625
1 0.2890625 0.3796875 0.0640625 0.17109375
4 0.296875 0.85078125 0.0578125 0.17578125
5 0.50859375 0.38828125 0.0640625 0.159375
5 0.5625 0.3859375 0.0640625 0.159375
7 0.34765625 0.6078125 0.05 0.1734375
7 0.45625 0.853125 0.0578125 0.17578125
7 0.45625 0.62265625 0.0578125 0.1734375
8 0.67734375 0.8359375 0.0578125 0.17578125
10 0.23046875 0.6203125 0.06640625 0.1640625
2 0.56640625 0.15234375 0.0625 0.18828125