0 0.378125 0.8 0.07490234375 0.156005859375
0 0.07421875 0.53125 0.073486328125 0.13125
0 0.44375 0.8125 0.08408203125 0.137451171875
0 0.50390625 0.81640625 0.0767578125 0.135595703125
0 0.6 0.23828125 0.078271484375 0.1296875
0 0.60078125 0.52734375 0.073681640625 0.13125
0 0.09375 0.81328125 0.06533203125 0.132958984375
0 0.6640625 0.23984375 0.07177734375 0.1265625
0 0.67265625 0.5296875 0.073095703125 0.1310546875
0 0.73203125 0.23828125 0.076416015625 0.1294921875
0 0.74765625 0.5203125 0.079736328125 0.1341796875
0 0.8 0.2390625 0.071826171875 0.140234375
0 0.81328125 0.5203125 0.069970703125 0.1283203125
0 0.82109375 0.80078125 0.080029296875 0.157958984375
0 0.86953125 0.23515625 0.079345703125 0.1421875
0 0.88515625 0.51328125 0.069970703125 0.1294921875
0 0.890625 0.8046875 0.08154296875 0.15908203125
0 0.1578125 0.5296875 0.078076171875 0.1314453125
0 0.23515625 0.81171875 0.0767578125 0.1423828125
0 0.2375 0.53125 0.081591796875 0.134375
0 0.31484375 0.8015625 0.0763671875 0.156201171875
3 0.36796875 0.24140625 0.07646484375 0.1294921875
3 0.43125 0.2453125 0.078466796875 0.128515625
3 0.08671875 0.24140625 0.079345703125 0.1296875
3 0.15234375 0.24375 0.070556640625 0.125390625
3 0.30546875 0.24375 0.08251953125 0.13125
6 0.16171875 0.81328125 0.071875 0.140625
9 0.56796875 0.8109375 0.0796875 0.137255859375
9 0.63203125 0.81484375 0.0734375 0.132861328125
9 0.69296875 0.8125 0.0703125 0.13154296875
9 0.75859375 0.8125 0.0826171875 0.13720703125