0 0.38828125 0.90390625 0.090625 0.185693359375
0 0.41171875 0.584375 0.0794921875 0.1564453125
0 0.478125 0.58828125 0.0814453125 0.1578125
0 0.4828125 0.90078125 0.071484375 0.179638671875
0 0.55234375 0.91796875 0.0794921875 0.1548828125
0 0.56875 0.57734375 0.084375 0.1580078125
0 0.5796875 0.26484375 0.07822265625 0.15126953125
0 0.62109375 0.9140625 0.0732421875 0.15341796875
0 0.09296875 0.58828125 0.082763671875 0.1580078125
0 0.09453125 0.9203125 0.0732421875 0.153515625
0 0.6421875 0.5734375 0.078515625 0.1564453125
0 0.64375 0.27421875 0.072119140625 0.148291015625
0 0.68125 0.915625 0.0689453125 0.15009765625
0 0.70859375 0.57890625 0.0734375 0.1546875
0 0.70703125 0.27734375 0.08251953125 0.15146484375
0 0.77421875 0.2703125 0.067138671875 0.146826171875
0 0.79921875 0.57734375 0.0701171875 0.153125
0 0.83984375 0.26875 0.082763671875 0.152880859375
0 0.86875 0.57734375 0.0814453125 0.1578125
0 0.87890625 0.8875 0.0830078125 0.181494140625
0 0.9078125 0.27578125 0.07509765625 0.14853515625
0 0.9390625 0.57890625 0.077734375 0.15625
0 0.959375 0.88046875 0.06875 0.17958984375
0 0.16640625 0.91484375 0.0826171875 0.1578125
0 0.17421875 0.58828125 0.0732421875 0.1546875
0 0.24375 0.58828125 0.06875 0.153125
0 0.3109375 0.9171875 0.0716796875 0.1533203125
0 0.33828125 0.58828125 0.0830078125 0.1580078125
3 0.38359375 0.26640625 0.076708984375 0.145361328125
3 0.46328125 0.26328125 0.091943359375 0.151611328125
3 0.1140625 0.2609375 0.080908203125 0.149755859375
3 0.18046875 0.2578125 0.089208984375 0.152880859375
3 0.25390625 0.2609375 0.080029296875 0.149755859375
3 0.31640625 0.271875 0.079638671875 0.147216796875
6 0.2375 0.91875 0.0841796875 0.1591796875
9 0.75625 0.91015625 0.080859375 0.1548828125
9 0.825 0.91015625 0.0779296875 0.1546875