0 0.35078125 0.35390625 0.084375 0.2
0 0.35625 0.72421875 0.096875 0.214404296875
0 0.425 0.35390625 0.09345703125 0.2017578125
0 0.42890625 0.73046875 0.1044921875 0.217138671875
0 0.503125 0.35390625 0.0845703125 0.2
0 0.5046875 0.72265625 0.1033203125 0.2326171875
0 0.578125 0.33984375 0.08115234375 0.20625
0 0.5796875 0.7265625 0.1033203125 0.233984375
0 0.6515625 0.73828125 0.083984375 0.188916015625
0 0.65625 0.35078125 0.09052734375 0.1953125
0 0.72734375 0.35234375 0.0875 0.1951171875
0 0.72890625 0.728125 0.0828125 0.190380859375
0 0.7984375 0.728125 0.077734375 0.187451171875
0 0.803125 0.35234375 0.08427734375 0.1923828125
0 0.86953125 0.73046875 0.0828125 0.188916015625
0 0.878125 0.35078125 0.0845703125 0.19375
0 0.9390625 0.728125 0.090625 0.190966796875
0 0.95 0.35234375 0.08740234375 0.1951171875
0 0.2046875 0.35390625 0.103076171875 0.196875
0 0.2125 0.73359375 0.093359375 0.196875
0 0.2828125 0.3515625 0.103076171875 0.196875
0 0.28515625 0.73515625 0.0796875 0.19375
1 0.1296875 0.3515625 0.087841796875 0.191015625
1 0.05390625 0.3515625 0.08603515625 0.1908203125
5 0.06796875 0.7296875 0.0982421875 0.19697265625
5 0.1390625 0.73359375 0.077734375 0.1921875