0 0.51015625 0.88046875 0.082470703125 0.11875
0 0.565625 0.1 0.081005859375 0.10654296875
0 0.58203125 0.87734375 0.082666015625 0.1201171875
0 0.0953125 0.49921875 0.081005859375 0.094970703125
0 0.6390625 0.49609375 0.075146484375 0.092236328125
0 0.64140625 0.68984375 0.07666015625 0.09814453125
0 0.6546875 0.88203125 0.08466796875 0.1203125
0 0.103125 0.859375 0.084130859375 0.100048828125
0 0.709375 0.08984375 0.090380859375 0.1125
0 0.71328125 0.49453125 0.076806640625 0.095361328125
0 0.71328125 0.69296875 0.07978515625 0.09853515625
0 0.721875 0.2828125 0.078271484375 0.10947265625
0 0.7265625 0.890625 0.075146484375 0.11259765625
0 0.103125 0.67734375 0.071728515625 0.095556640625
0 0.10546875 0.11953125 0.067333984375 0.086083984375
0 0.10703125 0.31015625 0.07333984375 0.09248046875
0 0.78671875 0.49453125 0.082470703125 0.098291015625
0 0.7890625 0.69453125 0.078271484375 0.098193359375
0 0.79609375 0.8921875 0.079931640625 0.11884765625
0 0.79921875 0.28125 0.069970703125 0.10634765625
0 0.16015625 0.49609375 0.082666015625 0.095556640625
0 0.165625 0.67734375 0.074658203125 0.098095703125
0 0.16953125 0.8578125 0.076416015625 0.11591796875
0 0.04609375 0.30390625 0.073583984375 0.092529296875
0 0.23046875 0.115625 0.070068359375 0.087158203125
0 0.2375 0.8671875 0.084130859375 0.1060546875
0 0.2984375 0.1015625 0.078271484375 0.10322265625
0 0.30234375 0.8609375 0.076416015625 0.11591796875
0 0.30234375 0.30859375 0.067138671875 0.089013671875
0 0.3625 0.09765625 0.084521484375 0.109375
0 0.3703125 0.31015625 0.074853515625 0.095068359375
0 0.3796875 0.87578125 0.07841796875 0.1169921875
0 0.42734375 0.09609375 0.088720703125 0.1111328125
0 0.43828125 0.87734375 0.07939453125 0.1169921875
0 0.4421875 0.30078125 0.074853515625 0.095068359375
0 0.50078125 0.09296875 0.085791015625 0.1109375
0 0.5046875 0.30078125 0.072119140625 0.092529296875
3 0.5671875 0.49765625 0.07529296875 0.09248046875
3 0.57109375 0.6890625 0.070263671875 0.094091796875
3 0.2265625 0.49765625 0.07783203125 0.09208984375
3 0.23046875 0.67578125 0.07041015625 0.09541015625
3 0.29296875 0.68203125 0.067138671875 0.092236328125
3 0.3515625 0.49765625 0.077880859375 0.092041015625
3 0.3625 0.68359375 0.071533203125 0.095361328125
3 0.43125 0.68671875 0.07177734375 0.09560546875
3 0.496875 0.49609375 0.084130859375 0.098486328125
3 0.4953125 0.68359375 0.074853515625 0.098291015625
6 0.17890625 0.3140625 0.07626953125 0.09384765625
6 0.23984375 0.30703125 0.073193359375 0.092333984375
9 0.57890625 0.30078125 0.073779296875 0.095068359375
9 0.65234375 0.290625 0.06708984375 0.08759765625