0 0.36796875 0.53984375 0.078125 0.15234375
0 0.48671875 0.53984375 0.078125 0.15234375
0 0.4859375 0.80390625 0.07734375 0.15703125
0 0.49375 0.29140625 0.078125 0.1421875
0 0.55546875 0.28828125 0.078125 0.1421875
0 0.55859375 0.54140625 0.078125 0.15234375
0 0.671875 0.5484375 0.078125 0.15234375
0 0.8046875 0.54140625 0.0671875 0.15234375
0 0.81171875 0.79609375 0.07734375 0.15703125
0 0.86796875 0.5421875 0.0671875 0.134375
0 0.8765625 0.3 0.078125 0.1421875
0 0.934375 0.5421875 0.0671875 0.134375
0 0.9390625 0.7921875 0.07734375 0.15703125
0 0.05703125 0.8015625 0.07734375 0.178125
0 0.0625 0.528125 0.078125 0.1734375
1 0.7453125 0.2953125 0.078125 0.1421875
1 0.8125 0.2984375 0.078125 0.1421875
1 0.14453125 0.26875 0.07109375 0.1484375
1 0.2171875 0.2703125 0.078125 0.1421875
1 0.0609375 0.25703125 0.08359375 0.16796875
1 0.28828125 0.2640625 0.078125 0.1421875
5 0.35078125 0.80390625 0.07734375 0.15703125
5 0.6734375 0.80078125 0.07734375 0.15703125
5 0.74609375 0.79921875 0.07734375 0.15703125
5 0.134375 0.81015625 0.07734375 0.15703125
5 0.21171875 0.80546875 0.07734375 0.15703125
5 0.2796875 0.79921875 0.07734375 0.15703125