0 0.3890625 0.76953125 0.07734375 0.134375
0 0.39765625 0.51484375 0.0671875 0.13046875
0 0.46171875 0.76796875 0.07734375 0.134375
0 0.46484375 0.51015625 0.0671875 0.13046875
0 0.5359375 0.7890625 0.07734375 0.134375
0 0.5484375 0.5046875 0.0671875 0.13046875
0 0.56171875 0.23515625 0.0671875 0.134375
0 0.60390625 0.7875 0.07734375 0.134375
0 0.6265625 0.5015625 0.0671875 0.13046875
0 0.6265625 0.23515625 0.0671875 0.134375
0 0.10078125 0.79609375 0.07734375 0.134375
0 0.66875 0.784375 0.07734375 0.134375
0 0.684375 0.50625 0.0671875 0.13046875
0 0.69140625 0.23828125 0.0671875 0.134375
0 0.1 0.51015625 0.0671875 0.13046875
0 0.75390625 0.23515625 0.0671875 0.134375
0 0.775 0.5078125 0.0671875 0.13046875
0 0.815625 0.23828125 0.0671875 0.134375
0 0.8390625 0.503125 0.0671875 0.13046875
0 0.85234375 0.76171875 0.07734375 0.134375
0 0.884375 0.24375 0.0671875 0.134375
0 0.90234375 0.503125 0.0671875 0.13046875
0 0.91328125 0.753125 0.07734375 0.134375
0 0.16640625 0.80078125 0.07734375 0.134375
0 0.171875 0.5078125 0.0671875 0.13046875
0 0.246875 0.5078125 0.0671875 0.13046875
0 0.32265625 0.7859375 0.07734375 0.134375
0 0.33125 0.51796875 0.0671875 0.13046875
3 0.384375 0.23359375 0.0671875 0.134375
3 0.453125 0.23359375 0.0671875 0.134375
3 0.11484375 0.22578125 0.0671875 0.134375
3 0.18046875 0.22890625 0.0671875 0.134375
3 0.25078125 0.22734375 0.0671875 0.134375
3 0.31640625 0.22890625 0.0671875 0.134375
6 0.2375 0.79375 0.07734375 0.134375
9 0.72109375 0.7828125 0.07734375 0.134375
9 0.7859375 0.7796875 0.07734375 0.134375