0 0.3453125 0.37421875 0.08740234375 0.188720703125
0 0.34609375 0.15234375 0.0826171875 0.16875
0 0.35625 0.85546875 0.06865234375 0.179443359375
0 0.39921875 0.13984375 0.0857421875 0.192529296875
0 0.39765625 0.62734375 0.0767578125 0.1767578125
0 0.40234375 0.3765625 0.06875 0.184521484375
0 0.4078125 0.853125 0.07529296875 0.178369140625
0 0.4546875 0.36875 0.08759765625 0.187841796875
0 0.46015625 0.146875 0.075 0.19072265625
0 0.5015625 0.61484375 0.06533203125 0.175
0 0.50390625 0.840625 0.0701171875 0.178173828125
0 0.51875 0.15234375 0.08125 0.192333984375
0 0.56328125 0.6125 0.0705078125 0.17802734375
0 0.5640625 0.8453125 0.0591796875 0.17509765625
0 0.61484375 0.6203125 0.0640625 0.15595703125
0 0.6171875 0.84296875 0.06845703125 0.179443359375
0 0.61953125 0.14453125 0.065625 0.189208984375
0 0.66875 0.3953125 0.06259765625 0.159375
0 0.66953125 0.60703125 0.078125 0.179833984375
0 0.678125 0.15703125 0.0626953125 0.1734375
0 0.728125 0.39296875 0.06875 0.1609375
0 0.725 0.61796875 0.05634765625 0.1546875
0 0.72734375 0.83359375 0.0705078125 0.179638671875
0 0.73359375 0.1640625 0.0798828125 0.17783203125
0 0.23125 0.371875 0.071875 0.19658203125
0 0.23359375 0.13359375 0.0640625 0.2046875
0 0.234375 0.86015625 0.07197265625 0.179638671875
0 0.28671875 0.62265625 0.076513671875 0.1671875
0 0.296875 0.146875 0.0748046875 0.16572265625
1 0.2890625 0.3796875 0.0751953125 0.17490234375
4 0.296875 0.85078125 0.06865234375 0.179443359375
5 0.50859375 0.38828125 0.0830078125 0.1642578125
5 0.5625 0.3859375 0.07158203125 0.1623046875
7 0.34765625 0.6078125 0.0609375 0.17490234375
7 0.45625 0.853125 0.078125 0.17841796875
7 0.45625 0.62265625 0.075390625 0.1767578125
8 0.67734375 0.8359375 0.0611328125 0.175244140625
10 0.23046875 0.6203125 0.073583984375 0.16845703125
2 0.56640625 0.15234375 0.0640625 0.18896484375