0 0.88359375 0.2703125 0.1265625 0.1359375
0 0.89453125 0.08125 0.1265625 0.109375
0 0.89140625 0.64375 0.11484375 0.10234375
0 0.88984375 0.46015625 0.1265625 0.1140625
0 0.90078125 0.8375 0.1046875 0.09375
0 0.2515625 0.071875 0.1265625 0.11953125
0 0.26796875 0.8484375 0.109375 0.09609375
0 0.2546875 0.25859375 0.1265625 0.103125
0 0.39921875 0.84453125 0.1125 0.09765625
0 0.3890625 0.07421875 0.1265625 0.1203125
0 0.3828125 0.265625 0.11640625 0.11875
0 0.39453125 0.64453125 0.11640625 0.1015625
0 0.253125 0.453125 0.12578125 0.10703125
0 0.12734375 0.8484375 0.11640625 0.1
0 0.1125 0.07109375 0.1265625 0.11953125
0 0.5140625 0.08046875 0.1265625 0.125
0 0.525 0.84375 0.11484375 0.09765625
0 0.51484375 0.6453125 0.11328125 0.10234375
0 0.50390625 0.26015625 0.1265625 0.103125
0 0.3875 0.4515625 0.1265625 0.10703125
0 0.13515625 0.26796875 0.096875 0.12421875
0 0.125 0.4515625 0.1140625 0.10390625
0 0.51484375 0.45390625 0.11875 0.10390625
0 0.6421875 0.0828125 0.1265625 0.1140625
0 0.63046875 0.2609375 0.1265625 0.103125
0 0.6453125 0.84140625 0.1109375 0.10078125
0 0.6390625 0.64296875 0.1125 0.103125
0 0.7703125 0.08359375 0.1265625 0.10859375
0 0.76796875 0.6421875 0.11640625 0.10078125
0 0.7734375 0.83984375 0.10078125 0.09609375
0 0.63359375 0.453125 0.10703125 0.1046875
0 0.759375 0.2703125 0.1265625 0.12734375
5 0.26015625 0.646875 0.11640625 0.10703125
5 0.1296875 0.653125 0.1 0.11953125