0 0.43671875 0.31171875 0.0625 0.14921875
0 0.5015625 0.315625 0.06171875 0.14765625
0 0.5609375 0.31875 0.0578125 0.153125
0 0.62109375 0.321875 0.0578125 0.14921875
0 0.65390625 0.7078125 0.06015625 0.140625
0 0.68125 0.321875 0.05859375 0.14921875
0 0.71484375 0.71015625 0.05546875 0.140625
0 0.73984375 0.3265625 0.059375 0.14921875
0 0.77109375 0.7140625 0.05625 0.140625
0 0.79921875 0.33046875 0.0625 0.1484375
0 0.8296875 0.71796875 0.0546875 0.13828125
0 0.86015625 0.33359375 0.05859375 0.15
0 0.184375 0.30390625 0.06640625 0.18125
0 0.91953125 0.3453125 0.05625 0.16328125
0 0.9546875 0.73515625 0.0671875 0.17265625
0 0.975 0.34609375 0.05 0.17734375
0 0.1125 0.3015625 0.06640625 0.1796875
0 0.25234375 0.2984375 0.06015625 0.15234375
0 0.31328125 0.303125 0.06015625 0.153125
0 0.3765625 0.30703125 0.05859375 0.15234375
8 0.46484375 0.70390625 0.06015625 0.140625
8 0.5265625 0.70703125 0.06015625 0.140625
8 0.1546875 0.71640625 0.0609375 0.18125
8 0.5890625 0.70859375 0.06015625 0.140625
8 0.8890625 0.7171875 0.05390625 0.134375
8 0.21640625 0.7015625 0.06015625 0.140625
8 0.284375 0.70390625 0.06015625 0.140625
8 0.34453125 0.70390625 0.06015625 0.140625
8 0.40703125 0.70546875 0.06015625 0.140625
8 0.08046875 0.7140625 0.04765625 0.190625