0 0.3734375 0.4515625 0.06875 0.13203125
0 0.37890625 0.6703125 0.0640625 0.134375
0 0.378125 0.884375 0.0625 0.12734375
0 0.43828125 0.6578125 0.0578125 0.1421875
0 0.490625 0.6609375 0.0578125 0.1421875
0 0.503125 0.22109375 0.06953125 0.1421875
0 0.5484375 0.659375 0.0578125 0.1421875
0 0.559375 0.2265625 0.06953125 0.1421875
0 0.60625 0.86953125 0.0625 0.12734375
0 0.60625 0.665625 0.05390625 0.12578125
0 0.62421875 0.228125 0.06953125 0.1421875
0 0.66015625 0.86953125 0.0625 0.12734375
0 0.66328125 0.6640625 0.05390625 0.12578125
0 0.6703125 0.45390625 0.0609375 0.12109375
0 0.6796875 0.234375 0.0671875 0.13203125
0 0.71484375 0.86953125 0.0625 0.12734375
0 0.71640625 0.66484375 0.0578125 0.12109375
0 0.73359375 0.23125 0.0671875 0.13203125
0 0.765625 0.865625 0.0625 0.12734375
0 0.77265625 0.65546875 0.0578125 0.1375
0 0.7859375 0.2328125 0.0671875 0.13203125
0 0.81796875 0.8640625 0.0625 0.12734375
0 0.8265625 0.659375 0.0578125 0.12265625
0 0.8359375 0.4453125 0.0609375 0.1390625
0 0.87421875 0.8609375 0.0625 0.12734375
0 0.884375 0.659375 0.0578125 0.12265625
0 0.89453125 0.4453125 0.0609375 0.1390625
0 0.90390625 0.23125 0.0671875 0.1390625
0 0.12109375 0.4328125 0.06875 0.15
0 0.1296875 0.6609375 0.0609375 0.1453125
0 0.13671875 0.89375 0.0625 0.12734375
0 0.1859375 0.4484375 0.06875 0.13203125
0 0.1921875 0.66796875 0.0640625 0.134375
0 0.19921875 0.8921875 0.0625 0.12734375
0 0.25390625 0.45 0.06875 0.13203125
0 0.25859375 0.675 0.0640625 0.134375
0 0.265625 0.8875 0.0625 0.12734375
0 0.31640625 0.8890625 0.0625 0.12734375
0 0.31953125 0.6609375 0.0640625 0.1453125
1 0.43671875 0.884375 0.0625 0.12734375
1 0.4921875 0.87734375 0.0625 0.12734375
1 0.546875 0.87109375 0.0625 0.12734375
7 0.434375 0.4390625 0.0671875 0.1484375
7 0.49296875 0.4546875 0.0609375 0.12890625
7 0.5515625 0.4546875 0.0609375 0.12890625
7 0.61484375 0.4421875 0.0609375 0.1453125
7 0.72578125 0.4578125 0.0609375 0.12109375
7 0.7796875 0.45625 0.0609375 0.12109375
7 0.31484375 0.4515625 0.06875 0.13203125
8 0.38046875 0.21484375 0.06953125 0.1421875
8 0.4390625 0.21953125 0.06953125 0.1421875
8 0.85078125 0.2265625 0.0671875 0.1390625
8 0.11796875 0.1890625 0.06953125 0.171875
8 0.1890625 0.2046875 0.06953125 0.1421875
8 0.25078125 0.21171875 0.06953125 0.1421875
8 0.3140625 0.21328125 0.06953125 0.1421875