0 0.4 0.17109375 0.08125 0.1482421875
0 0.47109375 0.1640625 0.0732421875 0.14375
0 0.08984375 0.5234375 0.095654296875 0.15302734375
0 0.55078125 0.1640625 0.0830078125 0.147265625
0 0.040625 0.1875 0.0720703125 0.14375
0 0.6953125 0.5109375 0.099658203125 0.159521484375
0 0.69921875 0.87109375 0.098583984375 0.173388671875
0 0.1078125 0.85 0.081494140625 0.165673828125
0 0.775 0.8765625 0.084619140625 0.168408203125
0 0.78125 0.51796875 0.087744140625 0.154736328125
0 0.11015625 0.18515625 0.084375 0.1486328125
0 0.79140625 0.1265625 0.0859375 0.18427734375
0 0.86171875 0.8796875 0.088818359375 0.168603515625
0 0.865625 0.50703125 0.096728515625 0.157861328125
0 0.87578125 0.12890625 0.1013671875 0.1890625
0 0.16953125 0.521875 0.088818359375 0.14697265625
0 0.178125 0.8546875 0.087744140625 0.168798828125
0 0.32421875 0.178125 0.075 0.144140625
3 0.384375 0.5234375 0.093408203125 0.156591796875
3 0.38671875 0.8640625 0.089208984375 0.168798828125
3 0.46015625 0.865625 0.082958984375 0.165673828125
3 0.53671875 0.8640625 0.089404296875 0.168798828125
3 0.5390625 0.5125 0.09970703125 0.15947265625
3 0.61640625 0.5125 0.09814453125 0.15927734375
3 0.61953125 0.8640625 0.098193359375 0.171923828125
3 0.24140625 0.85703125 0.092529296875 0.170654296875
3 0.24375 0.5234375 0.093798828125 0.15302734375
3 0.3140625 0.8546875 0.084228515625 0.165869140625
6 0.1828125 0.18359375 0.0720703125 0.14375
6 0.25234375 0.1796875 0.08125 0.1470703125
9 0.62890625 0.15546875 0.0830078125 0.1484375
9 0.70390625 0.1515625 0.075 0.146484375