0 0.07265625 0.271875 0.07734375 0.2296875
0 0.3875 0.25546875 0.07734375 0.25859375
0 0.390625 0.70078125 0.08125 0.22578125
0 0.46484375 0.2484375 0.07734375 0.25859375
0 0.46953125 0.6984375 0.08125 0.22578125
0 0.0875 0.67265625 0.084375 0.2453125
0 0.54375 0.2484375 0.07734375 0.25859375
0 0.546875 0.6984375 0.08125 0.22578125
0 0.6203125 0.69375 0.08125 0.22578125
0 0.61796875 0.26484375 0.07265625 0.234375
0 0.69453125 0.69375 0.08125 0.22578125
0 0.69765625 0.26484375 0.078125 0.234375
0 0.7734375 0.6859375 0.07578125 0.21875
0 0.77578125 0.26953125 0.078125 0.234375
0 0.846875 0.68203125 0.07578125 0.21875
0 0.8515625 0.2609375 0.078125 0.234375
0 0.921875 0.675 0.07578125 0.21875
0 0.9265625 0.2515625 0.078125 0.2125
0 0.1515625 0.26484375 0.07734375 0.2296875
0 0.16640625 0.675 0.07578125 0.23671875
0 0.22734375 0.2671875 0.07734375 0.2296875
0 0.2375 0.68203125 0.07578125 0.23671875
0 0.3109375 0.2484375 0.07734375 0.25859375
0 0.31640625 0.703125 0.08125 0.22578125