0 0.39921875 0.81015625 0.07109375 0.13046875
0 0.471875 0.81015625 0.07109375 0.13046875
0 0.084375 0.80546875 0.07109375 0.13046875
0 0.55390625 0.80234375 0.07109375 0.13046875
0 0.57265625 0.52265625 0.06640625 0.12421875
0 0.63359375 0.80234375 0.07109375 0.13046875
0 0.63828125 0.52578125 0.06640625 0.12421875
0 0.703125 0.80390625 0.07109375 0.13046875
0 0.70234375 0.52421875 0.06640625 0.12421875
0 0.76953125 0.52578125 0.06640625 0.12421875
0 0.78828125 0.8015625 0.06640625 0.11953125
0 0.83125 0.52578125 0.06640625 0.12421875
0 0.840625 0.246875 0.06640625 0.12421875
0 0.86015625 0.7984375 0.06640625 0.11953125
0 0.92421875 0.8015625 0.06640625 0.11953125
0 0.16328125 0.80703125 0.07109375 0.13046875
0 0.23671875 0.80859375 0.07109375 0.13046875
0 0.3296875 0.81015625 0.07109375 0.13046875
3 0.37890625 0.52421875 0.06640625 0.12421875
3 0.4046875 0.23828125 0.06640625 0.12421875
3 0.459375 0.52109375 0.06640625 0.12421875
3 0.47421875 0.2421875 0.06640625 0.12421875
3 0.56484375 0.2453125 0.06640625 0.12421875
3 0.625 0.2515625 0.06640625 0.12421875
3 0.69453125 0.25 0.06640625 0.12421875
3 0.10078125 0.221875 0.06640625 0.12421875
3 0.77421875 0.246875 0.06640625 0.12421875
3 0.1078125 0.51171875 0.06640625 0.12421875
3 0.89921875 0.52421875 0.06640625 0.12421875
3 0.9046875 0.2515625 0.06640625 0.12421875
3 0.16796875 0.221875 0.06640625 0.12421875
3 0.17734375 0.51484375 0.06640625 0.12421875
3 0.2453125 0.51953125 0.06640625 0.12421875
3 0.2453125 0.22421875 0.06640625 0.12421875
3 0.3109375 0.52109375 0.06640625 0.12421875
3 0.33671875 0.23359375 0.06640625 0.12421875