0 0.3875 0.865625 0.06865234375 0.12841796875
0 0.39296875 0.42421875 0.0796875 0.121875
0 0.49609375 0.42421875 0.0796875 0.121875
0 0.49609375 0.8546875 0.066845703125 0.128271484375
0 0.49453125 0.20859375 0.0669921875 0.1171875
0 0.49296875 0.646875 0.0609375 0.11533203125
0 0.55234375 0.42578125 0.0736328125 0.1201171875
0 0.553125 0.21171875 0.0748046875 0.1205078125
0 0.55546875 0.8546875 0.07958984375 0.13408203125
0 0.65 0.43046875 0.08115234375 0.121875
0 0.66484375 0.84453125 0.076220703125 0.132470703125
0 0.71171875 0.840625 0.045361328125 0.13759765625
0 0.75546875 0.4265625 0.065625 0.1123046875
0 0.76640625 0.634375 0.0609375 0.1154296875
0 0.76171875 0.840625 0.051318359375 0.1095703125
0 0.81328125 0.4265625 0.0642578125 0.11240234375
0 0.81640625 0.225 0.0642578125 0.1158203125
0 0.81796875 0.83671875 0.06083984375 0.1169921875
0 0.86484375 0.62421875 0.0673828125 0.1173828125
0 0.86484375 0.4265625 0.0609375 0.10966796875
0 0.87421875 0.83515625 0.064306640625 0.1173828125
0 0.1375 0.87734375 0.081005859375 0.132861328125
0 0.14375 0.64609375 0.0748046875 0.1517578125
0 0.14609375 0.42265625 0.071875 0.140625
0 0.21015625 0.87421875 0.073486328125 0.129931640625
0 0.26640625 0.85859375 0.070166015625 0.1419921875
0 0.33046875 0.85859375 0.063720703125 0.1388671875
1 0.7078125 0.21953125 0.0748046875 0.1205078125
1 0.7640625 0.2265625 0.0716796875 0.1189453125
1 0.1375 0.1984375 0.0814453125 0.14365234375
1 0.203125 0.2046875 0.07509765625 0.12802734375
1 0.2671875 0.21015625 0.081591796875 0.132568359375
1 0.3265625 0.21171875 0.0685546875 0.1173828125
5 0.384375 0.64609375 0.072216796875 0.129833984375
5 0.6546875 0.634375 0.06220703125 0.11279296875
5 0.7125 0.634375 0.05654296875 0.11259765625
5 0.20625 0.65078125 0.065966796875 0.126708984375
5 0.26875 0.64765625 0.068701171875 0.126904296875
5 0.3265625 0.64921875 0.078466796875 0.132568359375