0 0.078125 0.34609375 0.09970703125 0.20625
0 0.090625 0.73984375 0.11220703125 0.209375
0 0.72578125 0.78671875 0.1048828125 0.2078125
0 0.72890625 0.33984375 0.0982421875 0.2048828125
0 0.82265625 0.3421875 0.090625 0.20341796875
0 0.825 0.79296875 0.11220703125 0.209375
0 0.90703125 0.79453125 0.1044921875 0.2078125
0 0.91171875 0.33828125 0.090625 0.203125
0 0.15234375 0.34375 0.082861328125 0.20009765625
0 0.16875 0.74375 0.09404296875 0.20322265625
3 0.39453125 0.76328125 0.1080078125 0.2080078125
3 0.39375 0.3578125 0.10009765625 0.208984375
3 0.47890625 0.775 0.0921875 0.20302734375
3 0.56015625 0.34765625 0.104931640625 0.2078125
3 0.5640625 0.775 0.09716796875 0.20595703125
3 0.63984375 0.7734375 0.0921875 0.203515625
3 0.64453125 0.34375 0.088720703125 0.20283203125
3 0.2390625 0.35390625 0.106396484375 0.2080078125
3 0.24296875 0.75546875 0.0921875 0.2044921875
3 0.31484375 0.75546875 0.0955078125 0.2048828125