0 0.3734375 0.64921875 0.05947265625 0.098486328125
0 0.37734375 0.15078125 0.0546875 0.094970703125
0 0.4265625 0.65078125 0.05634765625 0.098095703125
0 0.4328125 0.153125 0.05908203125 0.096630859375
0 0.478125 0.65625 0.0564453125 0.09970703125
0 0.48515625 0.15078125 0.059375 0.095556640625
0 0.49765625 0.8953125 0.054638671875 0.10927734375
0 0.53203125 0.6578125 0.0611328125 0.100146484375
0 0.53828125 0.153125 0.0578125 0.096826171875
0 0.56328125 0.40859375 0.05 0.092138671875
0 0.578125 0.65625 0.05283203125 0.097021484375
0 0.5859375 0.1546875 0.05634765625 0.094091796875
0 0.6125 0.40859375 0.0529296875 0.092333984375
0 0.6421875 0.153125 0.05654296875 0.096630859375
0 0.65234375 0.92109375 0.05791015625 0.09814453125
0 0.66484375 0.41171875 0.05 0.092138671875
0 0.69140625 0.15078125 0.0548828125 0.094970703125
0 0.7078125 0.92109375 0.05625 0.098291015625
0 0.71640625 0.40859375 0.0517578125 0.092333984375
0 0.7484375 0.1546875 0.06259765625 0.097216796875
0 0.09453125 0.384375 0.040625 0.11240234375
0 0.78515625 0.67265625 0.0607421875 0.098681640625
0 0.1015625 0.87109375 0.05927734375 0.1169921875
0 0.79921875 0.1421875 0.053125 0.10966796875
0 0.82734375 0.40390625 0.0546875 0.1125
0 0.840625 0.66171875 0.06259765625 0.1173828125
0 0.86171875 0.140625 0.0421875 0.1125
0 0.121875 0.13671875 0.065478515625 0.1111328125
0 0.1234375 0.63828125 0.0564453125 0.09833984375
0 0.15234375 0.88515625 0.0517578125 0.103125
0 0.17421875 0.64453125 0.0546875 0.098095703125
0 0.17734375 0.153125 0.0580078125 0.096826171875
0 0.20234375 0.88984375 0.0607421875 0.1076171875
0 0.228125 0.64609375 0.05341796875 0.098095703125
0 0.228125 0.14921875 0.05283203125 0.092431640625
0 0.2453125 0.89453125 0.0564453125 0.1048828125
0 0.2734375 0.64453125 0.0560546875 0.09814453125
0 0.27578125 0.15078125 0.0548828125 0.09501953125
0 0.2921875 0.88046875 0.04716796875 0.117431640625
0 0.32734375 0.64296875 0.0609375 0.098681640625
0 0.32734375 0.15078125 0.0546875 0.094970703125
4 0.63203125 0.6609375 0.0548828125 0.097216796875
4 0.68515625 0.6640625 0.05625 0.099755859375
4 0.73515625 0.6671875 0.0578125 0.09970703125
7 0.34765625 0.9 0.0515625 0.097119140625
7 0.3953125 0.90234375 0.0564453125 0.101513671875
7 0.44375 0.8984375 0.050146484375 0.121826171875
7 0.55234375 0.91015625 0.05498046875 0.1080078125
7 0.603125 0.91484375 0.053369140625 0.1078125
7 0.759375 0.92421875 0.050390625 0.09560546875
7 0.81328125 0.92890625 0.0576171875 0.098486328125
8 0.35703125 0.40390625 0.0607421875 0.095458984375
8 0.41015625 0.40390625 0.0580078125 0.095458984375
8 0.45625 0.40546875 0.0591796875 0.09541015625
8 0.51015625 0.40703125 0.059375 0.095458984375
8 0.771875 0.40234375 0.0560546875 0.1125
8 0.1546875 0.396875 0.0591796875 0.093994140625
8 0.20546875 0.4 0.05 0.090673828125
8 0.25703125 0.4 0.0513671875 0.09072265625
8 0.30703125 0.40234375 0.0580078125 0.095458984375