0 0.384375 0.5546875 0.06953125 0.153125
0 0.49921875 0.5546875 0.06953125 0.153125
0 0.50078125 0.29921875 0.07265625 0.14609375
0 0.50078125 0.82734375 0.0671875 0.1515625
0 0.5609375 0.29765625 0.07265625 0.14609375
0 0.56328125 0.56015625 0.06953125 0.153125
0 0.665625 0.55546875 0.06875 0.14765625
0 0.10703125 0.83046875 0.07265625 0.184375
0 0.1125 0.55625 0.08125 0.175
0 0.784375 0.559375 0.06875 0.14765625
0 0.79609375 0.81796875 0.0671875 0.1515625
0 0.84921875 0.55390625 0.06875 0.14765625
0 0.8546875 0.30078125 0.07265625 0.14609375
0 0.909375 0.5515625 0.06875 0.14765625
0 0.9109375 0.80546875 0.0671875 0.1515625
1 0.10625 0.28125 0.09453125 0.17890625
1 0.73359375 0.29921875 0.07265625 0.14609375
1 0.79375 0.30078125 0.07265625 0.14609375
1 0.178125 0.28984375 0.07265625 0.14609375
1 0.2484375 0.28984375 0.07265625 0.14609375
1 0.31171875 0.2921875 0.07265625 0.14609375
5 0.371875 0.8296875 0.07265625 0.1640625
5 0.67578125 0.821875 0.0671875 0.1515625
5 0.73984375 0.81640625 0.0671875 0.1515625
5 0.18046875 0.8375 0.07265625 0.1640625
5 0.2484375 0.83515625 0.07265625 0.1640625
5 0.309375 0.8296875 0.07265625 0.1640625