0 0.3515625 0.31953125 0.09052734375 0.22978515625
0 0.3546875 0.7640625 0.0970703125 0.196875
0 0.428125 0.7515625 0.094140625 0.1966796875
0 0.43046875 0.31796875 0.098291015625 0.230029296875
0 0.50390625 0.303125 0.079736328125 0.227978515625
0 0.51875 0.7578125 0.081640625 0.1935546875
0 0.58359375 0.303125 0.07646484375 0.22783203125
0 0.5921875 0.759375 0.091015625 0.194140625
0 0.66640625 0.315625 0.083056640625 0.228173828125
0 0.82578125 0.29765625 0.082470703125 0.229443359375
0 0.85234375 0.7328125 0.101416015625 0.243896484375
0 0.94140625 0.7265625 0.098486328125 0.23759765625
0 0.13203125 0.765625 0.08251953125 0.19375
0 0.13515625 0.34921875 0.067529296875 0.1828125
0 0.05234375 0.76953125 0.085986328125 0.1951171875
0 0.2796875 0.334375 0.081396484375 0.184326171875
6 0.20625 0.765625 0.090966796875 0.1966796875
6 0.27734375 0.76171875 0.085986328125 0.1951171875
9 0.68203125 0.765625 0.092431640625 0.209228515625
9 0.76640625 0.76171875 0.09873046875 0.21123046875