0 0.34296875 0.8171875 0.07978515625 0.171875
0 0.06640625 0.51796875 0.085791015625 0.204833984375
0 0.3515625 0.22734375 0.0998046875 0.163720703125
0 0.34765625 0.521875 0.089306640625 0.19365234375
0 0.06953125 0.80546875 0.079931640625 0.185986328125
0 0.47890625 0.221875 0.0859375 0.159130859375
0 0.47578125 0.81328125 0.088916015625 0.1736328125
0 0.540625 0.21796875 0.087109375 0.157666015625
0 0.5390625 0.80390625 0.090380859375 0.1736328125
0 0.66328125 0.22734375 0.0857421875 0.157470703125
0 0.67734375 0.809375 0.088916015625 0.1748046875
0 0.74296875 0.221875 0.0875 0.159326171875
0 0.74296875 0.809375 0.079541015625 0.171875
0 0.81015625 0.809375 0.086181640625 0.174609375
0 0.8109375 0.225 0.071826171875 0.175048828125
0 0.87265625 0.234375 0.082666015625 0.178369140625
0 0.8765625 0.8078125 0.08759765625 0.1748046875
0 0.93984375 0.7921875 0.079541015625 0.171875
0 0.94375 0.22109375 0.075146484375 0.176904296875
0 0.94453125 0.51875 0.082666015625 0.16572265625
0 0.1359375 0.23359375 0.097265625 0.16123046875
0 0.13984375 0.50703125 0.08935546875 0.20498046875
0 0.1421875 0.8078125 0.087255859375 0.187841796875
0 0.2046875 0.2296875 0.0966796875 0.162451171875
0 0.2046875 0.81484375 0.072021484375 0.16875
0 0.21484375 0.51015625 0.09521484375 0.20751953125
0 0.0609375 0.22734375 0.0966796875 0.160986328125
0 0.26875 0.81484375 0.077880859375 0.1703125
0 0.278125 0.22578125 0.09375 0.160791015625
0 0.2796875 0.521875 0.075341796875 0.19033203125
1 0.47421875 0.51953125 0.08291015625 0.1923828125
1 0.546875 0.51015625 0.087451171875 0.19375
1 0.67265625 0.52109375 0.088916015625 0.179443359375
1 0.73984375 0.5171875 0.086181640625 0.177783203125
1 0.80625 0.52109375 0.087451171875 0.176904296875
1 0.8703125 0.52265625 0.09033203125 0.17939453125