0 0.3421875 0.86875 0.07265625 0.14609375
0 0.3765625 0.6234375 0.06953125 0.140625
0 0.38203125 0.10546875 0.0640625 0.14609375
0 0.40859375 0.86015625 0.07265625 0.16640625
0 0.46953125 0.85859375 0.0640625 0.15625
0 0.49453125 0.61484375 0.06953125 0.140625
0 0.49765625 0.3765625 0.06875 0.15234375
0 0.5015625 0.11328125 0.0640625 0.14609375
0 0.528125 0.86015625 0.0640625 0.15625
0 0.09140625 0.09296875 0.08203125 0.16640625
0 0.5546875 0.61484375 0.06953125 0.140625
0 0.56484375 0.1171875 0.0640625 0.14609375
0 0.58984375 0.8609375 0.06484375 0.1375
0 0.6578125 0.85390625 0.06484375 0.1375
0 0.09921875 0.3609375 0.0734375 0.16640625
0 0.671875 0.61796875 0.06953125 0.140625
0 0.67421875 0.12421875 0.0640625 0.14609375
0 0.10390625 0.6359375 0.078125 0.14609375
0 0.734375 0.60703125 0.0578125 0.15234375
0 0.78984375 0.61171875 0.06484375 0.13046875
0 0.79765625 0.12421875 0.0640625 0.14609375
0 0.79921875 0.36953125 0.0609375 0.14921875
0 0.85390625 0.61015625 0.06484375 0.13046875
0 0.86171875 0.11875 0.0640625 0.14609375
0 0.9 0.83515625 0.075 0.140625
0 0.91640625 0.60625 0.06484375 0.13046875
0 0.921875 0.36953125 0.0609375 0.14921875
0 0.92421875 0.12421875 0.0640625 0.14609375
0 0.12421875 0.87421875 0.06953125 0.1609375
0 0.17578125 0.6296875 0.0671875 0.14609375
0 0.19765625 0.87734375 0.07265625 0.14609375
0 0.2453125 0.61953125 0.06640625 0.17265625
0 0.2765625 0.87734375 0.07265625 0.14609375
0 0.31015625 0.60546875 0.0609375 0.1765625
5 0.375 0.3734375 0.06875 0.15234375
5 0.67421875 0.36953125 0.06875 0.15234375
5 0.7390625 0.371875 0.06875 0.15234375
5 0.1703125 0.371875 0.06875 0.15234375
5 0.24296875 0.36953125 0.06875 0.15234375
5 0.3078125 0.375 0.06875 0.15234375
2 0.8328125 0.8375 0.075 0.140625