0 0.71015625 0.125 0.161181640625 0.178466796875
0 0.70625 0.878125 0.143505859375 0.15283203125
0 0.84921875 0.125 0.154345703125 0.172021484375
0 0.8515625 0.415625 0.156201171875 0.172216796875
0 0.85234375 0.8796875 0.15166015625 0.159375
0 0.2734375 0.10703125 0.165380859375 0.179736328125
0 0.3 0.3859375 0.16240234375 0.190625
0 0.3296875 0.64296875 0.149755859375 0.167041015625
0 0.33671875 0.87578125 0.1453125 0.167333984375
0 0.42421875 0.1171875 0.151416015625 0.169091796875
0 0.446875 0.39375 0.165380859375 0.19404296875
0 0.4578125 0.64296875 0.149755859375 0.167041015625
0 0.4625 0.87734375 0.134375 0.158154296875
0 0.56796875 0.1234375 0.14873046875 0.16865234375
0 0.58125 0.884375 0.1404296875 0.149609375
1 0.7140625 0.4171875 0.159716796875 0.177880859375
1 0.5859375 0.396875 0.149755859375 0.18408203125
5 0.70859375 0.6578125 0.1294921875 0.15283203125
5 0.8390625 0.6609375 0.1314453125 0.15595703125
5 0.58046875 0.65625 0.1267578125 0.14970703125