0 0.353125 0.540625 0.07822265625 0.1404296875
0 0.35390625 0.26484375 0.0671875 0.132470703125
0 0.359375 0.79609375 0.0751953125 0.146875
0 0.41875 0.53515625 0.071533203125 0.157470703125
0 0.41875 0.26875 0.06552734375 0.13779296875
0 0.42421875 0.8140625 0.08125 0.147265625
0 0.484375 0.8171875 0.0751953125 0.146875
0 0.48671875 0.53828125 0.08310546875 0.16083984375
0 0.48515625 0.26875 0.078125 0.14345703125
0 0.55 0.53203125 0.08154296875 0.16064453125
0 0.55234375 0.815625 0.078125 0.1470703125
0 0.55234375 0.271875 0.078125 0.14345703125
0 0.61640625 0.53984375 0.080029296875 0.160595703125
0 0.61796875 0.815625 0.0763671875 0.146875
0 0.61953125 0.25703125 0.079443359375 0.163720703125
0 0.67890625 0.5515625 0.0701171875 0.1376953125
0 0.68203125 0.81015625 0.064306640625 0.14375
0 0.684375 0.27265625 0.07841796875 0.1453125
0 0.73984375 0.815625 0.07314453125 0.146875
0 0.74375 0.5453125 0.075390625 0.140625
0 0.7515625 0.27265625 0.08134765625 0.1455078125
0 0.80546875 0.81015625 0.07646484375 0.1482421875
0 0.80859375 0.546875 0.0640625 0.13759765625
0 0.81640625 0.27109375 0.0703125 0.1421875
0 0.86796875 0.80859375 0.073681640625 0.1482421875
0 0.87109375 0.546875 0.0640625 0.13759765625
0 0.88203125 0.27265625 0.071875 0.1421875
0 0.93515625 0.5453125 0.06875 0.13759765625
0 0.93671875 0.81015625 0.076611328125 0.1484375
0 0.94140625 0.26796875 0.0671875 0.140625
0 0.23046875 0.7859375 0.0826171875 0.1435546875
0 0.2890625 0.540625 0.06904296875 0.13447265625
0 0.29296875 0.26796875 0.0767578125 0.135791015625
0 0.29765625 0.79609375 0.0701171875 0.14375
1 0.09296875 0.26484375 0.0734375 0.133056640625
1 0.1578125 0.26328125 0.06572265625 0.129736328125
1 0.22265625 0.26640625 0.0705078125 0.132861328125
1 0.03359375 0.26796875 0.0671875 0.1484375
5 0.10078125 0.5359375 0.070556640625 0.134716796875
5 0.040625 0.5328125 0.07470703125 0.13466796875
5 0.1640625 0.5375 0.06572265625 0.13427734375
5 0.228125 0.5421875 0.069091796875 0.134521484375
2 0.103125 0.8 0.07197265625 0.14072265625
2 0.16796875 0.8046875 0.0736328125 0.14033203125
2 0.046875 0.79140625 0.07470703125 0.140625