0 0.4984375 0.8296875 0.134619140625 0.19365234375
0 0.609375 0.2109375 0.125048828125 0.18759765625
0 0.61640625 0.528125 0.123583984375 0.18427734375
0 0.73203125 0.528125 0.123583984375 0.18427734375
0 0.74453125 0.2171875 0.123779296875 0.18720703125
0 0.84453125 0.84453125 0.141943359375 0.1951171875
0 0.85 0.528125 0.137744140625 0.19345703125
0 0.87578125 0.2125 0.133154296875 0.19052734375
0 0.3578125 0.19921875 0.127978515625 0.1888671875
0 0.375 0.51953125 0.127978515625 0.1888671875
0 0.38046875 0.821875 0.126708984375 0.18720703125
0 0.48984375 0.2078125 0.13564453125 0.191015625
0 0.49140625 0.52421875 0.126708984375 0.1875
1 0.6125 0.83828125 0.134228515625 0.1919921875
1 0.73046875 0.84140625 0.135693359375 0.1919921875