0 0.425 0.87265625 0.122119140625 0.2205078125
0 0.42890625 0.52265625 0.1125 0.198095703125
0 0.44453125 0.17578125 0.10126953125 0.2142578125
0 0.521875 0.52109375 0.112890625 0.198291015625
0 0.52734375 0.86796875 0.123193359375 0.2205078125
0 0.53828125 0.18203125 0.116845703125 0.2203125
0 0.60234375 0.51796875 0.0984375 0.198095703125
0 0.6140625 0.87109375 0.115283203125 0.198681640625
0 0.60625 0.515625 0.084228515625 0.20947265625
0 0.6171875 0.18671875 0.087548828125 0.2111328125
0 0.66640625 0.5140625 0.076513671875 0.20947265625
0 0.671875 0.52109375 0.10625 0.198681640625
0 0.70078125 0.865625 0.105029296875 0.197021484375
0 0.690625 0.18515625 0.081103515625 0.2107421875
0 0.7375 0.52265625 0.090625 0.195166015625
0 0.73828125 0.5140625 0.098193359375 0.21533203125
0 0.75703125 0.1890625 0.09248046875 0.2126953125
0 0.78828125 0.8640625 0.104638671875 0.196826171875
0 0.1234375 0.87578125 0.100048828125 0.2140625
0 0.80625 0.52109375 0.093408203125 0.198095703125
0 0.80703125 0.521875 0.079833984375 0.20908203125
0 0.12890625 0.51484375 0.1046875 0.192431640625
0 0.82265625 0.1953125 0.082958984375 0.21240234375
0 0.875 0.8625 0.09970703125 0.19384765625
0 0.8875 0.5296875 0.084619140625 0.206201171875
0 0.88671875 0.2 0.076513671875 0.20654296875
0 0.8890625 0.5203125 0.078369140625 0.20966796875
0 0.14140625 0.1546875 0.110595703125 0.21884765625
0 0.2328125 0.52109375 0.109765625 0.195556640625
0 0.23046875 0.87890625 0.110888671875 0.2171875
0 0.24453125 0.1578125 0.110595703125 0.21884765625
0 0.33125 0.87421875 0.115673828125 0.2201171875
0 0.3359375 0.52265625 0.11875 0.19873046875
0 0.3453125 0.17578125 0.115966796875 0.2205078125