0 0.3578125 0.88515625 0.055908203125 0.1205078125
0 0.3578125 0.2140625 0.056494140625 0.121484375
0 0.41171875 0.8828125 0.063818359375 0.12490234375
0 0.41328125 0.2078125 0.06376953125 0.121875
0 0.46171875 0.8875 0.064013671875 0.12197265625
0 0.46796875 0.2078125 0.06123046875 0.121875
0 0.06875 0.52890625 0.053125 0.145654296875
0 0.515625 0.8828125 0.065673828125 0.12509765625
0 0.51953125 0.21015625 0.058154296875 0.1203125
0 0.54609375 0.5484375 0.0609375 0.125048828125
0 0.56484375 0.89375 0.070458984375 0.14697265625
0 0.56875 0.21015625 0.062158203125 0.1205078125
0 0.6 0.5484375 0.050390625 0.12216796875
0 0.6234375 0.2109375 0.065234375 0.1283203125
0 0.6515625 0.54609375 0.065234375 0.126708984375
0 0.675 0.2109375 0.053125 0.1251953125
0 0.1 0.1953125 0.071875 0.153515625
0 0.703125 0.54609375 0.0564453125 0.12626953125
0 0.72890625 0.20859375 0.06103515625 0.1234375
0 0.09765625 0.8796875 0.05185546875 0.13125
0 0.78203125 0.90703125 0.057568359375 0.1423828125
0 0.85078125 0.11875 0.06103515625 0.14384765625
0 0.81640625 0.540625 0.06689453125 0.14990234375
0 0.834375 0.89375 0.068408203125 0.1625
0 0.903125 0.12265625 0.059228515625 0.146875
0 0.1484375 0.88515625 0.065673828125 0.1236328125
0 0.1546875 0.2078125 0.062353515625 0.121875
0 0.20234375 0.88515625 0.054833984375 0.1203125
0 0.209375 0.21015625 0.062353515625 0.121875
0 0.25234375 0.88515625 0.06689453125 0.1236328125
0 0.25703125 0.21015625 0.067529296875 0.1234375
0 0.30546875 0.88515625 0.057958984375 0.121875
0 0.3078125 0.2078125 0.062744140625 0.1220703125
4 0.62109375 0.8984375 0.06416015625 0.1439453125
4 0.67890625 0.8984375 0.06689453125 0.1439453125
4 0.73125 0.9 0.059619140625 0.14658203125
8 0.33671875 0.54609375 0.0546875 0.123779296875
8 0.39140625 0.54375 0.0578125 0.124853515625
8 0.44140625 0.54375 0.0625 0.125244140625
8 0.49296875 0.54375 0.0625 0.125244140625
8 0.7625 0.54296875 0.053173828125 0.145361328125
8 0.1328125 0.54375 0.0625 0.125244140625
8 0.184375 0.54609375 0.053125 0.123583984375
8 0.2359375 0.54140625 0.065234375 0.12666015625
8 0.28828125 0.54140625 0.0578125 0.126318359375