0 0.384375 0.5546875 0.087158203125 0.1591796875
0 0.49921875 0.5546875 0.086279296875 0.1591796875
0 0.50078125 0.29921875 0.085693359375 0.151220703125
0 0.50078125 0.82734375 0.071875 0.153125
0 0.5609375 0.29765625 0.087744140625 0.151611328125
0 0.56328125 0.56015625 0.07998046875 0.1576171875
0 0.665625 0.55546875 0.074609375 0.148779296875
0 0.10703125 0.83046875 0.092333984375 0.1892578125
0 0.1125 0.55625 0.0845703125 0.175390625
0 0.784375 0.559375 0.0810546875 0.152783203125
0 0.79609375 0.81796875 0.078125 0.1548828125
0 0.84921875 0.55390625 0.071875 0.14873046875
0 0.8546875 0.30078125 0.080908203125 0.148486328125
0 0.909375 0.5515625 0.078125 0.150244140625
0 0.9109375 0.80546875 0.08115234375 0.15625
1 0.10625 0.28125 0.100244140625 0.181298828125
1 0.73359375 0.29921875 0.089208984375 0.151611328125
1 0.79375 0.30078125 0.087744140625 0.151611328125
1 0.178125 0.28984375 0.077978515625 0.148291015625
1 0.2484375 0.28984375 0.08427734375 0.15126953125
1 0.31171875 0.2921875 0.085693359375 0.150341796875
5 0.371875 0.8296875 0.080908203125 0.16865234375
5 0.67578125 0.821875 0.071875 0.15283203125
5 0.73984375 0.81640625 0.0705078125 0.153125
5 0.18046875 0.8375 0.073583984375 0.16259765625
5 0.2484375 0.83515625 0.080908203125 0.1671875
5 0.309375 0.8296875 0.071923828125 0.16552734375