0 0.440625 0.87109375 0.07890625 0.12421875
0 0.440625 0.18671875 0.07890625 0.1
0 0.50703125 0.87109375 0.07890625 0.12421875
0 0.51484375 0.18671875 0.07890625 0.1
0 0.0875 0.428125 0.07578125 0.1046875
0 0.04453125 0.2046875 0.07890625 0.1
0 0.57578125 0.8671875 0.07890625 0.13203125
0 0.63515625 0.65 0.07578125 0.1046875
0 0.096875 0.63203125 0.07578125 0.1046875
0 0.63828125 0.421875 0.07578125 0.1046875
0 0.65 0.8703125 0.07890625 0.13203125
0 0.10390625 0.203125 0.07890625 0.1
0 0.715625 0.4203125 0.07578125 0.1046875
0 0.7171875 0.65390625 0.07578125 0.1046875
0 0.725 0.88046875 0.07890625 0.12109375
0 0.725 0.16328125 0.07890625 0.12734375
0 0.10703125 0.84609375 0.07578125 0.1046875
0 0.78984375 0.41484375 0.07578125 0.1046875
0 0.79453125 0.65546875 0.07578125 0.1046875
0 0.79921875 0.890625 0.07890625 0.12109375
0 0.80078125 0.16328125 0.07890625 0.12734375
0 0.1546875 0.425 0.07578125 0.1046875
0 0.16328125 0.6359375 0.07578125 0.1046875
0 0.16640625 0.8421875 0.07578125 0.12265625
0 0.23671875 0.85859375 0.06875 0.11953125
0 0.3015625 0.2 0.07890625 0.1
0 0.3015625 0.85703125 0.06875 0.1390625
0 0.371875 0.86953125 0.07890625 0.12421875
0 0.371875 0.190625 0.07890625 0.1
3 0.4984375 0.6453125 0.07578125 0.1046875
3 0.50078125 0.421875 0.07578125 0.1046875
3 0.56640625 0.6484375 0.07578125 0.1046875
3 0.57265625 0.4203125 0.07578125 0.1046875
3 0.22421875 0.4234375 0.07578125 0.1046875
3 0.23203125 0.63203125 0.07578125 0.1046875
3 0.29296875 0.6390625 0.07578125 0.1046875
3 0.359375 0.4234375 0.07578125 0.1046875
3 0.3625 0.640625 0.07578125 0.1046875
3 0.425 0.64375 0.07578125 0.1046875
6 0.16796875 0.2015625 0.07890625 0.1
6 0.23359375 0.1984375 0.07890625 0.1
9 0.58203125 0.1890625 0.07890625 0.1
9 0.659375 0.18515625 0.07890625 0.1