0 0.34296875 0.8171875 0.07109375 0.16875
0 0.06640625 0.51796875 0.07109375 0.20078125
0 0.3515625 0.22734375 0.08125 0.15546875
0 0.34765625 0.521875 0.07109375 0.1890625
0 0.06953125 0.80546875 0.07109375 0.18359375
0 0.47890625 0.221875 0.08125 0.15546875
0 0.47578125 0.81328125 0.07109375 0.16875
0 0.540625 0.21796875 0.08125 0.15546875
0 0.5390625 0.80390625 0.07109375 0.16875
0 0.66328125 0.22734375 0.08125 0.15546875
0 0.67734375 0.809375 0.07109375 0.16875
0 0.74296875 0.221875 0.08125 0.15546875
0 0.74296875 0.809375 0.07109375 0.16875
0 0.81015625 0.809375 0.07109375 0.16875
0 0.8109375 0.225 0.07109375 0.17578125
0 0.87265625 0.234375 0.07109375 0.17578125
0 0.8765625 0.8078125 0.07109375 0.16875
0 0.93984375 0.7921875 0.07109375 0.16875
0 0.94375 0.22109375 0.07109375 0.17578125
0 0.94453125 0.51875 0.07109375 0.1609375
0 0.1359375 0.23359375 0.08125 0.15546875
0 0.13984375 0.50703125 0.07109375 0.20078125
0 0.1421875 0.8078125 0.07109375 0.18359375
0 0.2046875 0.2296875 0.08125 0.15546875
0 0.2046875 0.81484375 0.07109375 0.16875
0 0.21484375 0.51015625 0.07109375 0.20078125
0 0.0609375 0.22734375 0.08125 0.15546875
0 0.26875 0.81484375 0.07109375 0.16875
0 0.278125 0.22578125 0.08125 0.15546875
0 0.2796875 0.521875 0.07109375 0.1890625
1 0.47421875 0.51953125 0.07109375 0.1890625
1 0.546875 0.51015625 0.07109375 0.1890625
1 0.67265625 0.52109375 0.07109375 0.17265625
1 0.73984375 0.5171875 0.07109375 0.17265625
1 0.80625 0.52109375 0.07109375 0.17265625
1 0.8703125 0.52265625 0.07109375 0.17265625