0 0.36953125 0.784375 0.07685546875 0.1470703125
0 0.37421875 0.5109375 0.071875 0.14365234375
0 0.37421875 0.221875 0.066845703125 0.155908203125
0 0.4359375 0.7796875 0.071630859375 0.1439453125
0 0.440625 0.5109375 0.07509765625 0.14384765625
0 0.440625 0.2328125 0.07197265625 0.14384765625
0 0.50546875 0.515625 0.0736328125 0.143359375
0 0.51171875 0.7796875 0.076611328125 0.1470703125
0 0.5109375 0.2359375 0.0748046875 0.1439453125
0 0.575 0.5109375 0.07509765625 0.14384765625
0 0.5765625 0.77578125 0.07490234375 0.15751953125
0 0.58125 0.234375 0.06845703125 0.14404296875
0 0.6421875 0.7796875 0.072021484375 0.155908203125
0 0.6421875 0.5015625 0.0689453125 0.146484375
0 0.6484375 0.2328125 0.075 0.146484375
0 0.703125 0.78671875 0.078271484375 0.1392578125
0 0.70859375 0.51171875 0.0763671875 0.1482421875
0 0.7203125 0.2328125 0.08115234375 0.14677734375
0 0.10625 0.23671875 0.068701171875 0.1390625
0 0.77734375 0.78828125 0.067431640625 0.1359375
0 0.7828125 0.51328125 0.07216796875 0.146875
0 0.7890625 0.2375 0.068603515625 0.14404296875
0 0.84140625 0.78359375 0.070166015625 0.1361328125
0 0.84453125 0.51171875 0.0734375 0.146875
0 0.85390625 0.234375 0.082763671875 0.14990234375
0 0.9046875 0.78671875 0.078271484375 0.1392578125
0 0.91328125 0.51328125 0.0794921875 0.1484375
0 0.91796875 0.234375 0.07060546875 0.1466796875
0 0.9625 0.784375 0.075 0.140625
0 0.9703125 0.509375 0.059375 0.14375
0 0.97265625 0.23515625 0.0546875 0.1484375
0 0.0453125 0.23046875 0.071826171875 0.1392578125
0 0.171875 0.23203125 0.071826171875 0.1392578125
0 0.23828125 0.22890625 0.067236328125 0.1390625
0 0.30546875 0.5140625 0.0736328125 0.14384765625
0 0.30703125 0.7859375 0.079541015625 0.147265625
0 0.3125 0.23046875 0.065771484375 0.1375
1 0.1046875 0.50234375 0.078271484375 0.1419921875
1 0.0421875 0.50390625 0.065576171875 0.1361328125
1 0.16953125 0.50546875 0.07373046875 0.140625
1 0.2375 0.5109375 0.07841796875 0.14658203125
5 0.11171875 0.778125 0.076806640625 0.1470703125
5 0.1765625 0.7796875 0.081591796875 0.1498046875
5 0.046875 0.77265625 0.06552734375 0.1451171875
5 0.24296875 0.778125 0.07958984375 0.149609375