0 0.3484375 0.21484375 0.09677734375 0.158056640625
0 0.07265625 0.4484375 0.086181640625 0.172265625
0 0.35546875 0.7046875 0.0765625 0.1376953125
0 0.353125 0.92890625 0.06552734375 0.1392578125
0 0.35546875 0.4671875 0.076318359375 0.15
0 0.41484375 0.9296875 0.0671875 0.140625
0 0.421875 0.203125 0.09345703125 0.174951171875
0 0.421875 0.45625 0.0748046875 0.1876953125
0 0.0796875 0.71171875 0.084228515625 0.136083984375
0 0.478125 0.92578125 0.07177734375 0.1421875
0 0.484375 0.4578125 0.08740234375 0.16533203125
0 0.08125 0.9359375 0.07470703125 0.11259765625
0 0.54296875 0.928125 0.0734375 0.14375
0 0.55078125 0.459375 0.0951171875 0.18115234375
0 0.603125 0.92421875 0.06845703125 0.140625
0 0.6140625 0.46953125 0.081005859375 0.157861328125
0 0.61328125 0.709375 0.076416015625 0.1439453125
0 0.62421875 0.21171875 0.0669921875 0.1794921875
0 0.6578125 0.92578125 0.07470703125 0.1421875
0 0.671875 0.70234375 0.0654296875 0.1388671875
0 0.6796875 0.4671875 0.068701171875 0.134765625
0 0.6875 0.2328125 0.07470703125 0.15029296875
0 0.72890625 0.709375 0.07041015625 0.1408203125
0 0.7375 0.47734375 0.07197265625 0.15458984375
0 0.790625 0.709375 0.07509765625 0.146875
0 0.80078125 0.45625 0.064111328125 0.162548828125
0 0.85078125 0.70390625 0.0736328125 0.1421875
0 0.8625 0.46796875 0.077880859375 0.1451171875
0 0.86171875 0.9359375 0.0736328125 0.1154296875
0 0.871875 0.22734375 0.069140625 0.1767578125
0 0.9078125 0.6921875 0.074755859375 0.131103515625
0 0.92265625 0.475 0.0638671875 0.14384765625
0 0.93828125 0.22734375 0.076513671875 0.164208984375
0 0.140625 0.19609375 0.09384765625 0.173193359375
0 0.1453125 0.4640625 0.087841796875 0.1466796875
0 0.1515625 0.715625 0.0873046875 0.149609375
0 0.15234375 0.93515625 0.0796875 0.1296875
0 0.21328125 0.20234375 0.0796875 0.163818359375
0 0.21484375 0.45625 0.076708984375 0.146875
0 0.2203125 0.7171875 0.08408203125 0.147265625
0 0.21953125 0.93125 0.0640625 0.137451171875
0 0.06171875 0.18828125 0.0955078125 0.1921875
0 0.28515625 0.45078125 0.0919921875 0.1763671875
0 0.28671875 0.92734375 0.0732421875 0.1421875
0 0.2921875 0.70234375 0.081298828125 0.1392578125
1 0.41875 0.70625 0.087890625 0.1560546875
1 0.48515625 0.70703125 0.080029296875 0.15
1 0.546875 0.70234375 0.081494140625 0.1548828125
5 0.72265625 0.92578125 0.0767578125 0.14375
5 0.80546875 0.9421875 0.0734375 0.115625
5 0.9203125 0.9328125 0.0658203125 0.109765625
7 0.4890625 0.21953125 0.072265625 0.146875
7 0.55546875 0.225 0.073193359375 0.15009765625
7 0.7484375 0.23125 0.05615234375 0.15
7 0.8140625 0.2328125 0.05341796875 0.1466796875
7 0.27890625 0.21015625 0.08603515625 0.17314453125