0 0.365625 0.72421875 0.06171875 0.1140625
0 0.36640625 0.12109375 0.05859375 0.1046875
0 0.36875 0.3203125 0.0625 0.1078125
0 0.36953125 0.52265625 0.06015625 0.1140625
0 0.4734375 0.72578125 0.06171875 0.1140625
0 0.48125 0.92265625 0.06171875 0.115625
0 0.48125 0.321875 0.06015625 0.1015625
0 0.4828125 0.1109375 0.05859375 0.1046875
0 0.53515625 0.71875 0.06171875 0.1140625
0 0.5375 0.92265625 0.06171875 0.115625
0 0.53828125 0.31875 0.06015625 0.1015625
0 0.540625 0.1109375 0.05859375 0.1046875
0 0.64765625 0.7171875 0.06171875 0.1140625
0 0.6484375 0.31953125 0.06015625 0.10625
0 0.6515625 0.1171875 0.05859375 0.12578125
0 0.69765625 0.31796875 0.06015625 0.10625
0 0.70234375 0.7171875 0.06171875 0.1140625
0 0.7046875 0.11484375 0.05234375 0.12578125
0 0.76015625 0.7140625 0.06171875 0.1140625
0 0.76015625 0.1234375 0.05859375 0.1125
0 0.76015625 0.3109375 0.06015625 0.12578125
0 0.809375 0.7140625 0.06171875 0.1140625
0 0.80859375 0.325 0.06015625 0.1140625
0 0.81328125 0.121875 0.05859375 0.1125
0 0.8125 0.91484375 0.0578125 0.12421875
0 0.865625 0.7078125 0.06171875 0.1140625
0 0.86796875 0.325 0.06015625 0.1140625
0 0.8703125 0.9140625 0.0578125 0.115625
0 0.87421875 0.52578125 0.06015625 0.1140625
0 0.875 0.121875 0.05859375 0.1125
0 0.1296875 0.3203125 0.0625 0.1078125
0 0.13125 0.11953125 0.05859375 0.1046875
0 0.13359375 0.52578125 0.06015625 0.12734375
0 0.13515625 0.721875 0.06171875 0.12734375
0 0.140625 0.91796875 0.06171875 0.134375
0 0.18984375 0.31875 0.0625 0.1078125
0 0.19140625 0.12109375 0.05859375 0.1046875
0 0.19375 0.52421875 0.06015625 0.12734375
0 0.19375 0.91640625 0.06171875 0.134375
0 0.1953125 0.72421875 0.06171875 0.12734375
0 0.2515625 0.721875 0.06171875 0.1140625
0 0.2515625 0.12578125 0.05859375 0.1046875
0 0.25390625 0.93046875 0.06171875 0.115625
0 0.25625 0.31875 0.0625 0.1078125
0 0.25625 0.51796875 0.06015625 0.12734375
0 0.3078125 0.72578125 0.06171875 0.1140625
0 0.30625 0.12421875 0.05859375 0.1046875
0 0.31328125 0.3203125 0.0625 0.1078125
0 0.31640625 0.52421875 0.06015625 0.1140625
1 0.48359375 0.51953125 0.06015625 0.1140625
1 0.5359375 0.51796875 0.06015625 0.1140625
1 0.64296875 0.51796875 0.06015625 0.1140625
1 0.70078125 0.52265625 0.06015625 0.1140625
1 0.76015625 0.52421875 0.06015625 0.1140625
1 0.81015625 0.52265625 0.06015625 0.1140625
5 0.36796875 0.92421875 0.06171875 0.115625
5 0.64453125 0.92578125 0.05859375 0.115625
5 0.6984375 0.92265625 0.05859375 0.115625
5 0.753125 0.91484375 0.05390625 0.12421875
5 0.3078125 0.92421875 0.06171875 0.115625