0 0.35078125 0.35390625 0.0796875 0.1984375
0 0.35625 0.72421875 0.08125 0.21015625
0 0.425 0.35390625 0.0796875 0.1984375
0 0.42890625 0.73046875 0.08125 0.21015625
0 0.503125 0.35390625 0.0796875 0.1984375
0 0.5046875 0.72265625 0.08125 0.2265625
0 0.578125 0.33984375 0.0796875 0.20625
0 0.5796875 0.7265625 0.08125 0.2265625
0 0.6515625 0.73828125 0.075 0.18671875
0 0.65625 0.35078125 0.0796875 0.1921875
0 0.72734375 0.35234375 0.0796875 0.1921875
0 0.72890625 0.728125 0.075 0.18671875
0 0.7984375 0.728125 0.075 0.18671875
0 0.803125 0.35234375 0.0796875 0.1921875
0 0.86953125 0.73046875 0.075 0.18671875
0 0.878125 0.35078125 0.0796875 0.1921875
0 0.9390625 0.728125 0.075 0.18671875
0 0.95 0.35234375 0.0796875 0.1921875
0 0.2046875 0.35390625 0.08359375 0.190625
0 0.2125 0.73359375 0.075 0.1921875
0 0.2828125 0.3515625 0.08359375 0.190625
0 0.28515625 0.73515625 0.075 0.1921875
1 0.1296875 0.3515625 0.08359375 0.190625
1 0.05390625 0.3515625 0.08359375 0.190625
5 0.06796875 0.7296875 0.075 0.1921875
5 0.1390625 0.73359375 0.075 0.1921875