0 0.55546875 0.65234375 0.10859375 0.24765625
0 0.559375 0.2421875 0.11796875 0.23984375
0 0.19453125 0.67265625 0.11015625 0.28671875
0 0.6703125 0.65546875 0.10859375 0.24765625
0 0.66796875 0.24453125 0.11796875 0.23984375
0 0.7828125 0.65390625 0.10859375 0.24765625
0 0.7796875 0.246875 0.11796875 0.23984375
0 0.903125 0.6546875 0.12421875 0.25234375
0 0.309375 0.6578125 0.1203125 0.25859375
0 0.4328125 0.6546875 0.10859375 0.24765625
0 0.44140625 0.23359375 0.11796875 0.23984375
5 0.19296875 0.22734375 0.12421875 0.2546875
5 0.890625 0.26640625 0.11015625 0.27890625
5 0.31953125 0.23515625 0.1390625 0.25625