0 0.36484375 0.31484375 0.07734375 0.2
0 0.4453125 0.30390625 0.07734375 0.2
0 0.52421875 0.29765625 0.07734375 0.2
0 0.61328125 0.29140625 0.07734375 0.2
0 0.103125 0.7625 0.08828125 0.23203125
0 0.76015625 0.76484375 0.08828125 0.23203125
0 0.84453125 0.77734375 0.08828125 0.23203125
0 0.8640625 0.265625 0.08828125 0.26015625
0 0.1265625 0.3171875 0.07734375 0.2
0 0.94140625 0.77578125 0.08828125 0.23203125
0 0.953125 0.25859375 0.08828125 0.26015625
0 0.17734375 0.7671875 0.08828125 0.23203125
0 0.05546875 0.32109375 0.07734375 0.2
3 0.4140625 0.7671875 0.08828125 0.23203125
3 0.58359375 0.77109375 0.08828125 0.23203125
3 0.67265625 0.7734375 0.08828125 0.23203125
3 0.25859375 0.76015625 0.08828125 0.23203125
6 0.2078125 0.32578125 0.07734375 0.2
6 0.28515625 0.30625 0.07734375 0.2
9 0.684375 0.2890625 0.07734375 0.2
9 0.7765625 0.29140625 0.07734375 0.2