0 0.34296875 0.18359375 0.085791015625 0.135888671875
0 0.35078125 0.91328125 0.082958984375 0.1421875
0 0.3546875 0.42421875 0.075048828125 0.1375
0 0.3578125 0.6703125 0.080908203125 0.147265625
0 0.4765625 0.42421875 0.06865234375 0.1361328125
0 0.478125 0.17265625 0.07802734375 0.146875
0 0.48046875 0.91171875 0.076318359375 0.1419921875
0 0.08125 0.42890625 0.084033203125 0.140625
0 0.08671875 0.91015625 0.08603515625 0.1548828125
0 0.0859375 0.18671875 0.084716796875 0.135888671875
0 0.5390625 0.91015625 0.080908203125 0.1423828125
0 0.53828125 0.17421875 0.0796875 0.1482421875
0 0.5390625 0.42578125 0.065673828125 0.1359375
0 0.0859375 0.6765625 0.065869140625 0.162548828125
0 0.665625 0.41875 0.081298828125 0.14345703125
0 0.66875 0.17734375 0.06865234375 0.1451171875
0 0.671875 0.91015625 0.071728515625 0.1392578125
0 0.7265625 0.18203125 0.066015625 0.1423828125
0 0.728125 0.41875 0.06884765625 0.1376953125
0 0.73125 0.90390625 0.071728515625 0.1392578125
0 0.7890625 0.18671875 0.0720703125 0.1453125
0 0.79375 0.4171875 0.071533203125 0.14345703125
0 0.79921875 0.9 0.07021484375 0.137890625
0 0.84921875 0.41640625 0.076318359375 0.1388671875
0 0.859375 0.8953125 0.08134765625 0.1435546875
0 0.8578125 0.17890625 0.06552734375 0.1421875
0 0.9203125 0.41640625 0.074658203125 0.1375
0 0.921875 0.17734375 0.07783203125 0.146875
0 0.92421875 0.66015625 0.082763671875 0.1486328125
0 0.9265625 0.8953125 0.071533203125 0.140234375
0 0.14921875 0.1921875 0.07373046875 0.13095703125
0 0.1515625 0.91171875 0.081103515625 0.153125
0 0.15390625 0.43046875 0.082568359375 0.1392578125
0 0.15546875 0.66796875 0.079833984375 0.167333984375
0 0.2171875 0.1921875 0.075341796875 0.131103515625
0 0.225 0.91640625 0.080908203125 0.140625
0 0.22578125 0.42890625 0.088818359375 0.1421875
0 0.228125 0.66796875 0.081298828125 0.167529296875
0 0.27421875 0.18515625 0.076611328125 0.132763671875
0 0.28515625 0.91328125 0.082568359375 0.1419921875
0 0.29375 0.42265625 0.072119140625 0.1359375
0 0.29296875 0.68125 0.079443359375 0.149609375
1 0.48046875 0.66484375 0.080029296875 0.1484375
1 0.546875 0.66171875 0.07802734375 0.1482421875
1 0.66796875 0.66796875 0.076513671875 0.1482421875
1 0.73046875 0.66796875 0.08251953125 0.1486328125
1 0.79375 0.66328125 0.08115234375 0.1486328125
1 0.85390625 0.65859375 0.070263671875 0.1453125