0 0.36953125 0.784375 0.06796875 0.14375
0 0.37421875 0.5109375 0.0640625 0.1390625
0 0.37421875 0.221875 0.06171875 0.15390625
0 0.4359375 0.7796875 0.06796875 0.14375
0 0.440625 0.5109375 0.0640625 0.1390625
0 0.440625 0.2328125 0.0640625 0.1421875
0 0.50546875 0.515625 0.0640625 0.1390625
0 0.51171875 0.7796875 0.06796875 0.14375
0 0.5109375 0.2359375 0.0640625 0.1421875
0 0.575 0.5109375 0.0640625 0.1390625
0 0.5765625 0.77578125 0.06796875 0.15390625
0 0.58125 0.234375 0.0640625 0.1421875
0 0.6421875 0.7796875 0.06796875 0.15390625
0 0.6421875 0.5015625 0.0640625 0.14375
0 0.6484375 0.2328125 0.0640625 0.1421875
0 0.703125 0.78671875 0.06796875 0.1359375
0 0.70859375 0.51171875 0.0640625 0.14375
0 0.7203125 0.2328125 0.0640625 0.1421875
0 0.10625 0.23671875 0.06484375 0.1375
0 0.77734375 0.78828125 0.06796875 0.1359375
0 0.7828125 0.51328125 0.0640625 0.14375
0 0.7890625 0.2375 0.06640625 0.1453125
0 0.84140625 0.78359375 0.06796875 0.1359375
0 0.84453125 0.51171875 0.0640625 0.14375
0 0.85390625 0.234375 0.06640625 0.1453125
0 0.9046875 0.78671875 0.06796875 0.1359375
0 0.91328125 0.51328125 0.0640625 0.14375
0 0.91796875 0.234375 0.06640625 0.1453125
0 0.96484375 0.78515625 0.06796875 0.1359375
0 0.97109375 0.51015625 0.05625 0.14375
0 0.9734375 0.2359375 0.04921875 0.1453125
0 0.0453125 0.23046875 0.06484375 0.1375
0 0.171875 0.23203125 0.06484375 0.1375
0 0.23828125 0.22890625 0.06484375 0.1375
0 0.30546875 0.5140625 0.0640625 0.1390625
0 0.30703125 0.7859375 0.06796875 0.14375
0 0.3125 0.23046875 0.06484375 0.1375
1 0.1046875 0.50234375 0.06171875 0.1359375
1 0.0421875 0.50390625 0.06171875 0.1359375
1 0.16953125 0.50546875 0.06171875 0.1359375
1 0.2375 0.5109375 0.0640625 0.1390625
5 0.11171875 0.778125 0.06796875 0.14375
5 0.1765625 0.7796875 0.06796875 0.14375
5 0.046875 0.77265625 0.06171875 0.14375
5 0.24296875 0.778125 0.06796875 0.14375