0 0.59453125 0.50546875 0.1017578125 0.223193359375
0 0.609375 0.80546875 0.103466796875 0.232666015625
0 0.67578125 0.5203125 0.1048828125 0.22197265625
0 0.68671875 0.7953125 0.08623046875 0.22822265625
0 0.74921875 0.49140625 0.0890625 0.232666015625
0 0.7609375 0.21640625 0.100146484375 0.216943359375
0 0.8265625 0.50546875 0.103125 0.215625
0 0.8359375 0.2203125 0.112451171875 0.218798828125
0 0.8390625 0.7734375 0.100341796875 0.231591796875
0 0.1359375 0.209375 0.122216796875 0.2689453125
0 0.13828125 0.82890625 0.1076171875 0.223193359375
0 0.22109375 0.521875 0.10146484375 0.21572265625
0 0.29453125 0.1953125 0.107861328125 0.2658203125
0 0.30625 0.8109375 0.10615234375 0.221728515625
0 0.37421875 0.1953125 0.117431640625 0.26875
0 0.38515625 0.80390625 0.092236328125 0.192138671875
0 0.45546875 0.20546875 0.114111328125 0.2673828125
0 0.52578125 0.78828125 0.089306640625 0.229541015625
0 0.5265625 0.50234375 0.10625 0.223388671875
1 0.215625 0.209375 0.10341796875 0.265625
4 0.2234375 0.81484375 0.11572265625 0.223779296875
5 0.6 0.21640625 0.118505859375 0.220654296875
5 0.52890625 0.21328125 0.104736328125 0.217529296875
7 0.30234375 0.509375 0.0951171875 0.23447265625
7 0.37421875 0.5125 0.1017578125 0.221728515625
7 0.45078125 0.80390625 0.089111328125 0.191943359375
7 0.453125 0.5125 0.081640625 0.215673828125
8 0.7578125 0.784375 0.090966796875 0.231005859375
10 0.13203125 0.521875 0.092236328125 0.212548828125