0 0.39921875 0.81015625 0.070556640625 0.129736328125
0 0.471875 0.81015625 0.075146484375 0.132666015625
0 0.084375 0.80546875 0.07177734375 0.12978515625
0 0.55390625 0.80234375 0.07314453125 0.12998046875
0 0.57265625 0.52265625 0.076318359375 0.126806640625
0 0.63359375 0.80234375 0.079736328125 0.135595703125
0 0.63828125 0.52578125 0.073779296875 0.126806640625
0 0.703125 0.80390625 0.08154296875 0.13583984375
0 0.70234375 0.52421875 0.07666015625 0.12939453125
0 0.76953125 0.52578125 0.06708984375 0.12353515625
0 0.78828125 0.8015625 0.07001953125 0.12158203125
0 0.83125 0.52578125 0.075244140625 0.129345703125
0 0.840625 0.246875 0.080908203125 0.131005859375
0 0.86015625 0.7984375 0.073779296875 0.122119140625
0 0.92421875 0.8015625 0.070068359375 0.121533203125
0 0.16328125 0.80703125 0.07060546875 0.12978515625
0 0.23671875 0.80859375 0.082861328125 0.135791015625
0 0.3296875 0.81015625 0.07490234375 0.13251953125
3 0.37890625 0.52421875 0.06728515625 0.12353515625
3 0.4046875 0.23828125 0.077783203125 0.129345703125
3 0.459375 0.52109375 0.07216796875 0.12666015625
3 0.47421875 0.2421875 0.07626953125 0.12822265625
3 0.56484375 0.2453125 0.076904296875 0.128466796875
3 0.625 0.2515625 0.072119140625 0.128076171875
3 0.69453125 0.25 0.06748046875 0.12509765625
3 0.10078125 0.221875 0.06748046875 0.12509765625
3 0.77421875 0.246875 0.07021484375 0.12529296875
3 0.1078125 0.51171875 0.065673828125 0.123486328125
3 0.89921875 0.52421875 0.076318359375 0.126806640625
3 0.9046875 0.2515625 0.07490234375 0.12822265625
3 0.16796875 0.221875 0.07021484375 0.12529296875
3 0.17734375 0.51484375 0.076904296875 0.129345703125
3 0.2453125 0.51953125 0.078173828125 0.129541015625
3 0.2453125 0.22421875 0.071533203125 0.126416015625
3 0.3109375 0.52109375 0.07529296875 0.12939453125
3 0.33671875 0.23359375 0.07041015625 0.12626953125