0 0.346875 0.734375 0.0689453125 0.119140625
0 0.34921875 0.58203125 0.0580078125 0.1080078125
0 0.3515625 0.26171875 0.065673828125 0.123681640625
0 0.40078125 0.57265625 0.0671875 0.1201171875
0 0.40546875 0.7375 0.0701171875 0.130908203125
0 0.4046875 0.26171875 0.053369140625 0.120361328125
0 0.40703125 0.4328125 0.054833984375 0.10322265625
0 0.45859375 0.57890625 0.0607421875 0.1171875
0 0.45859375 0.26796875 0.057568359375 0.120556640625
0 0.4609375 0.7265625 0.059375 0.128369140625
0 0.46015625 0.4234375 0.0625 0.11884765625
0 0.50546875 0.8875 0.06123046875 0.1158203125
0 0.50859375 0.275 0.057568359375 0.1033203125
0 0.51640625 0.4296875 0.0611328125 0.11884765625
0 0.52109375 0.57890625 0.0609375 0.1171875
0 0.5609375 0.8875 0.062255859375 0.11572265625
0 0.5640625 0.421875 0.058984375 0.1158203125
0 0.5671875 0.27734375 0.06279296875 0.1076171875
0 0.6125 0.8984375 0.053466796875 0.11572265625
0 0.61796875 0.57421875 0.0671875 0.1201171875
0 0.61796875 0.43046875 0.0517578125 0.12041015625
0 0.6234375 0.2703125 0.062744140625 0.1189453125
0 0.66640625 0.89140625 0.063720703125 0.129638671875
0 0.66953125 0.43984375 0.0515625 0.09853515625
0 0.671875 0.73984375 0.059130859375 0.1138671875
0 0.675 0.57421875 0.0591796875 0.1169921875
0 0.72265625 0.27734375 0.0669921875 0.1138671875
0 0.7234375 0.896875 0.062646484375 0.11591796875
0 0.7234375 0.43046875 0.056396484375 0.1046875
0 0.725 0.7421875 0.05615234375 0.1123046875
0 0.7328125 0.57890625 0.065625 0.1201171875
0 0.2328125 0.734375 0.0623046875 0.1185546875
0 0.240625 0.26171875 0.068798828125 0.1173828125
0 0.2421875 0.41875 0.07158203125 0.1154296875
0 0.240625 0.56796875 0.062841796875 0.1390625
0 0.29140625 0.90390625 0.0703125 0.115625
0 0.296875 0.5796875 0.0658203125 0.11259765625
0 0.2984375 0.2578125 0.071533203125 0.11904296875
0 0.30234375 0.4125 0.059375 0.1158203125
1 0.290625 0.73125 0.068359375 0.1189453125
5 0.50703125 0.73671875 0.051611328125 0.1109375
5 0.559375 0.73828125 0.056201171875 0.1125
7 0.35078125 0.89375 0.060986328125 0.131201171875
7 0.39765625 0.90390625 0.060791015625 0.1171875
7 0.45390625 0.896875 0.064111328125 0.11591796875
9 0.671875 0.28046875 0.0658203125 0.1078125
10 0.22734375 0.90390625 0.0703125 0.115625
2 0.5640625 0.57890625 0.06875 0.1203125