0 0.3484375 0.21484375 0.0796875 0.15234375
0 0.07265625 0.4484375 0.08359375 0.171875
0 0.35546875 0.7046875 0.06875 0.1359375
0 0.353125 0.92890625 0.0640625 0.1390625
0 0.35546875 0.4671875 0.06640625 0.146875
0 0.415625 0.93046875 0.0640625 0.1390625
0 0.421875 0.203125 0.0734375 0.16796875
0 0.421875 0.45625 0.0671875 0.1859375
0 0.0796875 0.71171875 0.07578125 0.13203125
0 0.478125 0.92578125 0.0640625 0.1390625
0 0.484375 0.4578125 0.07578125 0.16015625
0 0.08125 0.9359375 0.0671875 0.1109375
0 0.54375 0.92890625 0.0640625 0.1390625
0 0.55078125 0.459375 0.075 0.1734375
0 0.603125 0.92421875 0.0640625 0.1390625
0 0.6140625 0.46953125 0.07109375 0.15546875
0 0.61328125 0.709375 0.06484375 0.140625
0 0.62421875 0.21171875 0.0625 0.178125
0 0.6578125 0.92578125 0.0640625 0.1390625
0 0.671875 0.70234375 0.0609375 0.1375
0 0.6796875 0.4671875 0.06484375 0.134375
0 0.6875 0.2328125 0.0609375 0.1484375
0 0.72890625 0.709375 0.05859375 0.1375
0 0.7375 0.47734375 0.07109375 0.15390625
0 0.790625 0.709375 0.06640625 0.14375
0 0.80078125 0.45625 0.06484375 0.16328125
0 0.85078125 0.70390625 0.0609375 0.1375
0 0.8625 0.46796875 0.07109375 0.1421875
0 0.86171875 0.9359375 0.0640625 0.1109375
0 0.871875 0.22734375 0.0671875 0.1765625
0 0.9078125 0.6921875 0.05859375 0.12578125
0 0.92265625 0.475 0.0609375 0.1421875
0 0.93828125 0.22734375 0.06015625 0.16015625
0 0.140625 0.19609375 0.0796875 0.16640625
0 0.1453125 0.4640625 0.07734375 0.140625
0 0.1515625 0.715625 0.075 0.14375
0 0.15234375 0.9359375 0.0734375 0.12734375
0 0.21328125 0.20234375 0.0734375 0.16015625
0 0.21484375 0.45625 0.06953125 0.14375
0 0.2203125 0.7171875 0.07109375 0.14375
0 0.21953125 0.93125 0.0640625 0.13671875
0 0.06171875 0.18828125 0.075 0.1859375
0 0.28515625 0.45078125 0.0734375 0.1703125
0 0.28671875 0.92734375 0.0640625 0.1390625
0 0.2921875 0.70234375 0.06953125 0.134375
1 0.41875 0.70625 0.075 0.15
1 0.48515625 0.70703125 0.06640625 0.1453125
1 0.546875 0.70234375 0.06640625 0.15
5 0.72265625 0.92578125 0.0640625 0.1390625
5 0.80625 0.94296875 0.0640625 0.1109375
5 0.9203125 0.9328125 0.0640625 0.1109375
7 0.4890625 0.21953125 0.06875 0.1453125
7 0.55546875 0.225 0.06953125 0.1484375
7 0.7484375 0.23125 0.05234375 0.1484375
7 0.8140625 0.2328125 0.05390625 0.1453125
7 0.27890625 0.21015625 0.07265625 0.16796875