0 0.38984375 0.6296875 0.0484375 0.0953125
0 0.3921875 0.1421875 0.04296875 0.0890625
0 0.43515625 0.63203125 0.0484375 0.0953125
0 0.4421875 0.1421875 0.04296875 0.0890625
0 0.45546875 0.8703125 0.04375 0.11328125
0 0.48046875 0.6296875 0.0484375 0.0953125
0 0.48515625 0.1421875 0.04296875 0.0890625
0 0.50859375 0.38671875 0.0453125 0.09140625
0 0.525 0.63203125 0.0484375 0.0953125
0 0.53203125 0.1421875 0.04296875 0.0890625
0 0.55546875 0.38828125 0.0453125 0.09140625
0 0.57734375 0.13828125 0.04296875 0.0890625
0 0.5921875 0.88671875 0.0484375 0.10546875
0 0.59765625 0.390625 0.0453125 0.09140625
0 0.62265625 0.13359375 0.04296875 0.0890625
0 0.6421875 0.88828125 0.0484375 0.10546875
0 0.64453125 0.38828125 0.0453125 0.09140625
0 0.6734375 0.13828125 0.04296875 0.0890625
0 0.69453125 0.38125 0.05390625 0.109375
0 0.71484375 0.63984375 0.0484375 0.0953125
0 0.721875 0.128125 0.0453125 0.109375
0 0.74375 0.38125 0.05390625 0.109375
0 0.7609375 0.6328125 0.0453125 0.10546875
0 0.7734375 0.12578125 0.034375 0.109375
0 0.09453125 0.3734375 0.0375 0.109375
0 0.1 0.8546875 0.0453125 0.115625
0 0.11640625 0.13203125 0.05390625 0.09765625
0 0.1203125 0.6234375 0.0484375 0.0953125
0 0.1453125 0.86640625 0.0453125 0.10546875
0 0.16640625 0.6234375 0.0484375 0.0953125
0 0.16640625 0.1421875 0.04296875 0.0890625
0 0.18984375 0.86640625 0.0453125 0.10546875
0 0.21328125 0.6296875 0.0484375 0.0953125
0 0.21171875 0.13984375 0.04296875 0.0890625
0 0.23203125 0.86796875 0.0453125 0.10546875
0 0.23828125 0.384375 0.046875 0.0953125
0 0.25703125 0.6296875 0.0484375 0.0953125
0 0.25625 0.1421875 0.04296875 0.0890625
0 0.271875 0.8640625 0.04140625 0.11796875
0 0.3015625 0.628125 0.0484375 0.0953125
0 0.3 0.1421875 0.04296875 0.0890625
0 0.34375 0.628125 0.0484375 0.0953125
0 0.34375 0.1421875 0.04296875 0.0890625
4 0.5734375 0.63359375 0.0484375 0.0953125
4 0.61875 0.6359375 0.0484375 0.0953125
4 0.6671875 0.63984375 0.0484375 0.0953125
7 0.40859375 0.8734375 0.0453125 0.11953125
7 0.503125 0.8765625 0.0484375 0.10546875
7 0.55078125 0.88203125 0.0484375 0.10546875
7 0.69296875 0.896875 0.0484375 0.10546875
7 0.73984375 0.896875 0.0484375 0.10546875
7 0.3234375 0.8765625 0.0484375 0.109375
7 0.36484375 0.87421875 0.0484375 0.109375
8 0.36875 0.384375 0.0453125 0.09140625
8 0.41484375 0.384375 0.0453125 0.09140625
8 0.46171875 0.384375 0.0453125 0.09140625
8 0.14765625 0.384375 0.046875 0.0953125
8 0.190625 0.384375 0.046875 0.0953125
8 0.284375 0.384375 0.046875 0.0953125
8 0.32890625 0.38203125 0.0453125 0.09140625