0 0.34921875 0.90703125 0.0798828125 0.1515625
0 0.34921875 0.16171875 0.0703125 0.1361328125
0 0.35625 0.409375 0.08720703125 0.134423828125
0 0.3578125 0.65625 0.080908203125 0.14970703125
0 0.07734375 0.40625 0.0830078125 0.13408203125
0 0.0765625 0.6578125 0.080908203125 0.156396484375
0 0.07734375 0.90234375 0.0861328125 0.16689453125
0 0.47890625 0.91171875 0.084375 0.1517578125
0 0.48046875 0.159375 0.0669921875 0.14375
0 0.48125 0.4140625 0.06884765625 0.131103515625
0 0.07890625 0.16328125 0.0673828125 0.134375
0 0.54765625 0.90546875 0.078125 0.1513671875
0 0.5453125 0.4125 0.07197265625 0.131298828125
0 0.54921875 0.1578125 0.0796875 0.14677734375
0 0.6703125 0.409375 0.072119140625 0.131298828125
0 0.675 0.90234375 0.0810546875 0.1515625
0 0.67265625 0.1578125 0.071875 0.14384765625
0 0.73671875 0.4109375 0.073583984375 0.131298828125
0 0.7390625 0.90234375 0.083984375 0.1517578125
0 0.73828125 0.1609375 0.0673828125 0.14384765625
0 0.796875 0.16875 0.07216796875 0.127783203125
0 0.80390625 0.9 0.0767578125 0.15
0 0.8015625 0.40546875 0.07802734375 0.1484375
0 0.86171875 0.896875 0.0828125 0.1529296875
0 0.8625 0.4125 0.078076171875 0.137158203125
0 0.8625 0.16875 0.06279296875 0.122119140625
0 0.9265625 0.8890625 0.078515625 0.1501953125
0 0.92734375 0.4078125 0.07333984375 0.13447265625
0 0.9328125 0.6578125 0.074853515625 0.13779296875
0 0.9359375 0.1640625 0.0595703125 0.12197265625
0 0.14765625 0.65625 0.07373046875 0.15341796875
0 0.1484375 0.8984375 0.0845703125 0.165478515625
0 0.1546875 0.4109375 0.07529296875 0.131103515625
0 0.15234375 0.16640625 0.0673828125 0.134375
0 0.2140625 0.16640625 0.0751953125 0.1388671875
0 0.215625 0.91015625 0.080859375 0.1513671875
0 0.22421875 0.40625 0.0798828125 0.131494140625
0 0.225 0.6609375 0.077783203125 0.156201171875
0 0.284375 0.90703125 0.080859375 0.1513671875
0 0.28671875 0.4078125 0.078125 0.131103515625
0 0.2828125 0.1703125 0.07841796875 0.1404296875
0 0.290625 0.6625 0.078173828125 0.14345703125
1 0.4875 0.65625 0.07490234375 0.1404296875
1 0.5515625 0.6578125 0.075048828125 0.13779296875
1 0.67421875 0.653125 0.07021484375 0.1376953125
1 0.7390625 0.65625 0.07822265625 0.1408203125
1 0.79921875 0.65625 0.07333984375 0.1404296875
1 0.86484375 0.6546875 0.07998046875 0.140625