0 0.38515625 0.7859375 0.10390625 0.23828125
0 0.39921875 0.3859375 0.10546875 0.23828125
0 0.05546875 0.79375 0.10390625 0.23828125
0 0.48984375 0.778125 0.10390625 0.23828125
0 0.51328125 0.3890625 0.10546875 0.23828125
0 0.5796875 0.76015625 0.0859375 0.23828125
0 0.60078125 0.39375 0.0796875 0.23828125
0 0.66015625 0.76171875 0.0859375 0.23828125
0 0.67734375 0.3890625 0.0796875 0.23828125
0 0.73671875 0.77109375 0.0859375 0.23828125
0 0.753125 0.3921875 0.0796875 0.23828125
0 0.81875 0.76640625 0.0859375 0.23828125
0 0.828125 0.3890625 0.0796875 0.23828125
0 0.90703125 0.77265625 0.0859375 0.23828125
0 0.9078125 0.39375 0.0796875 0.23828125
0 0.1609375 0.7921875 0.10390625 0.23828125
0 0.0640625 0.36953125 0.10546875 0.23828125
0 0.17265625 0.37734375 0.10546875 0.23828125
0 0.275 0.7921875 0.10390625 0.23828125
0 0.29296875 0.37890625 0.10546875 0.23828125