0 0.3515625 0.534375 0.078125 0.181298828125
0 0.359375 0.8296875 0.07802734375 0.175244140625
0 0.42109375 0.8125 0.07958984375 0.20625
0 0.48984375 0.809375 0.084375 0.190966796875
0 0.49296875 0.2390625 0.08583984375 0.1810546875
0 0.078125 0.81875 0.08408203125 0.20029296875
0 0.54765625 0.81015625 0.070654296875 0.2046875
0 0.55859375 0.2390625 0.098291015625 0.18427734375
0 0.615625 0.24453125 0.08720703125 0.1796875
0 0.6140625 0.81015625 0.08134765625 0.1734375
0 0.6703125 0.81015625 0.0783203125 0.1732421875
0 0.6828125 0.534375 0.081103515625 0.1814453125
0 0.690625 0.24453125 0.084521484375 0.1794921875
0 0.7328125 0.80625 0.07158203125 0.169140625
0 0.7421875 0.2484375 0.09345703125 0.1814453125
0 0.8 0.7890625 0.07802734375 0.18154296875
0 0.80703125 0.25234375 0.098291015625 0.1828125
0 0.853125 0.8046875 0.07841796875 0.162158203125
0 0.85625 0.51796875 0.07509765625 0.185986328125
0 0.91875 0.796875 0.06279296875 0.156298828125
0 0.921875 0.52578125 0.07822265625 0.186181640625
0 0.93359375 0.24453125 0.082666015625 0.1826171875
0 0.14375 0.5359375 0.080859375 0.18134765625
0 0.14609375 0.83359375 0.07021484375 0.178125
0 0.21171875 0.5359375 0.0951171875 0.18740234375
0 0.2203125 0.83359375 0.07197265625 0.1794921875
0 0.2875 0.80703125 0.081396484375 0.201708984375
0 0.0671875 0.52265625 0.0904296875 0.201708984375
7 0.41796875 0.52578125 0.086279296875 0.195654296875
7 0.4875 0.53359375 0.068603515625 0.1701171875
7 0.55 0.5375 0.077783203125 0.175048828125
7 0.61640625 0.52109375 0.085888671875 0.1828125
7 0.74140625 0.53046875 0.070068359375 0.1794921875
7 0.79921875 0.53125 0.0611328125 0.165576171875
7 0.28515625 0.54609375 0.0861328125 0.185888671875
8 0.36328125 0.23359375 0.094970703125 0.1826171875
8 0.42734375 0.2375 0.08271484375 0.178125
8 0.871875 0.2390625 0.084130859375 0.18115234375
8 0.14609375 0.2078125 0.095361328125 0.18427734375
8 0.2171875 0.2234375 0.096826171875 0.18427734375
8 0.29140625 0.23359375 0.082666015625 0.1794921875
8 0.06796875 0.203125 0.085986328125 0.22158203125