0 0.3484375 0.83671875 0.06953125 0.15390625
0 0.34765625 0.1859375 0.06875 0.18125
0 0.34921875 0.5171875 0.0640625 0.16640625
0 0.41953125 0.84375 0.06953125 0.15390625
0 0.41875 0.19140625 0.06875 0.18125
0 0.4203125 0.52265625 0.06875 0.1515625
0 0.4875 0.8421875 0.06953125 0.15390625
0 0.4875 0.1875 0.06875 0.18125
0 0.48984375 0.5265625 0.06875 0.1515625
0 0.55234375 0.83828125 0.06953125 0.15390625
0 0.55859375 0.5265625 0.06875 0.1515625
0 0.0859375 0.5234375 0.0609375 0.1609375
0 0.61875 0.83046875 0.06640625 0.17734375
0 0.6234375 0.2015625 0.0640625 0.1609375
0 0.62734375 0.528125 0.06875 0.1515625
0 0.68671875 0.84296875 0.07265625 0.16328125
0 0.6921875 0.52890625 0.06640625 0.1578125
0 0.09375 0.18984375 0.05 0.159375
0 0.75390625 0.846875 0.07265625 0.16328125
0 0.76015625 0.20859375 0.0640625 0.1609375
0 0.7609375 0.52734375 0.06640625 0.1578125
0 0.821875 0.8484375 0.07265625 0.16328125
0 0.825 0.53125 0.06640625 0.1578125
0 0.8890625 0.8484375 0.07265625 0.16328125
0 0.88984375 0.53125 0.06640625 0.1578125
0 0.89375 0.20859375 0.0640625 0.1609375
0 0.953125 0.2125 0.0640625 0.1609375
0 0.9546875 0.84296875 0.0640625 0.16328125
0 0.95859375 0.528125 0.0578125 0.15546875
0 0.15 0.521875 0.0671875 0.15390625
0 0.1546875 0.18984375 0.05234375 0.1703125
0 0.0265625 0.20390625 0.05 0.15546875
0 0.0296875 0.51953125 0.05625 0.1609375
0 0.2203125 0.521875 0.0671875 0.15390625
0 0.21796875 0.19609375 0.05625 0.16875
0 0.2859375 0.83828125 0.06953125 0.15390625
0 0.2828125 0.1875 0.0625 0.18125
0 0.2859375 0.5234375 0.0671875 0.15390625
1 0.08046875 0.82734375 0.06953125 0.15390625
1 0.14765625 0.82890625 0.06953125 0.15390625
1 0.02734375 0.83203125 0.0515625 0.15546875
1 0.21484375 0.840625 0.06953125 0.15390625