0 0.37109375 0.23671875 0.11083984375 0.22041015625
0 0.3640625 0.85859375 0.068798828125 0.1861328125
0 0.08359375 0.2265625 0.089111328125 0.212744140625
0 0.484375 0.55 0.09365234375 0.184375
0 0.4828125 0.84375 0.077783203125 0.19052734375
0 0.4875 0.246875 0.0875 0.190869140625
0 0.08515625 0.86640625 0.0921875 0.171875
0 0.08828125 0.5390625 0.076904296875 0.200048828125
0 0.5453125 0.85 0.068408203125 0.18740234375
0 0.55 0.2453125 0.078125 0.187744140625
0 0.6625 0.24296875 0.09375 0.19501953125
0 0.66796875 0.8359375 0.08251953125 0.190234375
0 0.72421875 0.82734375 0.079345703125 0.1826171875
0 0.78359375 0.253125 0.0875 0.190869140625
0 0.78359375 0.834375 0.0669921875 0.162744140625
0 0.7875 0.53984375 0.065869140625 0.1671875
0 0.8453125 0.2484375 0.08115234375 0.16875
0 0.8453125 0.83046875 0.0751953125 0.167333984375
0 0.90546875 0.25 0.076806640625 0.1685546875
0 0.90390625 0.53359375 0.076708984375 0.1701171875
0 0.9078125 0.821875 0.078515625 0.168408203125
0 0.1625 0.86640625 0.0904296875 0.1705078125
0 0.23046875 0.84375 0.073486328125 0.181494140625
0 0.3 0.846875 0.069140625 0.19970703125
5 0.36484375 0.5484375 0.089404296875 0.1841796875
5 0.6625 0.54609375 0.093408203125 0.1830078125
5 0.725 0.5421875 0.081103515625 0.18125
5 0.15859375 0.55 0.082958984375 0.18125
5 0.23125 0.55234375 0.084228515625 0.1826171875
5 0.2984375 0.54375 0.07841796875 0.1810546875