0 0.453125 0.209375 0.065576171875 0.178125
0 0.45859375 0.825 0.089013671875 0.18720703125
0 0.4578125 0.52578125 0.08720703125 0.18623046875
0 0.52265625 0.21953125 0.079541015625 0.1826171875
0 0.5265625 0.52578125 0.081396484375 0.186083984375
0 0.5296875 0.82109375 0.071728515625 0.18125
0 0.6578125 0.2234375 0.071630859375 0.178515625
0 0.659375 0.81953125 0.08447265625 0.184375
0 0.7203125 0.8234375 0.07529296875 0.1814453125
0 0.72265625 0.21953125 0.079736328125 0.1826171875
0 0.78515625 0.80703125 0.073193359375 0.18125
0 0.79375 0.2171875 0.071630859375 0.178515625
0 0.1109375 0.51875 0.069091796875 0.19658203125
0 0.1125 0.20546875 0.08095703125 0.20166015625
0 0.85546875 0.809375 0.082568359375 0.18447265625
0 0.85703125 0.20546875 0.085595703125 0.1828125
0 0.85625 0.5265625 0.072119140625 0.178173828125
0 0.12109375 0.80703125 0.073388671875 0.201220703125
0 0.9203125 0.80546875 0.074853515625 0.1826171875
0 0.9171875 0.53046875 0.065869140625 0.176904296875
0 0.04140625 0.2078125 0.067236328125 0.197119140625
0 0.92578125 0.2078125 0.07060546875 0.1810546875
0 0.04453125 0.525 0.076220703125 0.19697265625
0 0.178125 0.21328125 0.065771484375 0.178125
0 0.18984375 0.81484375 0.073583984375 0.1826171875
0 0.246875 0.2171875 0.07197265625 0.1810546875
0 0.05546875 0.809375 0.076708984375 0.202880859375
0 0.26015625 0.80546875 0.076708984375 0.1828125
0 0.31796875 0.22109375 0.079736328125 0.1826171875
0 0.32578125 0.81484375 0.082958984375 0.184375
5 0.6546875 0.53125 0.05947265625 0.18134765625
5 0.71875 0.52734375 0.065673828125 0.183154296875
5 0.78515625 0.5140625 0.079833984375 0.184619140625
5 0.178125 0.52578125 0.07216796875 0.18564453125
5 0.25078125 0.52578125 0.073486328125 0.185693359375
5 0.321875 0.52578125 0.075146484375 0.185888671875