0 0.34921875 0.90703125 0.06875 0.146875
0 0.34921875 0.16171875 0.0640625 0.134375
0 0.35625 0.409375 0.0734375 0.12890625
0 0.3578125 0.65625 0.06640625 0.1453125
0 0.07734375 0.40625 0.0734375 0.12890625
0 0.0765625 0.6578125 0.06953125 0.15234375
0 0.07734375 0.90234375 0.06875 0.16015625
0 0.47890625 0.91171875 0.06875 0.146875
0 0.48046875 0.159375 0.0640625 0.1421875
0 0.48125 0.4140625 0.0640625 0.12890625
0 0.07890625 0.16328125 0.0671875 0.134375
0 0.54765625 0.90546875 0.06875 0.146875
0 0.5453125 0.4125 0.0640625 0.12890625
0 0.54921875 0.1578125 0.0640625 0.1421875
0 0.6703125 0.409375 0.06640625 0.12890625
0 0.675 0.90234375 0.06875 0.146875
0 0.67265625 0.1578125 0.0640625 0.1421875
0 0.73671875 0.4109375 0.06640625 0.12890625
0 0.7390625 0.90234375 0.06875 0.146875
0 0.73828125 0.1609375 0.0578125 0.1421875
0 0.796875 0.16875 0.0609375 0.12265625
0 0.80390625 0.9 0.06875 0.146875
0 0.8015625 0.40546875 0.0640625 0.14375
0 0.86171875 0.896875 0.06875 0.146875
0 0.8625 0.4125 0.06484375 0.13203125
0 0.8625 0.16875 0.0609375 0.12265625
0 0.9265625 0.8890625 0.06875 0.146875
0 0.92734375 0.4078125 0.06484375 0.13203125
0 0.9328125 0.6578125 0.06640625 0.1359375
0 0.9359375 0.1640625 0.0609375 0.12265625
0 0.14765625 0.65625 0.06953125 0.15234375
0 0.1484375 0.8984375 0.06875 0.16015625
0 0.1546875 0.4109375 0.0734375 0.12890625
0 0.15234375 0.16640625 0.0671875 0.134375
0 0.2140625 0.16640625 0.0671875 0.134375
0 0.215625 0.91015625 0.06875 0.146875
0 0.22421875 0.40625 0.0734375 0.12890625
0 0.225 0.6609375 0.06953125 0.15234375
0 0.284375 0.90703125 0.06875 0.146875
0 0.28671875 0.4078125 0.0734375 0.12890625
0 0.2828125 0.1703125 0.0640625 0.134375
0 0.290625 0.6625 0.06640625 0.1390625
1 0.4875 0.65625 0.06640625 0.1359375
1 0.5515625 0.6578125 0.06640625 0.1359375
1 0.67421875 0.653125 0.06640625 0.1359375
1 0.7390625 0.65625 0.06640625 0.1359375
1 0.79921875 0.65625 0.06640625 0.1359375
1 0.86484375 0.6546875 0.06640625 0.1359375