0 0.4984375 0.8296875 0.11953125 0.1828125
0 0.609375 0.2109375 0.11953125 0.1828125
0 0.61640625 0.528125 0.11953125 0.1828125
0 0.73203125 0.528125 0.11953125 0.1828125
0 0.74453125 0.2171875 0.11953125 0.1828125
0 0.84453125 0.84453125 0.11953125 0.1828125
0 0.85 0.528125 0.11953125 0.1828125
0 0.87578125 0.2125 0.11953125 0.1828125
0 0.3578125 0.19921875 0.11953125 0.1828125
0 0.375 0.51953125 0.11953125 0.1828125
0 0.38046875 0.821875 0.11953125 0.1828125
0 0.48984375 0.2078125 0.11953125 0.1828125
0 0.49140625 0.52421875 0.11953125 0.1828125
1 0.6125 0.83828125 0.11953125 0.1828125
1 0.73046875 0.84140625 0.11953125 0.1828125