0 0.11796875 0.37734375 0.12265625 0.12734375
0 0.12265625 0.1421875 0.12265625 0.12109375
0 0.7328125 0.628125 0.134375 0.1421875
0 0.73125 0.38046875 0.12265625 0.12734375
0 0.73359375 0.12734375 0.12265625 0.12109375
0 0.7359375 0.878125 0.12265625 0.1421875
0 0.8578125 0.6296875 0.134375 0.1421875
0 0.86796875 0.3703125 0.12265625 0.15546875
0 0.8703125 0.12578125 0.12265625 0.12109375
0 0.2359375 0.37890625 0.12265625 0.12734375
0 0.240625 0.1421875 0.12265625 0.12109375
0 0.3453125 0.8765625 0.12265625 0.1421875
0 0.35625 0.38046875 0.12265625 0.12734375
0 0.3609375 0.6234375 0.11796875 0.1421875
0 0.37265625 0.140625 0.12265625 0.12109375
0 0.475 0.8765625 0.12265625 0.1421875
0 0.478125 0.6234375 0.125 0.1421875
0 0.47890625 0.38046875 0.12265625 0.12734375
0 0.48125 0.1359375 0.12265625 0.12109375
0 0.1109375 0.61484375 0.12265625 0.15546875
0 0.5984375 0.6328125 0.125 0.1421875
0 0.59765625 0.38046875 0.12265625 0.12734375
0 0.6 0.134375 0.12265625 0.12109375
0 0.60625 0.8796875 0.12265625 0.1421875
5 0.853125 0.8765625 0.115625 0.15546875
5 0.22734375 0.8765625 0.12265625 0.1421875
5 0.11328125 0.878125 0.12265625 0.1421875