0 0.37109375 0.23671875 0.08671875 0.21328125
0 0.3640625 0.85859375 0.06640625 0.1859375
0 0.08359375 0.2265625 0.08671875 0.21328125
0 0.484375 0.55 0.07265625 0.178125
0 0.4828125 0.84375 0.06640625 0.1859375
0 0.4875 0.246875 0.075 0.18828125
0 0.08515625 0.86640625 0.075 0.165625
0 0.08828125 0.5390625 0.07578125 0.20078125
0 0.5453125 0.85 0.06640625 0.1859375
0 0.55 0.2453125 0.075 0.18828125
0 0.6625 0.24296875 0.075 0.18828125
0 0.66796875 0.8359375 0.06640625 0.1859375
0 0.72421875 0.82734375 0.05859375 0.178125
0 0.78359375 0.253125 0.075 0.18828125
0 0.78359375 0.834375 0.0625 0.16328125
0 0.7875 0.53984375 0.06015625 0.165625
0 0.8453125 0.2484375 0.07109375 0.165625
0 0.8453125 0.83046875 0.0625 0.16328125
0 0.90546875 0.25 0.07109375 0.165625
0 0.90390625 0.53359375 0.06015625 0.165625
0 0.9078125 0.821875 0.0625 0.16328125
0 0.1625 0.86640625 0.075 0.165625
0 0.23046875 0.84375 0.07109375 0.18203125
0 0.3 0.846875 0.0625 0.19609375
5 0.36484375 0.5484375 0.07265625 0.178125
5 0.6625 0.54609375 0.07265625 0.178125
5 0.725 0.5421875 0.07265625 0.178125
5 0.15859375 0.55 0.07265625 0.178125
5 0.23125 0.55234375 0.07265625 0.178125
5 0.2984375 0.54375 0.07265625 0.178125