0 0.1296875 0.4421875 0.12841796875 0.1689453125
0 0.64921875 0.45625 0.114306640625 0.17197265625
0 0.64609375 0.74609375 0.13583984375 0.1763671875
0 0.6453125 0.16953125 0.122265625 0.190625
0 0.128125 0.75703125 0.112890625 0.195458984375
0 0.7703125 0.74921875 0.137841796875 0.173291015625
0 0.76875 0.45859375 0.13759765625 0.17373046875
0 0.76640625 0.1765625 0.12353515625 0.1908203125
0 0.89921875 0.75 0.138916015625 0.178173828125
0 0.8875 0.46875 0.121826171875 0.16220703125
0 0.265625 0.44609375 0.152783203125 0.182666015625
0 0.25703125 0.746875 0.1330078125 0.174853515625
0 0.4 0.44921875 0.125146484375 0.176904296875
0 0.421875 0.1671875 0.1251953125 0.1935546875
0 0.38828125 0.74609375 0.136083984375 0.1794921875
0 0.52890625 0.45078125 0.1326171875 0.175
0 0.5125 0.75 0.128173828125 0.17158203125
0 0.5359375 0.16796875 0.12529296875 0.19521484375
5 0.87890625 0.1796875 0.10625 0.190771484375
5 0.2828125 0.16796875 0.12197265625 0.186279296875
5 0.15078125 0.171875 0.1392578125 0.19677734375