0 0.359375 0.90703125 0.0734375 0.15703125
0 0.36796875 0.63046875 0.07265625 0.15703125
0 0.371875 0.36171875 0.075 0.15234375
0 0.3828125 0.1078125 0.07265625 0.16015625
0 0.43125 0.90390625 0.0734375 0.15703125
0 0.4390625 0.63046875 0.07265625 0.15703125
0 0.44765625 0.36875 0.075 0.15234375
0 0.4578125 0.12421875 0.07265625 0.16015625
0 0.50546875 0.634375 0.07265625 0.140625
0 0.50703125 0.90390625 0.0734375 0.15703125
0 0.5203125 0.3734375 0.075 0.15234375
0 0.525 0.134375 0.07265625 0.16015625
0 0.565625 0.62578125 0.05546875 0.15703125
0 0.58359375 0.90390625 0.0734375 0.15703125
0 0.5796875 0.3765625 0.05390625 0.1453125
0 0.59609375 0.13125 0.07265625 0.1453125
0 0.61796875 0.62734375 0.05546875 0.15703125
0 0.62890625 0.3765625 0.05390625 0.1453125
0 0.646875 0.90234375 0.07109375 0.15703125
0 0.665625 0.14296875 0.06640625 0.1390625
0 0.66875 0.62890625 0.05546875 0.15703125
0 0.67890625 0.3796875 0.05390625 0.1453125
0 0.709375 0.8984375 0.07109375 0.15703125
0 0.728125 0.14765625 0.06640625 0.13203125
0 0.7234375 0.63203125 0.05546875 0.15703125
0 0.72578125 0.38515625 0.05390625 0.1453125
0 0.77734375 0.9 0.07109375 0.15703125
0 0.78046875 0.38515625 0.05390625 0.1453125
0 0.78359375 0.63046875 0.05546875 0.15703125
0 0.20859375 0.90859375 0.0734375 0.15703125
0 0.2140625 0.62734375 0.07265625 0.15703125
0 0.22109375 0.35390625 0.075 0.15234375
0 0.24296875 0.09765625 0.07265625 0.16015625
0 0.28671875 0.90546875 0.0734375 0.15703125
0 0.2875 0.63046875 0.07265625 0.15703125
0 0.296875 0.35859375 0.075 0.15234375
0 0.31328125 0.103125 0.07265625 0.16015625