0 0.346875 0.1625 0.077880859375 0.169091796875
0 0.35390625 0.49453125 0.085595703125 0.1544921875
0 0.41328125 0.1625 0.07041015625 0.16865234375
0 0.4265625 0.49453125 0.08759765625 0.1546875
0 0.07578125 0.49296875 0.083056640625 0.153125
0 0.48671875 0.1625 0.08251953125 0.17197265625
0 0.49375 0.4859375 0.078076171875 0.14990234375
0 0.55625 0.14921875 0.081591796875 0.170556640625
0 0.56875 0.4859375 0.075341796875 0.14970703125
0 0.62890625 0.153125 0.082470703125 0.15322265625
0 0.71015625 0.80703125 0.0767578125 0.157958984375
0 0.778125 0.1328125 0.07822265625 0.1501953125
0 0.7984375 0.46015625 0.1033203125 0.1794921875
0 0.79453125 0.80390625 0.0890625 0.163818359375
0 0.8765625 0.80703125 0.0751953125 0.15771484375
0 0.88203125 0.4484375 0.0923828125 0.1751953125
0 0.13203125 0.81171875 0.0923828125 0.16396484375
0 0.146875 0.49921875 0.084130859375 0.153125
0 0.14609375 0.19296875 0.0703125 0.140625
0 0.19296875 0.80703125 0.075 0.15771484375
0 0.2796875 0.184375 0.065625 0.1376953125
3 0.40625 0.80703125 0.0873046875 0.161279296875
3 0.55703125 0.80703125 0.0890625 0.163818359375
3 0.63671875 0.81015625 0.0794921875 0.158154296875
3 0.26640625 0.81015625 0.0875 0.161279296875
6 0.21796875 0.49453125 0.085595703125 0.1544921875
6 0.28671875 0.4890625 0.073486328125 0.14970703125
9 0.64375 0.4859375 0.074755859375 0.14716796875
9 0.721875 0.48125 0.087451171875 0.15595703125