0 0.3515625 0.31953125 0.07109375 0.22578125
0 0.3546875 0.7640625 0.075 0.190625
0 0.428125 0.7515625 0.075 0.190625
0 0.43046875 0.31796875 0.07109375 0.22578125
0 0.50390625 0.303125 0.07109375 0.22578125
0 0.51875 0.7578125 0.075 0.190625
0 0.58359375 0.303125 0.07109375 0.22578125
0 0.5921875 0.759375 0.075 0.190625
0 0.66640625 0.315625 0.07109375 0.22578125
0 0.82578125 0.29765625 0.07109375 0.22578125
0 0.85234375 0.7328125 0.08984375 0.23984375
0 0.94140625 0.7265625 0.08984375 0.2359375
0 0.13203125 0.765625 0.07109375 0.190625
0 0.13515625 0.34921875 0.06640625 0.1828125
0 0.05234375 0.76953125 0.07109375 0.190625
0 0.2796875 0.334375 0.07109375 0.18046875
6 0.20625 0.765625 0.07109375 0.190625
6 0.27734375 0.76171875 0.07109375 0.190625
9 0.68203125 0.765625 0.08671875 0.20703125
9 0.76640625 0.76171875 0.08671875 0.20703125