0 0.378125 0.8 0.0671875 0.15234375
0 0.07421875 0.53125 0.06796875 0.128125
0 0.44375 0.8125 0.0671875 0.13046875
0 0.50390625 0.81640625 0.0671875 0.13046875
0 0.6 0.23828125 0.06796875 0.125
0 0.60078125 0.52734375 0.06796875 0.128125
0 0.09375 0.81328125 0.0640625 0.13203125
0 0.6640625 0.23984375 0.06796875 0.125
0 0.67265625 0.5296875 0.06796875 0.128125
0 0.73203125 0.23828125 0.06796875 0.125
0 0.74765625 0.5203125 0.06796875 0.128125
0 0.8 0.2390625 0.06796875 0.1375
0 0.81328125 0.5203125 0.06796875 0.128125
0 0.82109375 0.80078125 0.06953125 0.15390625
0 0.86953125 0.23515625 0.06796875 0.1375
0 0.88515625 0.51328125 0.06796875 0.128125
0 0.890625 0.8046875 0.06953125 0.15390625
0 0.1578125 0.5296875 0.06796875 0.128125
0 0.23515625 0.81171875 0.0671875 0.1390625
0 0.2375 0.53125 0.06796875 0.128125
0 0.31484375 0.8015625 0.0671875 0.15234375
3 0.36796875 0.24140625 0.06796875 0.125
3 0.43125 0.2453125 0.06796875 0.125
3 0.08671875 0.24140625 0.06796875 0.125
3 0.15234375 0.24375 0.06796875 0.125
3 0.30546875 0.24375 0.06796875 0.125
6 0.16171875 0.81328125 0.0671875 0.1390625
9 0.56796875 0.8109375 0.0671875 0.13046875
9 0.63203125 0.81484375 0.0671875 0.13046875
9 0.69296875 0.8125 0.0671875 0.13046875
9 0.75859375 0.8125 0.0671875 0.13046875