0 0.3828125 0.68125 0.0625 0.1375
0 0.38515625 0.89609375 0.06640625 0.12578125
0 0.3875 0.22890625 0.06640625 0.140625
0 0.4390625 0.89140625 0.05546875 0.1453125
0 0.44453125 0.23203125 0.06640625 0.140625
0 0.5 0.88046875 0.05625 0.140625
0 0.50859375 0.4609375 0.07109375 0.12734375
0 0.50859375 0.23359375 0.06640625 0.140625
0 0.55546875 0.87578125 0.05625 0.140625
0 0.5625 0.459375 0.07109375 0.12734375
0 0.565625 0.2265625 0.0578125 0.1421875
0 0.61484375 0.4609375 0.07109375 0.12734375
0 0.61796875 0.2328125 0.0578125 0.1421875
0 0.61796875 0.8859375 0.05390625 0.13046875
0 0.665625 0.88515625 0.05859375 0.10625
0 0.67421875 0.459375 0.07109375 0.12734375
0 0.66640625 0.67421875 0.05390625 0.12265625
0 0.67734375 0.2375 0.05546875 0.12578125
0 0.7203125 0.87578125 0.0640625 0.12109375
0 0.73046875 0.4578125 0.07109375 0.12734375
0 0.7359375 0.24453125 0.05546875 0.12578125
0 0.77421875 0.86171875 0.06484375 0.1359375
0 0.7828125 0.4609375 0.0625 0.12734375
0 0.78828125 0.24921875 0.05546875 0.12578125
0 0.828125 0.87109375 0.05625 0.12109375
0 0.83125 0.66328125 0.05390625 0.140625
0 0.84140625 0.24765625 0.05546875 0.12578125
0 0.88125 0.8640625 0.05859375 0.12109375
0 0.88203125 0.65703125 0.05390625 0.140625
0 0.89296875 0.453125 0.0625 0.1453125
0 0.9015625 0.23984375 0.05546875 0.134375
0 0.12734375 0.19453125 0.06640625 0.1703125
0 0.128125 0.678125 0.0625 0.15390625
0 0.13203125 0.90703125 0.05390625 0.140625
0 0.19609375 0.2109375 0.06640625 0.140625
0 0.1953125 0.68828125 0.0625 0.1375
0 0.19453125 0.91796875 0.05390625 0.134375
0 0.25703125 0.221875 0.06640625 0.140625
0 0.25859375 0.91015625 0.0609375 0.134375
0 0.2625 0.6859375 0.0625 0.1375
0 0.3234375 0.896875 0.0609375 0.140625
0 0.32578125 0.22890625 0.06640625 0.140625
7 0.440625 0.6640625 0.0625 0.1453125
7 0.4984375 0.67578125 0.0625 0.12890625
7 0.55703125 0.67265625 0.0625 0.12890625
7 0.6171875 0.665625 0.0625 0.1390625
7 0.72421875 0.67421875 0.05390625 0.12265625
7 0.7734375 0.67421875 0.05390625 0.12265625
7 0.32421875 0.6828125 0.0625 0.1375
8 0.38984375 0.45625 0.07109375 0.12734375
8 0.44453125 0.4609375 0.07109375 0.12734375
8 0.8421875 0.4546875 0.0625 0.1453125
8 0.1296875 0.4421875 0.07109375 0.15859375
8 0.19765625 0.4609375 0.07109375 0.12734375
8 0.26015625 0.459375 0.07109375 0.12734375
8 0.3234375 0.4578125 0.07109375 0.12734375