0 0.55234375 0.16328125 0.0875 0.16875
0 0.61953125 0.8515625 0.0875 0.1796875
0 0.61953125 0.61875 0.0875 0.1796875
0 0.69453125 0.6296875 0.0875 0.1796875
0 0.7046875 0.86015625 0.0875 0.1796875
0 0.70703125 0.14296875 0.0875 0.17421875
0 0.76953125 0.615625 0.0875 0.1796875
0 0.771875 0.38515625 0.0875 0.1796875
0 0.78203125 0.14609375 0.0875 0.17421875
0 0.84921875 0.61875 0.0875 0.1796875
0 0.85546875 0.15703125 0.0875 0.17421875
0 0.85546875 0.83515625 0.0875 0.1796875
0 0.85546875 0.39375 0.0875 0.1796875
0 0.14375 0.13671875 0.0953125 0.20546875
0 0.14375 0.8796875 0.0875 0.1796875
0 0.1453125 0.390625 0.0875 0.196875
0 0.22890625 0.15703125 0.0875 0.16875
0 0.23046875 0.63828125 0.0875 0.1796875
0 0.3078125 0.16015625 0.0875 0.16875
0 0.3078125 0.38203125 0.0875 0.1796875
0 0.32265625 0.86328125 0.0875 0.1796875
0 0.38359375 0.1515625 0.0875 0.16875
0 0.3875 0.6328125 0.0875 0.1796875
0 0.3890625 0.86015625 0.0875 0.1796875
0 0.39140625 0.39921875 0.0875 0.1796875
0 0.46484375 0.1546875 0.0875 0.16875
0 0.46640625 0.3796875 0.0875 0.1796875
0 0.53203125 0.8515625 0.0875 0.1796875
0 0.54609375 0.6125 0.0875 0.1796875
1 0.22265625 0.38828125 0.0875 0.1796875
4 0.23515625 0.86328125 0.0875 0.1796875
5 0.62109375 0.39375 0.0875 0.1796875
5 0.5421875 0.39375 0.0875 0.1796875
7 0.3140625 0.6265625 0.0875 0.1796875
7 0.4609375 0.85703125 0.0875 0.1796875
7 0.46484375 0.6296875 0.0875 0.1796875
8 0.7796875 0.84296875 0.0875 0.1796875
10 0.1390625 0.64375 0.0875 0.1796875
2 0.63125 0.16015625 0.0875 0.16875