0 0.3421875 0.8546875 0.06640625 0.15
0 0.346875 0.1109375 0.06875 0.13046875
0 0.34921875 0.609375 0.06640625 0.15
0 0.3578125 0.3546875 0.07109375 0.14375
0 0.07265625 0.3546875 0.07109375 0.14375
0 0.0734375 0.1125 0.06875 0.13046875
0 0.07578125 0.60078125 0.06640625 0.16796875
0 0.47265625 0.853125 0.06640625 0.15
0 0.478125 0.359375 0.07109375 0.14375
0 0.4765625 0.10234375 0.06875 0.1421875
0 0.07734375 0.8515625 0.06640625 0.15
0 0.534375 0.8546875 0.06640625 0.15
0 0.540625 0.3625 0.07109375 0.14375
0 0.54921875 0.10234375 0.06875 0.1421875
0 0.67265625 0.3609375 0.07109375 0.14375
0 0.67265625 0.859375 0.06640625 0.15
0 0.67734375 0.11171875 0.06875 0.1421875
0 0.73046875 0.359375 0.07109375 0.14375
0 0.73515625 0.8609375 0.06640625 0.15
0 0.7390625 0.10859375 0.0609375 0.1421875
0 0.8 0.3546875 0.07109375 0.14375
0 0.7984375 0.11875 0.06484375 0.1359375
0 0.79921875 0.8578125 0.06640625 0.15
0 0.8578125 0.3546875 0.07109375 0.14375
0 0.86015625 0.85625 0.06640625 0.15
0 0.8671875 0.11875 0.06484375 0.1359375
0 0.92890625 0.85 0.06640625 0.15
0 0.93359375 0.35 0.07109375 0.14375
0 0.9328125 0.6078125 0.06640625 0.15
0 0.93828125 0.11015625 0.06484375 0.1359375
0 0.14375 0.853125 0.06640625 0.15
0 0.14609375 0.35625 0.07109375 0.14375
0 0.1484375 0.1140625 0.06875 0.13046875
0 0.1484375 0.60078125 0.06640625 0.16796875
0 0.21171875 0.85 0.06640625 0.15
0 0.215625 0.1125 0.06875 0.13046875
0 0.21953125 0.3578125 0.07109375 0.14375
0 0.21796875 0.60078125 0.06640625 0.16796875
0 0.278125 0.8515625 0.06640625 0.15
0 0.28046875 0.1140625 0.06875 0.13046875
0 0.2828125 0.3546875 0.07109375 0.14375
0 0.28515625 0.6140625 0.06640625 0.15
1 0.4765625 0.60625 0.06640625 0.15
1 0.54921875 0.6046875 0.06640625 0.15
1 0.6703125 0.60625 0.06640625 0.15
1 0.73515625 0.60625 0.06640625 0.15
1 0.79765625 0.6078125 0.06640625 0.15
1 0.86796875 0.6078125 0.06640625 0.15