0 0.35078125 0.65390625 0.086083984375 0.1421875
0 0.35390625 0.903125 0.076708984375 0.153466796875
0 0.4140625 0.64375 0.078515625 0.16845703125
0 0.48359375 0.146875 0.082763671875 0.162548828125
0 0.48125 0.64609375 0.08740234375 0.173095703125
0 0.08046875 0.91484375 0.07978515625 0.1515625
0 0.5453125 0.64453125 0.077734375 0.160986328125
0 0.55703125 0.1484375 0.08564453125 0.16279296875
0 0.60859375 0.8828125 0.076708984375 0.153466796875
0 0.6125 0.64375 0.07177734375 0.143359375
0 0.621875 0.15 0.099853515625 0.168994140625
0 0.66875 0.88125 0.09052734375 0.15927734375
0 0.675 0.6484375 0.08427734375 0.1466796875
0 0.675 0.42109375 0.0689453125 0.1390625
0 0.690625 0.15390625 0.09033203125 0.16708984375
0 0.734375 0.8828125 0.090478515625 0.159326171875
0 0.73828125 0.65 0.078125 0.144140625
0 0.753125 0.15625 0.090673828125 0.15341796875
0 0.78984375 0.8828125 0.085888671875 0.156591796875
0 0.8 0.63515625 0.07158203125 0.151806640625
0 0.821875 0.15625 0.093408203125 0.15341796875
0 0.85078125 0.875 0.086083984375 0.159130859375
0 0.85625 0.65078125 0.06884765625 0.1423828125
0 0.86796875 0.396875 0.08125 0.159033203125
0 0.1265625 0.41171875 0.090625 0.163818359375
0 0.91640625 0.8671875 0.07666015625 0.15341796875
0 0.04921875 0.39375 0.096875 0.18115234375
0 0.92578125 0.64453125 0.057666015625 0.1392578125
0 0.9328125 0.396875 0.0689453125 0.15322265625
0 0.94765625 0.15390625 0.0859375 0.170654296875
0 0.1390625 0.66640625 0.090625 0.16123046875
0 0.14375 0.91796875 0.07529296875 0.1513671875
0 0.2 0.41171875 0.0873046875 0.161083984375
0 0.2078125 0.66328125 0.09365234375 0.164013671875
0 0.2203125 0.91484375 0.081396484375 0.1517578125
0 0.2796875 0.646875 0.08154296875 0.17158203125
0 0.0640625 0.65546875 0.0970703125 0.1828125
0 0.2828125 0.91015625 0.074951171875 0.15
0 0.340625 0.41015625 0.0810546875 0.157958984375
1 0.41484375 0.89765625 0.08310546875 0.15751953125
1 0.47890625 0.89765625 0.076318359375 0.151806640625
1 0.5484375 0.89609375 0.081103515625 0.154736328125
7 0.4140625 0.40078125 0.0873046875 0.18125
7 0.478125 0.41484375 0.08125 0.1484375
7 0.54765625 0.41171875 0.0892578125 0.1517578125
7 0.61484375 0.40390625 0.0732421875 0.164404296875
7 0.7390625 0.415625 0.0748046875 0.14052734375
7 0.80625 0.415625 0.074609375 0.14033203125
7 0.2734375 0.41015625 0.0783203125 0.157763671875
8 0.41328125 0.1421875 0.09208984375 0.16591796875
8 0.04453125 0.11328125 0.0890625 0.1984375
8 0.12109375 0.1234375 0.082958984375 0.168701171875
8 0.8859375 0.15 0.07490234375 0.165869140625
8 0.1953125 0.128125 0.09716796875 0.17490234375
8 0.26875 0.1296875 0.087744140625 0.171826171875
8 0.3453125 0.1328125 0.093798828125 0.172216796875