0 0.3703125 0.54375 0.078076171875 0.156103515625
0 0.3875 0.8375 0.078076171875 0.156005859375
0 0.38984375 0.27734375 0.079345703125 0.1390625
0 0.45 0.27890625 0.078076171875 0.1390625
0 0.45703125 0.81796875 0.076220703125 0.154345703125
0 0.459375 0.5359375 0.075146484375 0.155908203125
0 0.51875 0.81640625 0.081005859375 0.154736328125
0 0.52578125 0.55625 0.076611328125 0.131298828125
0 0.54140625 0.275 0.079345703125 0.14052734375
0 0.584375 0.82734375 0.087451171875 0.157666015625
0 0.58828125 0.55 0.07353515625 0.13095703125
0 0.0921875 0.2734375 0.081201171875 0.14033203125
0 0.61171875 0.2734375 0.079736328125 0.13779296875
0 0.09453125 0.56484375 0.083056640625 0.1419921875
0 0.65546875 0.55 0.07626953125 0.13115234375
0 0.65546875 0.821875 0.070361328125 0.140625
0 0.09765625 0.84921875 0.079931640625 0.154931640625
0 0.68046875 0.26875 0.083056640625 0.14345703125
0 0.7109375 0.8171875 0.077880859375 0.1435546875
0 0.7609375 0.275 0.075341796875 0.13779296875
0 0.778125 0.815625 0.07509765625 0.15908203125
0 0.83125 0.275 0.084521484375 0.14345703125
0 0.84453125 0.8109375 0.076220703125 0.14345703125
0 0.84765625 0.53671875 0.07041015625 0.15166015625
0 0.89453125 0.8109375 0.08583984375 0.146875
0 0.89453125 0.28046875 0.073681640625 0.1375
0 0.90234375 0.52734375 0.08583984375 0.15771484375
0 0.16171875 0.2734375 0.07314453125 0.134765625
0 0.1640625 0.5546875 0.084716796875 0.14072265625
0 0.17421875 0.82578125 0.07333984375 0.15185546875
0 0.23671875 0.2734375 0.082470703125 0.14033203125
0 0.23984375 0.840625 0.08876953125 0.15908203125
0 0.3 0.55625 0.084716796875 0.14365234375
0 0.3078125 0.8328125 0.090380859375 0.159326171875
0 0.32265625 0.2734375 0.076611328125 0.13759765625
6 0.2328125 0.559375 0.081591796875 0.14091796875
9 0.71328125 0.55 0.07373046875 0.13095703125
9 0.77734375 0.5484375 0.070361328125 0.128173828125