0 0.1296875 0.4421875 0.1296875 0.16875
0 0.64921875 0.45625 0.10859375 0.1671875
0 0.64609375 0.74609375 0.11640625 0.1640625
0 0.6453125 0.16953125 0.103125 0.18125
0 0.128125 0.75703125 0.1125 0.19453125
0 0.7703125 0.74921875 0.12109375 0.16171875
0 0.76875 0.45859375 0.12109375 0.16328125
0 0.76640625 0.1765625 0.11328125 0.1859375
0 0.89921875 0.75 0.13046875 0.17265625
0 0.8875 0.46875 0.11484375 0.1578125
0 0.265625 0.44609375 0.14140625 0.17421875
0 0.25703125 0.746875 0.1203125 0.16640625
0 0.4 0.44921875 0.11796875 0.17265625
0 0.421875 0.1671875 0.109375 0.184375
0 0.38828125 0.74609375 0.11640625 0.1671875
0 0.52890625 0.45078125 0.1203125 0.1671875
0 0.5125 0.75 0.11640625 0.1609375
0 0.5359375 0.16796875 0.10703125 0.18515625
5 0.87890625 0.1796875 0.1046875 0.18984375
5 0.2828125 0.16796875 0.1140625 0.18203125
5 0.15078125 0.171875 0.11875 0.18515625