0 0.3421875 0.64609375 0.056396484375 0.1390625
0 0.371875 0.88203125 0.06279296875 0.1392578125
0 0.39765625 0.17890625 0.076708984375 0.1546875
0 0.40234375 0.65 0.070361328125 0.14091796875
0 0.43046875 0.86953125 0.070361328125 0.1517578125
0 0.4859375 0.86796875 0.071826171875 0.1517578125
0 0.50703125 0.1828125 0.0732421875 0.13466796875
0 0.50703125 0.41953125 0.0736328125 0.135595703125
0 0.5078125 0.64140625 0.068701171875 0.1423828125
0 0.54453125 0.865625 0.060986328125 0.15029296875
0 0.56640625 0.184375 0.0673828125 0.134423828125
0 0.5640625 0.6390625 0.05927734375 0.140625
0 0.5984375 0.86484375 0.056201171875 0.1390625
0 0.66328125 0.18046875 0.075 0.136279296875
0 0.66484375 0.8671875 0.06728515625 0.14375
0 0.671875 0.63046875 0.056396484375 0.1390625
0 0.7234375 0.63046875 0.05966796875 0.140625
0 0.77109375 0.18046875 0.06875 0.125
0 0.77109375 0.63046875 0.067431640625 0.123095703125
0 0.77734375 0.409375 0.0640625 0.131396484375
0 0.828125 0.17734375 0.06240234375 0.121875
0 0.82890625 0.62890625 0.060791015625 0.120166015625
0 0.8734375 0.840625 0.062841796875 0.14052734375
0 0.8796875 0.40390625 0.07216796875 0.135595703125
0 0.88203125 0.18046875 0.065625 0.1236328125
0 0.890625 0.625 0.062255859375 0.121630859375
0 0.15234375 0.1734375 0.088818359375 0.1591796875
0 0.1578125 0.66484375 0.07216796875 0.135595703125
0 0.15859375 0.41640625 0.0734375 0.1517578125
0 0.17734375 0.89453125 0.063916015625 0.148193359375
0 0.221875 0.659375 0.07158203125 0.134326171875
0 0.24609375 0.890625 0.06376953125 0.1404296875
0 0.28515625 0.6484375 0.06083984375 0.1408203125
0 0.30859375 0.890625 0.066845703125 0.140625
5 0.340625 0.4234375 0.06865234375 0.134130859375
5 0.396875 0.41953125 0.0748046875 0.13564453125
5 0.6640625 0.41484375 0.05947265625 0.129736328125
5 0.72578125 0.4125 0.0705078125 0.134521484375
5 0.21796875 0.4234375 0.0765625 0.137255859375
5 0.28203125 0.425 0.0640625 0.131396484375
2 0.809375 0.84375 0.056396484375 0.13759765625