0 0.06953125 0.8015625 0.0625 0.13671875
0 0.07890625 0.2125 0.0625 0.13671875
0 0.57890625 0.803125 0.0625 0.13671875
0 0.57890625 0.5125 0.0625 0.13671875
0 0.6375 0.5109375 0.0625 0.13671875
0 0.64296875 0.803125 0.0625 0.13671875
0 0.703125 0.5109375 0.0625 0.13671875
0 0.71640625 0.2109375 0.0625 0.13671875
0 0.71875 0.803125 0.0625 0.13671875
0 0.76875 0.509375 0.0625 0.13671875
0 0.78125 0.8015625 0.0625 0.13671875
0 0.78125 0.20703125 0.0625 0.13671875
0 0.83125 0.50546875 0.0625 0.13671875
0 0.84609375 0.79609375 0.0625 0.13671875
0 0.85 0.20703125 0.0625 0.13671875
0 0.140625 0.21484375 0.0625 0.13671875
0 0.14609375 0.803125 0.0625 0.13671875
0 0.20546875 0.21484375 0.0625 0.13671875
0 0.22734375 0.80546875 0.0625 0.13671875
3 0.35625 0.51484375 0.0625 0.13671875
3 0.3625 0.21875 0.0625 0.13671875
3 0.4171875 0.51640625 0.0625 0.13671875
3 0.421875 0.21484375 0.0625 0.13671875
3 0.50703125 0.21875 0.0625 0.13671875
3 0.08125 0.5109375 0.0625 0.13671875
3 0.57421875 0.21640625 0.0625 0.13671875
3 0.64296875 0.21484375 0.0625 0.13671875
3 0.14375 0.51484375 0.0625 0.13671875
3 0.2921875 0.51484375 0.0625 0.13671875
3 0.29453125 0.21640625 0.0625 0.13671875