0 0.3625 0.89921875 0.081201171875 0.133154296875
0 0.35859375 0.65390625 0.061083984375 0.1140625
0 0.38515625 0.396875 0.07060546875 0.1185546875
0 0.41875 0.6421875 0.068798828125 0.131201171875
0 0.43984375 0.89765625 0.08564453125 0.13583984375
0 0.44140625 0.396875 0.06435546875 0.115625
0 0.4984375 0.89765625 0.06572265625 0.1453125
0 0.503125 0.640625 0.074853515625 0.134130859375
0 0.50390625 0.4 0.070068359375 0.11591796875
0 0.55234375 0.89765625 0.075 0.1486328125
0 0.5546875 0.65390625 0.062548828125 0.115625
0 0.57421875 0.40234375 0.064013671875 0.115625
0 0.59140625 0.15546875 0.067529296875 0.1173828125
0 0.6171875 0.65546875 0.059423828125 0.1140625
0 0.6203125 0.90546875 0.0658203125 0.12060546875
0 0.6390625 0.40234375 0.068408203125 0.1173828125
0 0.6515625 0.16328125 0.062158203125 0.1142578125
0 0.67421875 0.9 0.0642578125 0.121826171875
0 0.675 0.65234375 0.059423828125 0.1140625
0 0.69921875 0.40546875 0.070458984375 0.11875
0 0.70546875 0.16484375 0.07333984375 0.1201171875
0 0.728125 0.89140625 0.07529296875 0.140625
0 0.759375 0.16640625 0.068408203125 0.1173828125
0 0.77890625 0.4 0.07333984375 0.11875
0 0.78671875 0.88984375 0.0798828125 0.1419921875
0 0.81953125 0.16796875 0.070458984375 0.11875
0 0.83984375 0.90625 0.0705078125 0.128173828125
0 0.8375 0.41171875 0.062353515625 0.1142578125
0 0.8421875 0.64296875 0.06904296875 0.12978515625
0 0.8765625 0.16484375 0.065478515625 0.1169921875
0 0.89296875 0.41171875 0.067529296875 0.1173828125
0 0.89453125 0.89609375 0.065625 0.1173828125
0 0.90078125 0.63828125 0.060595703125 0.126708984375
0 0.171875 0.65546875 0.068798828125 0.1173828125
0 0.17421875 0.9078125 0.07314453125 0.13095703125
0 0.1796875 0.3921875 0.07177734375 0.1189453125
0 0.2375 0.8953125 0.074951171875 0.140234375
0 0.234375 0.65546875 0.05966796875 0.1140625
0 0.23984375 0.3953125 0.061083984375 0.11552734375
0 0.29921875 0.9109375 0.08291015625 0.13427734375
0 0.3 0.396875 0.059423828125 0.11259765625
3 0.36953125 0.1484375 0.063818359375 0.11572265625
3 0.4296875 0.15234375 0.065478515625 0.1169921875
3 0.49296875 0.16015625 0.073388671875 0.1201171875
3 0.190625 0.140625 0.065869140625 0.11572265625
3 0.2484375 0.1453125 0.06904296875 0.11875
3 0.3046875 0.1453125 0.062744140625 0.11591796875
6 0.29375 0.65390625 0.059423828125 0.1140625
9 0.7296875 0.65546875 0.068408203125 0.1173828125
9 0.78359375 0.65546875 0.06728515625 0.1171875