0 0.4 0.17109375 0.071875 0.14375
0 0.47109375 0.1640625 0.071875 0.14375
0 0.08984375 0.5234375 0.08203125 0.1453125
0 0.55078125 0.1640625 0.071875 0.14375
0 0.040625 0.1875 0.071875 0.14375
0 0.6953125 0.5109375 0.08203125 0.15234375
0 0.69921875 0.87109375 0.08203125 0.16640625
0 0.1078125 0.85 0.08203125 0.16640625
0 0.775 0.8765625 0.08203125 0.16640625
0 0.78125 0.51796875 0.08203125 0.15234375
0 0.11015625 0.18515625 0.071875 0.14375
0 0.79140625 0.1265625 0.084375 0.1828125
0 0.86171875 0.8796875 0.08203125 0.16640625
0 0.865625 0.50703125 0.08203125 0.15234375
0 0.87578125 0.12890625 0.084375 0.1828125
0 0.16953125 0.521875 0.08203125 0.1453125
0 0.178125 0.8546875 0.08203125 0.16640625
0 0.32421875 0.178125 0.071875 0.14375
3 0.384375 0.5234375 0.08203125 0.15234375
3 0.38671875 0.8640625 0.08203125 0.16640625
3 0.46015625 0.865625 0.08203125 0.16640625
3 0.53671875 0.8640625 0.08203125 0.16640625
3 0.5390625 0.5125 0.08203125 0.15234375
3 0.61640625 0.5125 0.08203125 0.15234375
3 0.61953125 0.8640625 0.08203125 0.16640625
3 0.24140625 0.85703125 0.08203125 0.16640625
3 0.24375 0.5234375 0.08203125 0.1453125
3 0.3140625 0.8546875 0.08203125 0.16640625
6 0.1828125 0.18359375 0.071875 0.14375
6 0.25234375 0.1796875 0.071875 0.14375
9 0.62890625 0.15546875 0.071875 0.14375
9 0.70390625 0.1515625 0.071875 0.14375