0 0.334375 0.28203125 0.04921875 0.109375
0 0.340625 0.77734375 0.0515625 0.11171875
0 0.38125 0.28203125 0.05390625 0.1359375
0 0.3828125 0.1140625 0.05546875 0.1171875
0 0.38203125 0.93046875 0.0515625 0.12109375
0 0.38359375 0.44921875 0.05390625 0.1359375
0 0.3859375 0.61953125 0.0515625 0.11171875
0 0.39375 0.78125 0.0515625 0.11171875
0 0.4359375 0.1109375 0.0609375 0.13203125
0 0.43359375 0.44140625 0.05390625 0.1359375
0 0.43515625 0.28984375 0.05390625 0.12265625
0 0.48125 0.6046875 0.0515625 0.11171875
0 0.48125 0.76484375 0.0515625 0.12109375
0 0.48984375 0.10703125 0.05390625 0.13203125
0 0.48984375 0.28515625 0.04765625 0.109375
0 0.53203125 0.6046875 0.0515625 0.11171875
0 0.53515625 0.76875 0.0515625 0.12109375
0 0.53671875 0.1046875 0.0515625 0.14296875
0 0.5796875 0.61171875 0.0515625 0.11171875
0 0.584375 0.76484375 0.0515625 0.12109375
0 0.5921875 0.271875 0.05390625 0.12265625
0 0.59140625 0.1109375 0.04765625 0.13984375
0 0.62890625 0.6078125 0.0515625 0.11171875
0 0.63515625 0.45390625 0.05390625 0.11171875
0 0.640625 0.12421875 0.05234375 0.11875
0 0.640625 0.284375 0.04765625 0.11171875
0 0.67421875 0.61328125 0.0515625 0.11171875
0 0.67734375 0.76171875 0.0515625 0.12109375
0 0.6875 0.4515625 0.05390625 0.11171875
0 0.690625 0.28359375 0.05234375 0.1171875
0 0.69609375 0.11875 0.0515625 0.115625
0 0.2171875 0.1015625 0.0625 0.1171875
0 0.22578125 0.4515625 0.0578125 0.14140625
0 0.2265625 0.79765625 0.0515625 0.11171875
0 0.22734375 0.27265625 0.05234375 0.146875
0 0.23125 0.9328125 0.0515625 0.12109375
0 0.27578125 0.09375 0.05625 0.13984375
0 0.2796875 0.2890625 0.0609375 0.12109375
0 0.28046875 0.6171875 0.05859375 0.115625
0 0.284375 0.93046875 0.0515625 0.12109375
0 0.32734375 0.9359375 0.0515625 0.12109375
0 0.33125 0.44140625 0.0578125 0.128125
1 0.27734375 0.45 0.0578125 0.115625
4 0.29140625 0.7828125 0.0515625 0.11171875
5 0.48046875 0.45546875 0.05390625 0.11171875
5 0.53203125 0.45390625 0.05390625 0.11171875
7 0.3359375 0.615625 0.0515625 0.1265625
7 0.43125 0.6171875 0.0515625 0.11171875
7 0.43515625 0.77734375 0.0515625 0.11171875
8 0.53046875 0.925 0.0515625 0.12109375
8 0.63203125 0.76171875 0.0515625 0.12109375
8 0.62890625 0.93359375 0.04140625 0.1078125
8 0.67578125 0.93359375 0.05 0.1078125
10 0.2265625 0.62109375 0.05859375 0.115625
2 0.54140625 0.2828125 0.05 0.11171875