0 0.3421875 0.86875 0.081298828125 0.150146484375
0 0.3765625 0.6234375 0.08095703125 0.146484375
0 0.38203125 0.10546875 0.0732421875 0.148486328125
0 0.40859375 0.86015625 0.08876953125 0.17314453125
0 0.46953125 0.85859375 0.0763671875 0.1607421875
0 0.49453125 0.61484375 0.082763671875 0.1453125
0 0.49765625 0.3765625 0.0705078125 0.153271484375
0 0.5015625 0.11328125 0.06845703125 0.145556640625
0 0.528125 0.86015625 0.08134765625 0.1609375
0 0.09140625 0.09296875 0.085693359375 0.167333984375
0 0.5546875 0.61484375 0.080908203125 0.1453125
0 0.56484375 0.1171875 0.0767578125 0.150341796875
0 0.58984375 0.8609375 0.064306640625 0.1375
0 0.6578125 0.85390625 0.07529296875 0.1419921875
0 0.09921875 0.3609375 0.08125 0.168798828125
0 0.671875 0.61796875 0.081494140625 0.1455078125
0 0.67421875 0.12421875 0.075 0.14873046875
0 0.10390625 0.6359375 0.0923828125 0.15302734375
0 0.734375 0.60703125 0.05654296875 0.151611328125
0 0.78984375 0.61171875 0.07666015625 0.13564453125
0 0.79765625 0.12421875 0.0732421875 0.148486328125
0 0.79921875 0.36953125 0.0732421875 0.151806640625
0 0.85390625 0.61015625 0.070361328125 0.132666015625
0 0.86171875 0.11875 0.0734375 0.149951171875
0 0.9 0.83515625 0.0751953125 0.140625
0 0.91640625 0.60625 0.064306640625 0.131201171875
0 0.921875 0.36953125 0.07822265625 0.154345703125
0 0.92421875 0.12421875 0.0642578125 0.145361328125
0 0.12421875 0.87421875 0.073583984375 0.1625
0 0.17578125 0.6296875 0.084375 0.152880859375
0 0.19765625 0.87734375 0.073388671875 0.145361328125
0 0.2453125 0.61953125 0.08134765625 0.17666015625
0 0.2765625 0.87734375 0.084228515625 0.151220703125
0 0.31015625 0.60546875 0.078125 0.1798828125
5 0.375 0.3734375 0.074609375 0.153466796875
5 0.67421875 0.36953125 0.0734375 0.154345703125
5 0.7390625 0.371875 0.0720703125 0.153466796875
5 0.1703125 0.371875 0.077734375 0.156201171875
5 0.24296875 0.36953125 0.0830078125 0.157666015625
5 0.3078125 0.375 0.0689453125 0.153076171875
2 0.8328125 0.8375 0.078515625 0.1435546875