0 0.36015625 0.52890625 0.0544921875 0.1107421875
0 0.359375 0.70078125 0.059521484375 0.1080078125
0 0.36328125 0.17265625 0.060791015625 0.109375
0 0.3640625 0.87734375 0.059716796875 0.1173828125
0 0.4078125 0.68984375 0.059326171875 0.1078125
0 0.4078125 0.87265625 0.056396484375 0.1169921875
0 0.4109375 0.1703125 0.05947265625 0.09404296875
0 0.4546875 0.52890625 0.06240234375 0.1138671875
0 0.453125 0.87265625 0.062451171875 0.1173828125
0 0.45703125 0.70390625 0.054345703125 0.10625
0 0.46171875 0.35625 0.06875 0.11845703125
0 0.46171875 0.1734375 0.06123046875 0.09658203125
0 0.5046875 0.69140625 0.056591796875 0.1078125
0 0.509375 0.1734375 0.053466796875 0.090869140625
0 0.54765625 0.69140625 0.05498046875 0.1076171875
0 0.55390625 0.35625 0.0607421875 0.1091796875
0 0.5578125 0.17578125 0.052880859375 0.1076171875
0 0.59296875 0.6859375 0.057470703125 0.10634765625
0 0.596875 0.3609375 0.05029296875 0.10322265625
0 0.6078125 0.17578125 0.056201171875 0.1173828125
0 0.63828125 0.859375 0.051611328125 0.11279296875
0 0.63984375 0.70078125 0.05439453125 0.10625
0 0.64453125 0.359375 0.0609375 0.10947265625
0 0.65234375 0.17421875 0.0486328125 0.1171875
0 0.6828125 0.53515625 0.05947265625 0.1107421875
0 0.6828125 0.86953125 0.05009765625 0.1140625
0 0.6875 0.70390625 0.056591796875 0.1078125
0 0.6921875 0.35625 0.05322265625 0.10615234375
0 0.69765625 0.16640625 0.0640625 0.140625
0 0.72421875 0.86796875 0.058056640625 0.1171875
0 0.728125 0.69609375 0.05283203125 0.1048828125
0 0.734375 0.3578125 0.05654296875 0.10634765625
0 0.7453125 0.18671875 0.040869140625 0.092236328125
0 0.771875 0.86953125 0.056201171875 0.1169921875
0 0.77421875 0.68984375 0.048681640625 0.1046875
0 0.778125 0.359375 0.05927734375 0.10927734375
0 0.78515625 0.190625 0.06064453125 0.1158203125
0 0.8109375 0.86953125 0.059716796875 0.1173828125
0 0.81875 0.53203125 0.049951171875 0.115625
0 0.81875 0.7 0.05966796875 0.1033203125
0 0.834375 0.184375 0.05927734375 0.1091796875
0 0.8578125 0.865625 0.059716796875 0.11591796875
0 0.86171875 0.525 0.05146484375 0.1158203125
0 0.86171875 0.7015625 0.057861328125 0.1033203125
0 0.86796875 0.359375 0.048583984375 0.118701171875
0 0.878125 0.17890625 0.055908203125 0.1173828125
0 0.26484375 0.51875 0.0548828125 0.124658203125
0 0.26328125 0.6984375 0.05146484375 0.1158203125
0 0.26875 0.328125 0.068896484375 0.134521484375
0 0.26640625 0.14921875 0.055029296875 0.123193359375
0 0.26875 0.8859375 0.05908203125 0.1185546875
0 0.31015625 0.70234375 0.058056640625 0.1078125
0 0.31484375 0.53046875 0.0576171875 0.1111328125
0 0.315625 0.1703125 0.053466796875 0.122021484375
0 0.31484375 0.88203125 0.06123046875 0.1173828125
1 0.49765625 0.87265625 0.057861328125 0.1171875
1 0.54375 0.86796875 0.05595703125 0.115625
1 0.5921875 0.865625 0.06259765625 0.118359375
7 0.409375 0.52890625 0.05341796875 0.1109375
7 0.4984375 0.52265625 0.0623046875 0.1171875
7 0.54765625 0.53125 0.0544921875 0.100390625
7 0.59453125 0.5328125 0.0625 0.10634765625
7 0.64375 0.52265625 0.06240234375 0.1173828125
7 0.72890625 0.5328125 0.057470703125 0.10615234375
7 0.7734375 0.534375 0.059716796875 0.10341796875
8 0.36015625 0.34609375 0.0611328125 0.1169921875
8 0.41171875 0.35625 0.0642578125 0.11591796875
8 0.50703125 0.35625 0.0611328125 0.11552734375
8 0.825 0.359375 0.052978515625 0.119091796875
8 0.315625 0.34921875 0.05625 0.1142578125