0 0.38984375 0.6296875 0.0486328125 0.0966796875
0 0.3921875 0.1421875 0.049755859375 0.09345703125
0 0.43515625 0.63203125 0.0544921875 0.0982421875
0 0.4421875 0.1421875 0.047021484375 0.09091796875
0 0.45546875 0.8703125 0.0451171875 0.112548828125
0 0.48046875 0.6296875 0.0546875 0.09970703125
0 0.48515625 0.1421875 0.045556640625 0.09091796875
0 0.50859375 0.38671875 0.0484375 0.09228515625
0 0.525 0.63203125 0.05966796875 0.1
0 0.53203125 0.1421875 0.051611328125 0.09365234375
0 0.55546875 0.38828125 0.0455078125 0.092138671875
0 0.57734375 0.13828125 0.042236328125 0.0890625
0 0.5921875 0.88671875 0.05009765625 0.104931640625
0 0.59765625 0.390625 0.053125 0.093798828125
0 0.62265625 0.13359375 0.051611328125 0.0921875
0 0.6421875 0.88828125 0.05283203125 0.107470703125
0 0.64453125 0.38828125 0.053125 0.09521484375
0 0.6734375 0.13828125 0.049755859375 0.0919921875
0 0.69453125 0.38125 0.054638671875 0.109375
0 0.71484375 0.63984375 0.0544921875 0.0982421875
0 0.721875 0.128125 0.04404296875 0.109375
0 0.74375 0.38125 0.065478515625 0.112890625
0 0.7609375 0.6328125 0.04990234375 0.106396484375
0 0.7734375 0.12578125 0.0375 0.1107421875
0 0.09453125 0.3734375 0.0421875 0.1095703125
0 0.1 0.8546875 0.04677734375 0.1158203125
0 0.11640625 0.13203125 0.061083984375 0.101513671875
0 0.1203125 0.6234375 0.05595703125 0.09990234375
0 0.1453125 0.86640625 0.05341796875 0.107666015625
0 0.16640625 0.6234375 0.059375 0.10009765625
0 0.16640625 0.1421875 0.042431640625 0.09052734375
0 0.18984375 0.86640625 0.046875 0.104736328125
0 0.21328125 0.6296875 0.053125 0.09716796875
0 0.21171875 0.13984375 0.048095703125 0.090625
0 0.23203125 0.86796875 0.0513671875 0.107666015625
0 0.23828125 0.384375 0.0482421875 0.09384765625
0 0.25703125 0.6296875 0.053125 0.0970703125
0 0.25625 0.1421875 0.044091796875 0.09072265625
0 0.271875 0.8640625 0.043994140625 0.118896484375
0 0.3015625 0.628125 0.05029296875 0.09658203125
0 0.3 0.1421875 0.049951171875 0.09345703125
0 0.34375 0.628125 0.0501953125 0.094140625
0 0.34375 0.1421875 0.050146484375 0.09345703125
4 0.5734375 0.63359375 0.0564453125 0.0984375
4 0.61875 0.6359375 0.05009765625 0.09677734375
4 0.6671875 0.63984375 0.05595703125 0.0984375
7 0.40859375 0.8734375 0.0546875 0.121728515625
7 0.503125 0.8765625 0.06220703125 0.109521484375
7 0.55078125 0.88203125 0.0578125 0.107861328125
7 0.69296875 0.896875 0.05 0.106396484375
7 0.73984375 0.896875 0.0517578125 0.106591796875
7 0.3234375 0.8765625 0.05009765625 0.1095703125
7 0.36484375 0.87421875 0.0544921875 0.1109375
8 0.36875 0.384375 0.05009765625 0.093603515625
8 0.41484375 0.384375 0.0546875 0.093994140625
8 0.46171875 0.384375 0.0548828125 0.09404296875
8 0.14765625 0.384375 0.0517578125 0.09677734375
8 0.190625 0.384375 0.0533203125 0.09697265625
8 0.284375 0.384375 0.05 0.094140625
8 0.32890625 0.38203125 0.0515625 0.095068359375