0 0.3484375 0.34453125 0.07509765625 0.13291015625
0 0.35625 0.8375 0.0751953125 0.14677734375
0 0.3625 0.58515625 0.075244140625 0.129541015625
0 0.47734375 0.58828125 0.07666015625 0.12958984375
0 0.4796875 0.33515625 0.075244140625 0.15
0 0.08125 0.58984375 0.084033203125 0.132666015625
0 0.08125 0.84140625 0.084375 0.16123046875
0 0.08515625 0.3515625 0.079638671875 0.134716796875
0 0.5421875 0.33671875 0.087158203125 0.153125
0 0.546875 0.58515625 0.074658203125 0.126806640625
0 0.66484375 0.578125 0.073779296875 0.128271484375
0 0.66953125 0.33671875 0.07939453125 0.15
0 0.7359375 0.58203125 0.075244140625 0.129541015625
0 0.73515625 0.33984375 0.0701171875 0.15
0 0.79453125 0.34140625 0.070166015625 0.132666015625
0 0.8015625 0.5734375 0.075146484375 0.147265625
0 0.859375 0.34453125 0.065576171875 0.129736328125
0 0.8640625 0.578125 0.0751953125 0.134326171875
0 0.9265625 0.575 0.0841796875 0.137451171875
0 0.934375 0.33359375 0.06591796875 0.12998046875
0 0.9375 0.82265625 0.08125 0.135693359375
0 0.14765625 0.3546875 0.076513671875 0.134326171875
0 0.153125 0.83984375 0.0779296875 0.16083984375
0 0.16015625 0.58984375 0.079638671875 0.129736328125
0 0.22109375 0.35 0.076513671875 0.134326171875
0 0.22734375 0.58828125 0.07998046875 0.12998046875
0 0.22578125 0.83359375 0.0767578125 0.160888671875
0 0.28984375 0.58671875 0.082958984375 0.132470703125
0 0.28828125 0.34765625 0.082763671875 0.135791015625
0 0.2890625 0.84375 0.0751953125 0.1466796875
1 0.484375 0.834375 0.078125 0.14697265625
1 0.55390625 0.82890625 0.0734375 0.14375
1 0.6765625 0.82578125 0.084375 0.1482421875
1 0.7390625 0.83203125 0.075 0.12978515625
1 0.80390625 0.82578125 0.0703125 0.129833984375
1 0.86796875 0.81953125 0.0767578125 0.132958984375