0 0.35625 0.5625 0.0640625 0.17734375
0 0.3875 0.8515625 0.07109375 0.19375
0 0.4546875 0.8453125 0.07109375 0.19375
0 0.08125 0.2390625 0.078125 0.2046875
0 0.4765625 0.24453125 0.078125 0.18515625
0 0.471875 0.54609375 0.0640625 0.17734375
0 0.51328125 0.8390625 0.07109375 0.19375
0 0.08203125 0.56484375 0.06875 0.18515625
0 0.53515625 0.54765625 0.0640625 0.17734375
0 0.575 0.8484375 0.07109375 0.1625
0 0.64453125 0.8375 0.07109375 0.1625
0 0.6546875 0.54375 0.0640625 0.17734375
0 0.7125 0.52890625 0.05546875 0.17734375
0 0.7671875 0.54375 0.05859375 0.1640625
0 0.77421875 0.23828125 0.06875 0.18515625
0 0.11015625 0.86484375 0.07109375 0.1875
0 0.83203125 0.53515625 0.05859375 0.1640625
0 0.8796875 0.80859375 0.07109375 0.1625
0 0.890625 0.23359375 0.06875 0.18515625
0 0.89453125 0.5265625 0.05859375 0.1640625
0 0.1578125 0.5609375 0.06875 0.18515625
0 0.18515625 0.878125 0.07109375 0.1875
0 0.22421875 0.546875 0.06875 0.19609375
0 0.25703125 0.878125 0.07109375 0.1875
0 0.29375 0.546875 0.0578125 0.19609375
0 0.3234375 0.8671875 0.07109375 0.1875
5 0.3515625 0.25078125 0.078125 0.18515625
5 0.6484375 0.25078125 0.06875 0.18515625
5 0.71328125 0.24453125 0.06875 0.18515625
5 0.1484375 0.2484375 0.078125 0.18515625
5 0.2171875 0.24453125 0.078125 0.18515625
5 0.2890625 0.246875 0.078125 0.18515625
2 0.80546875 0.81015625 0.07109375 0.1625