0 0.384375 0.1765625 0.06484375 0.21171875
0 0.38359375 0.909375 0.0609375 0.1703125
0 0.39140625 0.68359375 0.0609375 0.15703125
0 0.44765625 0.1609375 0.06484375 0.21171875
0 0.4953125 0.4171875 0.06484375 0.18046875
0 0.4984375 0.66484375 0.0609375 0.18359375
0 0.55703125 0.42578125 0.06484375 0.18046875
0 0.56015625 0.6703125 0.0609375 0.18359375
0 0.6140625 0.4359375 0.06484375 0.18046875
0 0.6234375 0.68359375 0.0609375 0.18359375
0 0.66953125 0.41875 0.06484375 0.18828125
0 0.67890625 0.1796875 0.06484375 0.18046875
0 0.72890625 0.43828125 0.059375 0.1703125
0 0.7375 0.1765625 0.06484375 0.18046875
0 0.7359375 0.6546875 0.0609375 0.18828125
0 0.20390625 0.17109375 0.06484375 0.21171875
0 0.2046875 0.90546875 0.0609375 0.18828125
0 0.209375 0.69765625 0.059375 0.1703125
0 0.26875 0.428125 0.06484375 0.18046875
0 0.2703125 0.90546875 0.0609375 0.18828125
0 0.32109375 0.1765625 0.06484375 0.21171875
0 0.31953125 0.89765625 0.0609375 0.18828125
0 0.33046875 0.4171875 0.06484375 0.18046875
0 0.33203125 0.6796875 0.059375 0.17578125
1 0.26328125 0.184375 0.06484375 0.21171875
4 0.2765625 0.684375 0.059375 0.17578125
5 0.503125 0.1796875 0.06484375 0.18046875
5 0.56015625 0.1765625 0.06484375 0.18046875
7 0.38203125 0.43046875 0.06484375 0.18046875
7 0.43984375 0.4359375 0.06484375 0.18046875
7 0.44453125 0.67578125 0.0609375 0.15703125
8 0.56328125 0.89921875 0.0609375 0.1703125
8 0.6703125 0.909375 0.0609375 0.1703125
8 0.68046875 0.6625 0.0609375 0.18359375
8 0.73359375 0.91484375 0.0609375 0.1703125
10 0.20078125 0.4359375 0.06484375 0.18046875