0 0.384375 0.1765625 0.074755859375 0.215380859375
0 0.38359375 0.909375 0.0701171875 0.17177734375
0 0.39140625 0.68359375 0.0794921875 0.161279296875
0 0.44765625 0.1609375 0.06689453125 0.21240234375
0 0.4953125 0.4171875 0.068701171875 0.181396484375
0 0.4984375 0.66484375 0.075 0.18603515625
0 0.55703125 0.42578125 0.06748046875 0.17998046875
0 0.56015625 0.6703125 0.0767578125 0.18759765625
0 0.6140625 0.4359375 0.072021484375 0.184130859375
0 0.6234375 0.68359375 0.071875 0.18603515625
0 0.66953125 0.41875 0.083056640625 0.193408203125
0 0.67890625 0.1796875 0.07646484375 0.18427734375
0 0.72890625 0.43828125 0.0703125 0.1734375
0 0.7375 0.1765625 0.068701171875 0.181396484375
0 0.7359375 0.6546875 0.08115234375 0.190869140625
0 0.20390625 0.17109375 0.07333984375 0.21396484375
0 0.20390625 0.9046875 0.0734375 0.190625
0 0.209375 0.69765625 0.0623046875 0.1705078125
0 0.26875 0.428125 0.084521484375 0.184716796875
0 0.26953125 0.9046875 0.0671875 0.190625
0 0.32109375 0.1765625 0.086181640625 0.215771484375
0 0.31953125 0.89765625 0.08125 0.192333984375
0 0.33046875 0.4171875 0.076416015625 0.184326171875
0 0.33203125 0.6796875 0.0794921875 0.178369140625
1 0.26328125 0.184375 0.07666015625 0.21533203125
4 0.2765625 0.684375 0.0623046875 0.17529296875
5 0.503125 0.1796875 0.08095703125 0.18447265625
5 0.56015625 0.1765625 0.070556640625 0.184130859375
7 0.38203125 0.43046875 0.067041015625 0.179931640625
7 0.43984375 0.4359375 0.06728515625 0.18134765625
7 0.44453125 0.67578125 0.0611328125 0.157763671875
8 0.56328125 0.89921875 0.0642578125 0.1705078125
8 0.6703125 0.909375 0.059765625 0.1689453125
8 0.68046875 0.6625 0.0794921875 0.18759765625
8 0.7328125 0.91328125 0.078125 0.1734375
10 0.20078125 0.4359375 0.07333984375 0.18408203125