0 0.4125 0.7578125 0.121826171875 0.228369140625
0 0.4203125 0.37890625 0.12509765625 0.232958984375
0 0.52109375 0.76328125 0.135595703125 0.235888671875
0 0.521875 0.37890625 0.12783203125 0.233154296875
0 0.6140625 0.3640625 0.103369140625 0.230908203125
0 0.62890625 0.7546875 0.129541015625 0.234033203125
0 0.69609375 0.3640625 0.095458984375 0.227978515625
0 0.72578125 0.7546875 0.12314453125 0.23095703125
0 0.7734375 0.3640625 0.112744140625 0.231494140625
0 0.81875 0.75390625 0.10302734375 0.2140625
0 0.84453125 0.37109375 0.108154296875 0.232763671875
0 0.9140625 0.75703125 0.09990234375 0.2125
0 0.9359375 0.365625 0.099658203125 0.228369140625
0 0.19375 0.3609375 0.10908203125 0.225244140625
0 0.2015625 0.76328125 0.125146484375 0.232568359375
0 0.30703125 0.76171875 0.120361328125 0.229833984375
0 0.3125 0.37421875 0.12177734375 0.232763671875
0 0.08359375 0.76640625 0.113720703125 0.226708984375
0 0.08203125 0.359375 0.1296875 0.234228515625