0 0.36015625 0.68359375 0.06748046875 0.13291015625
0 0.365625 0.19296875 0.074853515625 0.1392578125
0 0.3828125 0.9125 0.090234375 0.14990234375
0 0.4515625 0.9140625 0.078515625 0.14970703125
0 0.478125 0.68046875 0.074658203125 0.135888671875
0 0.484375 0.19921875 0.075048828125 0.140625
0 0.48203125 0.44765625 0.07353515625 0.1388671875
0 0.51796875 0.9109375 0.0767578125 0.146875
0 0.08515625 0.6890625 0.080029296875 0.14658203125
0 0.54375 0.67734375 0.074658203125 0.135888671875
0 0.09140625 0.1828125 0.0830078125 0.16533203125
0 0.553125 0.20390625 0.081103515625 0.1421875
0 0.578125 0.9078125 0.087890625 0.15283203125
0 0.08984375 0.43515625 0.080029296875 0.160986328125
0 0.64375 0.9078125 0.07783203125 0.14033203125
0 0.66015625 0.20625 0.079833984375 0.1408203125
0 0.659375 0.67109375 0.06591796875 0.13271484375
0 0.715625 0.66796875 0.068994140625 0.1482421875
0 0.1078125 0.92265625 0.083984375 0.1544921875
0 0.771875 0.671875 0.062841796875 0.127880859375
0 0.7796875 0.2203125 0.077783203125 0.140625
0 0.77890625 0.44765625 0.064111328125 0.134375
0 0.83125 0.6734375 0.072021484375 0.128466796875
0 0.83984375 0.2203125 0.085693359375 0.14375
0 0.88046875 0.88828125 0.08125 0.1419921875
0 0.89921875 0.45078125 0.06728515625 0.1359375
0 0.8984375 0.6703125 0.059716796875 0.125146484375
0 0.90390625 0.21875 0.073779296875 0.137890625
0 0.15859375 0.6921875 0.070263671875 0.14072265625
0 0.18515625 0.92734375 0.0828125 0.1453125
0 0.22890625 0.67109375 0.07958984375 0.15498046875
0 0.25625 0.925 0.084375 0.15
0 0.29765625 0.67734375 0.079833984375 0.157470703125
0 0.325 0.915625 0.0845703125 0.14970703125
5 0.36171875 0.44453125 0.070654296875 0.1421875
5 0.6578125 0.44765625 0.072216796875 0.1375
5 0.71875 0.44921875 0.077880859375 0.1390625
5 0.1578125 0.43984375 0.065869140625 0.140625
5 0.22890625 0.44140625 0.076708984375 0.1451171875
5 0.29375 0.44296875 0.072119140625 0.1423828125
2 0.815625 0.88984375 0.07529296875 0.1390625