0 0.55546875 0.65234375 0.12939453125 0.25478515625
0 0.559375 0.2421875 0.11904296875 0.24072265625
0 0.19453125 0.67265625 0.117333984375 0.288916015625
0 0.6703125 0.65546875 0.134130859375 0.257568359375
0 0.66796875 0.24453125 0.132861328125 0.245361328125
0 0.7828125 0.65390625 0.134130859375 0.257568359375
0 0.7796875 0.246875 0.125341796875 0.243701171875
0 0.903125 0.6546875 0.125341796875 0.253271484375
0 0.309375 0.6578125 0.14052734375 0.265966796875
0 0.4328125 0.6546875 0.115966796875 0.250048828125
0 0.44140625 0.23359375 0.11728515625 0.23916015625
5 0.19296875 0.22734375 0.13603515625 0.2607421875
5 0.890625 0.26640625 0.109423828125 0.279638671875
5 0.31953125 0.23515625 0.1544921875 0.2638671875