0 0.59453125 0.853125 0.115625 0.16015625
0 0.71328125 0.8515625 0.115625 0.1734375
0 0.85 0.8609375 0.12734375 0.1734375
0 0.86875 0.2375 0.1375 0.20078125
0 0.3453125 0.21015625 0.1375 0.22734375
0 0.365625 0.54140625 0.1375 0.20078125
0 0.36640625 0.83671875 0.115625 0.1828125
0 0.4796875 0.2296875 0.1375 0.20078125
0 0.48671875 0.54296875 0.1375 0.20078125
0 0.47734375 0.84140625 0.115625 0.1828125
1 0.61015625 0.234375 0.1375 0.20078125
1 0.734375 0.2359375 0.1375 0.20078125
5 0.6046875 0.55546875 0.115625 0.1828125
5 0.71953125 0.5640625 0.115625 0.1828125
5 0.85390625 0.565625 0.115625 0.1828125