0 0.3484375 0.81484375 0.0625 0.14296875
0 0.41640625 0.83203125 0.0625 0.134375
0 0.07421875 0.82578125 0.0625 0.1328125
0 0.47265625 0.83359375 0.0625 0.134375
0 0.575 0.55 0.0625 0.1328125
0 0.5765625 0.2578125 0.0625 0.1328125
0 0.64140625 0.26484375 0.0625 0.1328125
0 0.64375 0.55 0.0625 0.1328125
0 0.70390625 0.26328125 0.0625 0.1328125
0 0.7140625 0.55 0.0625 0.1328125
0 0.77421875 0.26171875 0.0625 0.1328125
0 0.77890625 0.55 0.0625 0.1328125
0 0.78359375 0.8296875 0.0625 0.15078125
0 0.8421875 0.259375 0.0625 0.1328125
0 0.84609375 0.5515625 0.0625 0.1328125
0 0.84609375 0.82734375 0.0625 0.15078125
0 0.1328125 0.54296875 0.0625 0.1328125
0 0.2078125 0.8296875 0.0625 0.1328125
0 0.21875 0.54453125 0.0625 0.1328125
0 0.2875 0.81328125 0.0625 0.14296875
0 0.059375 0.54453125 0.0625 0.1328125
3 0.06171875 0.246875 0.0625 0.1328125
3 0.3484375 0.2546875 0.0625 0.1328125
3 0.4125 0.2578125 0.0625 0.1328125
3 0.12890625 0.25625 0.0625 0.1328125
3 0.2828125 0.25625 0.0625 0.1328125
6 0.140625 0.8203125 0.0625 0.1328125
9 0.5359375 0.83203125 0.0625 0.134375
9 0.59609375 0.83359375 0.0625 0.134375
9 0.6546875 0.84140625 0.0625 0.134375
9 0.72265625 0.84296875 0.0625 0.134375