0 0.41328125 0.70625 0.129931640625 0.272021484375
0 0.43359375 0.29765625 0.121875 0.2544921875
0 0.09375 0.2828125 0.1001953125 0.237158203125
0 0.53515625 0.70234375 0.129931640625 0.270556640625
0 0.54296875 0.30546875 0.1265625 0.2546875
0 0.63046875 0.70234375 0.095166015625 0.267041015625
0 0.65546875 0.3171875 0.1330078125 0.25615234375
0 0.71171875 0.70625 0.088720703125 0.265576171875
0 0.7671875 0.3265625 0.118603515625 0.243994140625
0 0.79609375 0.709375 0.117041015625 0.271826171875
0 0.8703125 0.33203125 0.112158203125 0.242529296875
0 0.87109375 0.7109375 0.101220703125 0.24404296875
0 0.953125 0.71171875 0.09375 0.2453125
0 0.06640625 0.69609375 0.113720703125 0.264306640625
0 0.1796875 0.70078125 0.121630859375 0.267236328125
0 0.20859375 0.2890625 0.1111328125 0.2498046875
0 0.30546875 0.70390625 0.129345703125 0.270361328125
0 0.325 0.29765625 0.10966796875 0.25