0 0.36015625 0.52890625 0.0515625 0.109375
0 0.359375 0.70078125 0.04921875 0.1046875
0 0.36328125 0.17265625 0.05234375 0.10625
0 0.3640625 0.87734375 0.04921875 0.1140625
0 0.4078125 0.68984375 0.04921875 0.1046875
0 0.4078125 0.87265625 0.04921875 0.1140625
0 0.4109375 0.1703125 0.05234375 0.09140625
0 0.4546875 0.52890625 0.0515625 0.109375
0 0.453125 0.87265625 0.04921875 0.1140625
0 0.45703125 0.70390625 0.04921875 0.1046875
0 0.46171875 0.35625 0.05625 0.1140625
0 0.46171875 0.1734375 0.05234375 0.09140625
0 0.5046875 0.69140625 0.04921875 0.1046875
0 0.509375 0.1734375 0.05234375 0.09140625
0 0.54765625 0.69140625 0.04921875 0.1046875
0 0.55390625 0.35625 0.0515625 0.1046875
0 0.5578125 0.17578125 0.04921875 0.10625
0 0.59296875 0.6859375 0.04921875 0.1046875
0 0.596875 0.3609375 0.0515625 0.1046875
0 0.6078125 0.17578125 0.04921875 0.115625
0 0.63828125 0.859375 0.04921875 0.1140625
0 0.63984375 0.70078125 0.04921875 0.1046875
0 0.64453125 0.359375 0.0515625 0.1046875
0 0.65234375 0.17421875 0.04375 0.115625
0 0.6828125 0.53515625 0.04921875 0.10625
0 0.6828125 0.86953125 0.04921875 0.1140625
0 0.6875 0.70390625 0.04921875 0.1046875
0 0.6921875 0.35625 0.0515625 0.1046875
0 0.69765625 0.16640625 0.05 0.1375
0 0.72421875 0.86796875 0.04921875 0.1140625
0 0.728125 0.69609375 0.04921875 0.1046875
0 0.734375 0.3578125 0.0515625 0.1046875
0 0.7453125 0.18671875 0.04140625 0.09296875
0 0.771875 0.86953125 0.04921875 0.1140625
0 0.77421875 0.68984375 0.04921875 0.1046875
0 0.778125 0.359375 0.0515625 0.1046875
0 0.78515625 0.190625 0.05859375 0.115625
0 0.8109375 0.86953125 0.04921875 0.1140625
0 0.81875 0.53203125 0.04921875 0.115625
0 0.81875 0.7 0.04921875 0.1
0 0.834375 0.184375 0.04921875 0.1046875
0 0.8578125 0.865625 0.04921875 0.1140625
0 0.86171875 0.525 0.04921875 0.115625
0 0.86171875 0.7015625 0.04921875 0.1
0 0.86796875 0.359375 0.04765625 0.11796875
0 0.878125 0.17890625 0.04765625 0.115625
0 0.26484375 0.51875 0.0515625 0.12265625
0 0.26328125 0.6984375 0.04921875 0.115625
0 0.26875 0.328125 0.05546875 0.13046875
0 0.26640625 0.14921875 0.04765625 0.11953125
0 0.26875 0.8859375 0.04921875 0.1140625
0 0.31015625 0.70234375 0.04921875 0.1046875
0 0.31484375 0.53046875 0.0515625 0.109375
0 0.315625 0.1703125 0.05234375 0.12109375
0 0.31484375 0.88203125 0.04921875 0.1140625
1 0.49765625 0.87265625 0.04921875 0.1140625
1 0.54375 0.86796875 0.04921875 0.1140625
1 0.5921875 0.865625 0.04921875 0.1140625
7 0.409375 0.52890625 0.0515625 0.109375
7 0.4984375 0.52265625 0.0515625 0.1140625
7 0.54765625 0.53125 0.0515625 0.1015625
7 0.59453125 0.5328125 0.0515625 0.1015625
7 0.64375 0.52265625 0.04921875 0.1140625
7 0.72890625 0.5328125 0.04921875 0.1015625
7 0.7734375 0.534375 0.04921875 0.1015625
8 0.36015625 0.34609375 0.05625 0.1140625
8 0.41171875 0.35625 0.05625 0.1140625
8 0.50703125 0.35625 0.05625 0.1140625
8 0.825 0.359375 0.04765625 0.11796875
8 0.315625 0.34921875 0.05 0.1125