0 0.353125 0.540625 0.0640625 0.134375
0 0.35390625 0.26484375 0.0640625 0.13046875
0 0.359375 0.79609375 0.06875 0.14375
0 0.41875 0.53515625 0.06640625 0.15546875
0 0.41875 0.26875 0.0640625 0.1390625
0 0.42421875 0.8140625 0.06875 0.14375
0 0.484375 0.8171875 0.06875 0.14375
0 0.48671875 0.53828125 0.06640625 0.15546875
0 0.48515625 0.26875 0.0640625 0.1390625
0 0.55 0.53203125 0.06640625 0.15546875
0 0.55234375 0.815625 0.06875 0.14375
0 0.55234375 0.271875 0.0640625 0.1390625
0 0.61640625 0.53984375 0.06640625 0.15546875
0 0.61796875 0.815625 0.06875 0.14375
0 0.61953125 0.25703125 0.06015625 0.15859375
0 0.67890625 0.5515625 0.0609375 0.1359375
0 0.68203125 0.81015625 0.06484375 0.14375
0 0.684375 0.27265625 0.0671875 0.140625
0 0.73984375 0.815625 0.06484375 0.14375
0 0.74375 0.5453125 0.0609375 0.1359375
0 0.7515625 0.27265625 0.0671875 0.140625
0 0.80546875 0.81015625 0.06484375 0.14375
0 0.80859375 0.546875 0.0609375 0.1359375
0 0.81640625 0.27109375 0.0671875 0.140625
0 0.86796875 0.80859375 0.06484375 0.14375
0 0.87109375 0.546875 0.0609375 0.1359375
0 0.88203125 0.27265625 0.0671875 0.140625
0 0.93515625 0.5453125 0.0609375 0.1359375
0 0.93671875 0.81015625 0.06484375 0.14375
0 0.94140625 0.26796875 0.0671875 0.140625
0 0.23046875 0.7859375 0.06875 0.1375
0 0.2890625 0.540625 0.05859375 0.13046875
0 0.29296875 0.26796875 0.0640625 0.13046875
0 0.29765625 0.79609375 0.06875 0.14375
1 0.09296875 0.26484375 0.0640625 0.13046875
1 0.1578125 0.26328125 0.0640625 0.13046875
1 0.22265625 0.26640625 0.0640625 0.13046875
1 0.0328125 0.26875 0.06015625 0.1453125
5 0.10078125 0.5359375 0.05859375 0.13046875
5 0.040625 0.5328125 0.05859375 0.13046875
5 0.1640625 0.5375 0.05859375 0.13046875
5 0.228125 0.5421875 0.05859375 0.13046875
2 0.103125 0.8 0.0609375 0.1359375
2 0.16796875 0.8046875 0.0609375 0.1359375
2 0.046875 0.79140625 0.0609375 0.1359375