0 0.0734375 0.309375 0.08125 0.2
0 0.3984375 0.746875 0.08125 0.20546875
0 0.08203125 0.72109375 0.08125 0.2
0 0.47578125 0.74921875 0.08125 0.20546875
0 0.55234375 0.7609375 0.08125 0.20546875
0 0.640625 0.75390625 0.090625 0.25703125
0 0.71953125 0.3359375 0.08125 0.2
0 0.72578125 0.75625 0.090625 0.25703125
0 0.80625 0.33046875 0.08125 0.2
0 0.81640625 0.78828125 0.090625 0.22421875
0 0.9046875 0.78828125 0.090625 0.22421875
0 0.90234375 0.32578125 0.08125 0.2
0 0.1484375 0.315625 0.08125 0.2
0 0.159375 0.7 0.08125 0.234375
0 0.24140625 0.740625 0.08125 0.20546875
0 0.3125 0.7328125 0.08125 0.234375
3 0.3859375 0.31953125 0.08125 0.2
3 0.465625 0.32421875 0.08125 0.2
3 0.54765625 0.328125 0.08125 0.2
3 0.6296875 0.33046875 0.08125 0.2
3 0.228125 0.31796875 0.08125 0.2
3 0.31015625 0.31953125 0.08125 0.2