0 0.3734375 0.4515625 0.0810546875 0.13720703125
0 0.37890625 0.6703125 0.0763671875 0.140234375
0 0.378125 0.884375 0.075390625 0.134130859375
0 0.43828125 0.6578125 0.0580078125 0.14072265625
0 0.490625 0.6609375 0.06865234375 0.14384765625
0 0.503125 0.22109375 0.07841796875 0.1455078125
0 0.5484375 0.659375 0.07216796875 0.14697265625
0 0.559375 0.2265625 0.074658203125 0.14345703125
0 0.60625 0.86953125 0.069140625 0.129736328125
0 0.60625 0.665625 0.06845703125 0.12841796875
0 0.62421875 0.228125 0.076318359375 0.14658203125
0 0.66015625 0.86953125 0.0763671875 0.132470703125
0 0.66328125 0.6640625 0.05771484375 0.12529296875
0 0.6703125 0.45390625 0.06533203125 0.123291015625
0 0.6796875 0.234375 0.066015625 0.13134765625
0 0.71484375 0.86953125 0.0763671875 0.132470703125
0 0.71640625 0.66484375 0.06875 0.123681640625
0 0.73359375 0.23125 0.0765625 0.134619140625
0 0.765625 0.865625 0.0751953125 0.13154296875
0 0.77265625 0.65546875 0.0578125 0.1375
0 0.7859375 0.2328125 0.07822265625 0.137158203125
0 0.81796875 0.8640625 0.075 0.13154296875
0 0.8265625 0.659375 0.06533203125 0.124853515625
0 0.8359375 0.4453125 0.06259765625 0.14072265625
0 0.87421875 0.8609375 0.075 0.131591796875
0 0.884375 0.659375 0.05634765625 0.121923828125
0 0.89453125 0.4453125 0.06875 0.14365234375
0 0.90390625 0.23125 0.0830078125 0.1439453125
0 0.12109375 0.4328125 0.0857421875 0.1560546875
0 0.1296875 0.6609375 0.0625 0.146875
0 0.13671875 0.89375 0.065625 0.12822265625
0 0.1859375 0.4484375 0.071484375 0.131494140625
0 0.1921875 0.66796875 0.08115234375 0.1392578125
0 0.19921875 0.8921875 0.0734375 0.13154296875
0 0.25390625 0.45 0.08125 0.137353515625
0 0.25859375 0.675 0.0732421875 0.1375
0 0.265625 0.8875 0.068359375 0.13095703125
0 0.31640625 0.8890625 0.0640625 0.128271484375
0 0.31953125 0.6609375 0.0669921875 0.14697265625
1 0.43671875 0.884375 0.0763671875 0.131591796875
1 0.4921875 0.87734375 0.071875 0.129931640625
1 0.546875 0.87109375 0.0658203125 0.129345703125
7 0.434375 0.4390625 0.08134765625 0.15283203125
7 0.49296875 0.4546875 0.075 0.134033203125
7 0.5515625 0.4546875 0.07470703125 0.134033203125
7 0.61484375 0.4421875 0.0671875 0.14970703125
7 0.72578125 0.4578125 0.0611328125 0.121826171875
7 0.7796875 0.45625 0.07470703125 0.127880859375
7 0.31484375 0.4515625 0.0830078125 0.137548828125
8 0.38046875 0.21484375 0.082958984375 0.1482421875
8 0.4390625 0.21953125 0.07841796875 0.1455078125
8 0.85078125 0.2265625 0.0703125 0.1408203125
8 0.11796875 0.1890625 0.079443359375 0.175
8 0.1890625 0.2046875 0.07783203125 0.1439453125
8 0.25078125 0.21171875 0.085888671875 0.1484375
8 0.3140625 0.21328125 0.084423828125 0.1482421875