0 0.3421875 0.4140625 0.071630859375 0.14345703125
0 0.3484375 0.16328125 0.08466796875 0.13291015625
0 0.06796875 0.4046875 0.086279296875 0.159130859375
0 0.0734375 0.64296875 0.071923828125 0.160791015625
0 0.075 0.88671875 0.077783203125 0.1517578125
0 0.459375 0.6546875 0.06865234375 0.141015625
0 0.4625 0.1703125 0.074658203125 0.128271484375
0 0.4609375 0.8953125 0.07822265625 0.146484375
0 0.5171875 0.64921875 0.075048828125 0.1453125
0 0.52890625 0.16640625 0.076513671875 0.129345703125
0 0.528125 0.890625 0.07177734375 0.1435546875
0 0.64765625 0.16796875 0.07998046875 0.12998046875
0 0.646875 0.64765625 0.08095703125 0.146875
0 0.71328125 0.64765625 0.073779296875 0.1453125
0 0.72109375 0.16796875 0.086279296875 0.132861328125
0 0.77578125 0.6546875 0.082763671875 0.14677734375
0 0.78046875 0.1625 0.064208984375 0.14072265625
0 0.834375 0.88984375 0.0841796875 0.13896484375
0 0.8375 0.1703125 0.08720703125 0.13427734375
0 0.8359375 0.64765625 0.071533203125 0.14375
0 0.89921875 0.1703125 0.076513671875 0.128466796875
0 0.90234375 0.64609375 0.073779296875 0.1453125
0 0.903125 0.88984375 0.0720703125 0.13310546875
0 0.9046875 0.4171875 0.081201171875 0.14658203125
0 0.1375 0.16328125 0.084033203125 0.132666015625
0 0.1359375 0.64921875 0.068603515625 0.158056640625
0 0.13828125 0.88984375 0.070263671875 0.15
0 0.14296875 0.4078125 0.073583984375 0.153466796875
0 0.203125 0.16328125 0.078369140625 0.129931640625
0 0.2046875 0.653125 0.06591796875 0.1435546875
0 0.2125 0.4078125 0.084228515625 0.159130859375
0 0.26875 0.6546875 0.072119140625 0.14365234375
0 0.27265625 0.16484375 0.088818359375 0.133056640625
0 0.275 0.42109375 0.068505859375 0.1392578125
0 0.0640625 0.16015625 0.080908203125 0.129931640625
0 0.3359375 0.6546875 0.074658203125 0.14384765625
1 0.46640625 0.40625 0.073291015625 0.14072265625
1 0.53359375 0.4109375 0.07646484375 0.14375
1 0.6578125 0.41875 0.07177734375 0.140625
1 0.71171875 0.4140625 0.06416015625 0.1404296875
1 0.77421875 0.4140625 0.076611328125 0.14404296875
1 0.83984375 0.4171875 0.07685546875 0.1439453125
5 0.6484375 0.8984375 0.071728515625 0.1435546875
5 0.71171875 0.896875 0.082763671875 0.1466796875
5 0.77265625 0.8890625 0.0673828125 0.153125
5 0.20234375 0.89375 0.07060546875 0.143359375
5 0.265625 0.8921875 0.077783203125 0.1439453125
5 0.3359375 0.8953125 0.071533203125 0.141015625