0 0.3484375 0.83671875 0.072119140625 0.155029296875
0 0.34765625 0.1859375 0.0875 0.184765625
0 0.34921875 0.5171875 0.0765625 0.168994140625
0 0.41953125 0.84375 0.07978515625 0.15654296875
0 0.41875 0.19140625 0.0845703125 0.1859375
0 0.4203125 0.52265625 0.0689453125 0.1515625
0 0.4875 0.8421875 0.078369140625 0.156494140625
0 0.4875 0.1875 0.069140625 0.18125
0 0.48984375 0.5265625 0.0859375 0.158984375
0 0.55234375 0.83828125 0.073779296875 0.155029296875
0 0.55859375 0.5265625 0.0859375 0.158984375
0 0.0859375 0.5234375 0.065234375 0.159765625
0 0.61875 0.83046875 0.07177734375 0.17939453125
0 0.6234375 0.2015625 0.07841796875 0.16533203125
0 0.62734375 0.528125 0.0826171875 0.15595703125
0 0.68671875 0.84296875 0.088818359375 0.170068359375
0 0.6921875 0.52890625 0.084228515625 0.1638671875
0 0.09375 0.18984375 0.05625 0.1609375
0 0.75390625 0.846875 0.079638671875 0.165478515625
0 0.76015625 0.20859375 0.0673828125 0.1625
0 0.7609375 0.52734375 0.06904296875 0.159375
0 0.821875 0.8484375 0.08427734375 0.16591796875
0 0.825 0.53125 0.068994140625 0.15908203125
0 0.8890625 0.8484375 0.08466796875 0.16845703125
0 0.88984375 0.53125 0.079443359375 0.15966796875
0 0.89375 0.20859375 0.06865234375 0.1625
0 0.953125 0.2125 0.08125 0.1658203125
0 0.9546875 0.84296875 0.07783203125 0.167333984375
0 0.95859375 0.528125 0.0765625 0.159716796875
0 0.15 0.521875 0.07841796875 0.156494140625
0 0.1546875 0.18984375 0.059521484375 0.171875
0 0.028125 0.203125 0.05625 0.15625
0 0.0328125 0.51875 0.065625 0.165625
0 0.2203125 0.521875 0.08134765625 0.159033203125
0 0.21796875 0.19609375 0.0671875 0.1705078125
0 0.2859375 0.83828125 0.077978515625 0.157763671875
0 0.2828125 0.1875 0.0625 0.18125
0 0.2859375 0.5234375 0.0783203125 0.15654296875
1 0.08046875 0.82734375 0.079833984375 0.157958984375
1 0.14765625 0.82890625 0.07685546875 0.15771484375
1 0.0296875 0.83125 0.059375 0.159375
1 0.21484375 0.840625 0.079443359375 0.156298828125