0 0.5703125 0.671875 0.084375 0.1859375
0 0.57109375 0.26640625 0.0921875 0.19609375
0 0.6734375 0.2796875 0.0921875 0.19609375
0 0.66640625 0.665625 0.08671875 0.19765625
0 0.77890625 0.27734375 0.0921875 0.19609375
0 0.76875 0.66640625 0.09140625 0.1984375
0 0.8796875 0.27265625 0.0921875 0.19609375
0 0.86640625 0.66015625 0.0921875 0.20390625
0 0.25546875 0.6765625 0.09140625 0.19453125
0 0.25546875 0.2890625 0.0921875 0.265625
0 0.36953125 0.671875 0.0921875 0.1984375
0 0.36015625 0.27265625 0.0921875 0.19609375
0 0.47421875 0.67265625 0.08828125 0.1875
0 0.46796875 0.2671875 0.0921875 0.19609375