0 0.54609375 0.23828125 0.12646484375 0.240625
0 0.54296875 0.659375 0.121875 0.23740234375
0 0.6578125 0.2421875 0.140234375 0.2435546875
0 0.65078125 0.65546875 0.1267578125 0.2388671875
0 0.76328125 0.2421875 0.13125 0.24033203125
0 0.20078125 0.23515625 0.104931640625 0.264404296875
0 0.87734375 0.24453125 0.1357421875 0.2421875
0 0.43125 0.65390625 0.1345703125 0.2421875
0 0.43359375 0.234375 0.126806640625 0.24345703125
5 0.18671875 0.6578125 0.1359375 0.25009765625
5 0.87578125 0.675 0.126318359375 0.265478515625
5 0.30703125 0.65078125 0.15439453125 0.2578125
0 0.31328125 0.23046875 0.1328125 0.260791015625