0 0.425 0.87265625 0.09765625 0.2125
0 0.42890625 0.52265625 0.103125 0.19296875
0 0.44453125 0.17578125 0.09921875 0.2140625
0 0.521875 0.52109375 0.103125 0.19296875
0 0.52734375 0.86796875 0.09765625 0.2125
0 0.53828125 0.18203125 0.09921875 0.2140625
0 0.60234375 0.51796875 0.084375 0.19296875
0 0.6140625 0.87109375 0.09765625 0.19296875
0 0.60625 0.515625 0.07265625 0.2078125
0 0.6171875 0.18671875 0.07265625 0.2078125
0 0.66640625 0.5140625 0.07265625 0.2078125
0 0.671875 0.52109375 0.084375 0.19296875
0 0.70078125 0.865625 0.09765625 0.19296875
0 0.690625 0.18515625 0.07265625 0.2078125
0 0.7375 0.52265625 0.084375 0.19296875
0 0.73828125 0.5140625 0.07265625 0.2078125
0 0.75703125 0.1890625 0.07265625 0.2078125
0 0.78828125 0.8640625 0.09765625 0.19296875
0 0.1234375 0.87578125 0.09765625 0.2125
0 0.80625 0.52109375 0.07578125 0.19296875
0 0.80703125 0.521875 0.07265625 0.2078125
0 0.12890625 0.51484375 0.103125 0.19296875
0 0.82265625 0.1953125 0.07265625 0.2078125
0 0.875 0.8625 0.09765625 0.19296875
0 0.8875 0.5296875 0.07578125 0.20234375
0 0.88671875 0.2 0.07265625 0.2078125
0 0.8890625 0.5203125 0.07265625 0.2078125
0 0.14140625 0.1546875 0.09921875 0.2140625
0 0.2328125 0.52109375 0.103125 0.19296875
0 0.23046875 0.87890625 0.09765625 0.2125
0 0.24453125 0.1578125 0.09921875 0.2140625
0 0.33125 0.87421875 0.09765625 0.2125
0 0.3359375 0.52265625 0.103125 0.19296875
0 0.3453125 0.17578125 0.09921875 0.2140625