0 0.346875 0.1625 0.07109375 0.16796875
0 0.35390625 0.49453125 0.07109375 0.1484375
0 0.41328125 0.1625 0.07109375 0.16796875
0 0.4265625 0.49453125 0.07109375 0.1484375
0 0.07578125 0.49296875 0.07109375 0.1484375
0 0.48671875 0.1625 0.07109375 0.16796875
0 0.49375 0.4859375 0.07109375 0.1484375
0 0.55625 0.14921875 0.07109375 0.16796875
0 0.56875 0.4859375 0.07109375 0.1484375
0 0.62890625 0.153125 0.07109375 0.1484375
0 0.71015625 0.80703125 0.075 0.15703125
0 0.778125 0.1328125 0.07109375 0.1484375
0 0.7984375 0.46015625 0.084375 0.171875
0 0.79453125 0.80390625 0.075 0.15703125
0 0.8765625 0.80703125 0.075 0.15703125
0 0.88203125 0.4484375 0.084375 0.171875
0 0.13203125 0.81171875 0.075 0.15703125
0 0.146875 0.49921875 0.07109375 0.1484375
0 0.14609375 0.19296875 0.0625 0.1375
0 0.19296875 0.80703125 0.075 0.15703125
0 0.2796875 0.184375 0.0625 0.1375
3 0.40625 0.80703125 0.075 0.15703125
3 0.55703125 0.80703125 0.075 0.15703125
3 0.63671875 0.81015625 0.075 0.15703125
3 0.26640625 0.81015625 0.075 0.15703125
6 0.21796875 0.49453125 0.07109375 0.1484375
6 0.28671875 0.4890625 0.07109375 0.1484375
9 0.64375 0.4859375 0.07109375 0.1484375
9 0.721875 0.48125 0.07109375 0.1484375