0 0.3625 0.1578125 0.094091796875 0.196923828125
0 0.42890625 0.8515625 0.114404296875 0.215625
0 0.4390625 0.49453125 0.109716796875 0.198583984375
0 0.44453125 0.1671875 0.094970703125 0.196923828125
0 0.51953125 0.84453125 0.107958984375 0.2138671875
0 0.5328125 0.49765625 0.096826171875 0.195068359375
0 0.5375 0.16875 0.10615234375 0.20009765625
0 0.6015625 0.8265625 0.1 0.2154296875
0 0.6125 0.49453125 0.084375 0.195263671875
0 0.628125 0.18046875 0.096826171875 0.184375
0 0.66875 0.8265625 0.081640625 0.209765625
0 0.6796875 0.49765625 0.091015625 0.195654296875
0 0.7203125 0.18515625 0.081005859375 0.1794921875
0 0.73671875 0.8296875 0.0828125 0.209765625
0 0.74609375 0.50390625 0.08125 0.195068359375
0 0.80546875 0.828125 0.0796875 0.209375
0 0.8046875 0.19375 0.084130859375 0.1810546875
0 0.80859375 0.50078125 0.0890625 0.195458984375
0 0.12890625 0.8546875 0.111279296875 0.2154296875
0 0.8765625 0.50234375 0.0875 0.195458984375
0 0.8859375 0.8296875 0.083984375 0.209765625
0 0.14453125 0.4859375 0.0984375 0.20966796875
0 0.16875 0.14609375 0.106591796875 0.201708984375
0 0.23125 0.85625 0.118798828125 0.218359375
0 0.24375 0.4890625 0.10615234375 0.21279296875
0 0.26015625 0.15078125 0.104345703125 0.201513671875
0 0.33125 0.8546875 0.10615234375 0.2125
0 0.3421875 0.4859375 0.11904296875 0.21845703125