0 0.3875 0.4453125 0.08115234375 0.178369140625
0 0.40390625 0.1265625 0.0703125 0.146484375
0 0.41015625 0.77734375 0.09375 0.165625
0 0.475 0.12421875 0.075 0.146875
0 0.47578125 0.77421875 0.069970703125 0.1892578125
0 0.48359375 0.44375 0.0859375 0.180908203125
0 0.5359375 0.771875 0.07802734375 0.1908203125
0 0.53984375 0.4546875 0.061083984375 0.15
0 0.565625 0.11875 0.07470703125 0.1466796875
0 0.60625 0.77734375 0.072216796875 0.1611328125
0 0.60625 0.44921875 0.07802734375 0.1546875
0 0.09375 0.11171875 0.07529296875 0.146875
0 0.6390625 0.13046875 0.08125 0.1486328125
0 0.09609375 0.45390625 0.0796875 0.1484375
0 0.671875 0.77734375 0.084130859375 0.1642578125
0 0.671875 0.44921875 0.05966796875 0.15
0 0.10390625 0.79765625 0.0830078125 0.171875
0 0.70546875 0.12109375 0.0796875 0.1484375
0 0.73203125 0.76953125 0.064306640625 0.176513671875
0 0.7984375 0.12265625 0.07509765625 0.146875
0 0.8 0.765625 0.072021484375 0.177978515625
0 0.8609375 0.12421875 0.07216796875 0.1455078125
0 0.8625 0.77890625 0.077880859375 0.161083984375
0 0.8671875 0.43828125 0.0935546875 0.175
0 0.925 0.13203125 0.08095703125 0.1484375
0 0.93046875 0.434375 0.0767578125 0.1689453125
0 0.9296875 0.7765625 0.07841796875 0.16220703125
0 0.16484375 0.45234375 0.0671875 0.14375
0 0.1734375 0.11875 0.07509765625 0.146875
0 0.178125 0.771875 0.094140625 0.1875
0 0.2421875 0.12265625 0.06884765625 0.1453125
0 0.2484375 0.77734375 0.083984375 0.1625
0 0.31796875 0.78359375 0.0875 0.1640625
0 0.31640625 0.45234375 0.0826171875 0.1486328125
0 0.33515625 0.1265625 0.0703125 0.146484375
6 0.2375 0.4578125 0.07216796875 0.146484375
9 0.73671875 0.45546875 0.067333984375 0.14375
9 0.8015625 0.45390625 0.06865234375 0.1451171875