0 0.3515625 0.534375 0.078125 0.18203125
0 0.359375 0.8296875 0.0609375 0.17265625
0 0.42109375 0.8125 0.06484375 0.203125
0 0.48984375 0.809375 0.0796875 0.18984375
0 0.49296875 0.2390625 0.07734375 0.1765625
0 0.078125 0.81875 0.06484375 0.19765625
0 0.54765625 0.81015625 0.06640625 0.203125
0 0.55859375 0.2390625 0.07734375 0.1765625
0 0.615625 0.24453125 0.07734375 0.1765625
0 0.6140625 0.81015625 0.0640625 0.16875
0 0.6703125 0.81015625 0.0640625 0.16875
0 0.6828125 0.534375 0.06640625 0.178125
0 0.690625 0.24453125 0.07734375 0.1765625
0 0.7328125 0.80625 0.0640625 0.16875
0 0.7421875 0.2484375 0.07734375 0.1765625
0 0.8 0.7890625 0.0640625 0.1796875
0 0.80703125 0.25234375 0.07734375 0.1765625
0 0.853125 0.8046875 0.0640625 0.15703125
0 0.85625 0.51796875 0.0609375 0.18359375
0 0.91875 0.796875 0.0640625 0.15703125
0 0.921875 0.52578125 0.0609375 0.18359375
0 0.93359375 0.24453125 0.07734375 0.1796875
0 0.14375 0.5359375 0.078125 0.18203125
0 0.14609375 0.83359375 0.06484375 0.1765625
0 0.21171875 0.5359375 0.078125 0.18203125
0 0.2203125 0.83359375 0.06484375 0.1765625
0 0.2875 0.80703125 0.06484375 0.19765625
0 0.0671875 0.52265625 0.078125 0.19765625
7 0.41796875 0.52578125 0.06640625 0.19140625
7 0.4875 0.53359375 0.06640625 0.16875
7 0.55 0.5375 0.06640625 0.17265625
7 0.61640625 0.52109375 0.06640625 0.178125
7 0.74140625 0.53046875 0.06640625 0.178125
7 0.79921875 0.53125 0.0609375 0.16484375
7 0.28515625 0.54609375 0.078125 0.18203125
8 0.36328125 0.23359375 0.07734375 0.1765625
8 0.42734375 0.2375 0.07734375 0.1765625
8 0.871875 0.2390625 0.07734375 0.1796875
8 0.14609375 0.2078125 0.07734375 0.1765625
8 0.2171875 0.2234375 0.07734375 0.1765625
8 0.29140625 0.23359375 0.07734375 0.1765625
8 0.06796875 0.203125 0.07734375 0.2171875