0 0.3703125 0.54375 0.07109375 0.15390625
0 0.3875 0.8375 0.07109375 0.15234375
0 0.38984375 0.27734375 0.07109375 0.1359375
0 0.45 0.27890625 0.07109375 0.1359375
0 0.45703125 0.81796875 0.07109375 0.15234375
0 0.459375 0.5359375 0.07109375 0.15390625
0 0.51875 0.81640625 0.07109375 0.15234375
0 0.52578125 0.55625 0.07109375 0.12890625
0 0.54140625 0.275 0.07109375 0.1359375
0 0.584375 0.82734375 0.07109375 0.15234375
0 0.58828125 0.55 0.07109375 0.12890625
0 0.0921875 0.2734375 0.07109375 0.1359375
0 0.61171875 0.2734375 0.07109375 0.1359375
0 0.09453125 0.56484375 0.07109375 0.1359375
0 0.65546875 0.55 0.07109375 0.12890625
0 0.65546875 0.821875 0.07109375 0.140625
0 0.09765625 0.84921875 0.07109375 0.15234375
0 0.68046875 0.26875 0.07109375 0.1359375
0 0.7109375 0.8171875 0.07109375 0.140625
0 0.7609375 0.275 0.07109375 0.1359375
0 0.778125 0.815625 0.07109375 0.15703125
0 0.83125 0.275 0.07109375 0.1359375
0 0.84453125 0.8109375 0.07109375 0.1421875
0 0.84765625 0.53671875 0.07109375 0.15234375
0 0.89453125 0.8109375 0.07109375 0.1421875
0 0.89453125 0.28046875 0.07109375 0.1359375
0 0.90234375 0.52734375 0.07109375 0.15234375
0 0.16171875 0.2734375 0.07109375 0.1359375
0 0.1640625 0.5546875 0.07109375 0.1359375
0 0.17421875 0.82578125 0.07109375 0.15234375
0 0.23671875 0.2734375 0.07109375 0.1359375
0 0.23984375 0.840625 0.07109375 0.15234375
0 0.3 0.55625 0.07109375 0.1359375
0 0.3078125 0.8328125 0.07109375 0.15234375
0 0.32265625 0.2734375 0.07109375 0.1359375
6 0.2328125 0.559375 0.07109375 0.1359375
9 0.71328125 0.55 0.07109375 0.12890625
9 0.77734375 0.5484375 0.07109375 0.12890625