0 0.34921875 0.77265625 0.063818359375 0.1107421875
0 0.34765625 0.34609375 0.0546875 0.11435546875
0 0.35234375 0.6421875 0.0513671875 0.096923828125
0 0.39609375 0.34765625 0.0515625 0.114208984375
0 0.39765625 0.7765625 0.054443359375 0.118408203125
0 0.4 0.4953125 0.0560546875 0.102880859375
0 0.4 0.63515625 0.0501953125 0.110986328125
0 0.39765625 0.92578125 0.04375 0.098681640625
0 0.440625 0.91796875 0.049658203125 0.095458984375
0 0.44375 0.76328125 0.05654296875 0.117041015625
0 0.44453125 0.3515625 0.0546875 0.115283203125
0 0.446875 0.49921875 0.0529296875 0.1080078125
0 0.44453125 0.63984375 0.0548828125 0.098388671875
0 0.484375 0.91484375 0.0501953125 0.1080078125
0 0.490625 0.35625 0.0591796875 0.109375
0 0.49609375 0.49609375 0.0578125 0.1109375
0 0.49375 0.63515625 0.0498046875 0.0919921875
0 0.53203125 0.91171875 0.0486328125 0.09560546875
0 0.5375 0.49296875 0.059375 0.1109375
0 0.53984375 0.35625 0.0546875 0.106640625
0 0.578125 0.91171875 0.062548828125 0.1107421875
0 0.58671875 0.49765625 0.059375 0.1109375
0 0.58671875 0.35390625 0.0515625 0.114306640625
0 0.58671875 0.63125 0.05126953125 0.10625
0 0.6234375 0.90625 0.06279296875 0.106640625
0 0.62734375 0.77578125 0.0578125 0.09853515625
0 0.63046875 0.5078125 0.0576171875 0.096923828125
0 0.63046875 0.63671875 0.04521484375 0.09541015625
0 0.66640625 0.90859375 0.05146484375 0.1046875
0 0.66953125 0.77578125 0.060595703125 0.1078125
0 0.678125 0.5015625 0.0529296875 0.09404296875
0 0.678125 0.35625 0.0501953125 0.103125
0 0.67734375 0.63359375 0.051611328125 0.098388671875
0 0.2515625 0.49453125 0.0529296875 0.09853515625
0 0.25390625 0.778125 0.0642578125 0.12216796875
0 0.25390625 0.34453125 0.059375 0.117138671875
0 0.259375 0.6296875 0.050390625 0.11884765625
0 0.303125 0.92421875 0.0591796875 0.1080078125
0 0.30234375 0.34609375 0.0513671875 0.114013671875
0 0.30703125 0.4875 0.0544921875 0.10908203125
0 0.30703125 0.6421875 0.0578125 0.100048828125
1 0.3 0.77734375 0.05 0.1048828125
5 0.4875 0.77734375 0.03759765625 0.095263671875
5 0.534375 0.78046875 0.0685546875 0.104443359375
7 0.35234375 0.9171875 0.0544921875 0.108984375
9 0.6328125 0.3609375 0.0591796875 0.0939453125
10 0.2515625 0.9265625 0.062646484375 0.100048828125
2 0.54140625 0.634375 0.05625 0.103271484375