0 0.35078125 0.6 0.0625 0.20234375
0 0.3515625 0.3703125 0.05625 0.15703125
0 0.4046875 0.371875 0.06015625 0.2
0 0.4046875 0.13828125 0.05 0.1421875
0 0.4078125 0.6 0.05390625 0.20234375
0 0.45859375 0.3765625 0.06015625 0.16953125
0 0.4578125 0.5953125 0.05546875 0.20234375
0 0.46328125 0.1296875 0.05859375 0.18984375
0 0.50703125 0.83359375 0.06015625 0.16953125
0 0.51796875 0.365625 0.0578125 0.1625
0 0.51875 0.13125 0.05234375 0.1625
0 0.56171875 0.840625 0.06015625 0.16953125
0 0.56953125 0.1234375 0.046875 0.171875
0 0.621875 0.85234375 0.06015625 0.15703125
0 0.62421875 0.13125 0.0625 0.1875
0 0.621875 0.3578125 0.04765625 0.171875
0 0.671875 0.84609375 0.0625 0.2
0 0.6734375 0.60234375 0.05546875 0.15703125
0 0.67890625 0.37578125 0.05859375 0.171875
0 0.68046875 0.15 0.05859375 0.16953125
0 0.72265625 0.85234375 0.0625 0.1625
0 0.72890625 0.6078125 0.05546875 0.15703125
0 0.734375 0.146875 0.05859375 0.16953125
0 0.73125 0.378125 0.05390625 0.15703125
0 0.2375 0.13203125 0.05859375 0.16953125
0 0.2390625 0.60859375 0.0609375 0.19453125
0 0.24609375 0.3515625 0.05859375 0.19453125
0 0.29140625 0.85625 0.06015625 0.16953125
0 0.3 0.11484375 0.05625 0.18984375
0 0.29921875 0.36796875 0.0515625 0.1671875
1 0.29140625 0.60546875 0.05859375 0.17734375
5 0.5078125 0.61484375 0.06015625 0.1671875
5 0.5625 0.61015625 0.0640625 0.15703125
7 0.35390625 0.8359375 0.06015625 0.16953125
7 0.40390625 0.85859375 0.06015625 0.16953125
7 0.45390625 0.8484375 0.06015625 0.16953125
10 0.22890625 0.8609375 0.06015625 0.16953125
2 0.57265625 0.371875 0.05859375 0.159375