0 0.11796875 0.37734375 0.13310546875 0.13623046875
0 0.12265625 0.1421875 0.123583984375 0.122021484375
0 0.7328125 0.628125 0.1404296875 0.14970703125
0 0.73125 0.38046875 0.122119140625 0.126806640625
0 0.73359375 0.12734375 0.129638671875 0.126806640625
0 0.7359375 0.878125 0.12216796875 0.14375
0 0.8578125 0.6296875 0.141015625 0.147265625
0 0.86796875 0.3703125 0.133154296875 0.165380859375
0 0.8703125 0.12578125 0.131494140625 0.129931640625
0 0.2359375 0.37890625 0.130908203125 0.135595703125
0 0.240625 0.1421875 0.134423828125 0.134326171875
0 0.3453125 0.8765625 0.137353515625 0.15322265625
0 0.35625 0.38046875 0.131103515625 0.135791015625
0 0.3609375 0.6234375 0.131396484375 0.15029296875
0 0.37265625 0.140625 0.135888671875 0.134326171875
0 0.475 0.8765625 0.130908203125 0.14697265625
0 0.478125 0.6234375 0.1345703125 0.14990234375
0 0.47890625 0.38046875 0.126708984375 0.129931640625
0 0.48125 0.1359375 0.12490234375 0.12470703125
0 0.1109375 0.61484375 0.137744140625 0.167041015625
0 0.5984375 0.6328125 0.1341796875 0.14970703125
0 0.59765625 0.38046875 0.12333984375 0.12666015625
0 0.6 0.134375 0.12470703125 0.12216796875
0 0.60625 0.8796875 0.12216796875 0.141015625
5 0.853125 0.8765625 0.128125 0.165380859375
5 0.22734375 0.8765625 0.123388671875 0.14072265625
5 0.11328125 0.878125 0.135888671875 0.15322265625