0 0.06953125 0.91015625 0.075 0.16640625
0 0.3578125 0.91796875 0.07109375 0.15
0 0.375 0.3953125 0.0734375 0.14375
0 0.390625 0.11171875 0.06953125 0.15234375
0 0.44140625 0.40234375 0.0734375 0.14375
0 0.46484375 0.1171875 0.06953125 0.15234375
0 0.50390625 0.653125 0.06484375 0.13203125
0 0.51015625 0.4 0.0734375 0.14375
0 0.52734375 0.11484375 0.06953125 0.15234375
0 0.08671875 0.37265625 0.06953125 0.1734375
0 0.571875 0.6578125 0.06484375 0.13203125
0 0.57265625 0.39453125 0.0640625 0.15859375
0 0.6 0.121875 0.06953125 0.15234375
0 0.63359375 0.39921875 0.0640625 0.15859375
0 0.6375 0.653125 0.06484375 0.13203125
0 0.66015625 0.1234375 0.06953125 0.15234375
0 0.69609375 0.90625 0.07109375 0.15234375
0 0.69921875 0.653125 0.06484375 0.13203125
0 0.7 0.40390625 0.06484375 0.12734375
0 0.11015625 0.1109375 0.07578125 0.16328125
0 0.76171875 0.40703125 0.06484375 0.12734375
0 0.76640625 0.64921875 0.06484375 0.13203125
0 0.821875 0.41015625 0.06484375 0.12734375
0 0.82421875 0.653125 0.06484375 0.13203125
0 0.853125 0.146875 0.0609375 0.1703125
0 0.8796875 0.8796875 0.07109375 0.15859375
0 0.8890625 0.41171875 0.06484375 0.12734375
0 0.890625 0.640625 0.0609375 0.15
0 0.91015625 0.16171875 0.0609375 0.14375
0 0.9421875 0.88125 0.07109375 0.15859375
0 0.94609375 0.640625 0.0609375 0.15
0 0.95078125 0.40390625 0.05859375 0.15
0 0.14453125 0.9203125 0.07109375 0.15
0 0.16328125 0.3890625 0.06640625 0.146875
0 0.18359375 0.1078125 0.07578125 0.16328125
0 0.21796875 0.9203125 0.07109375 0.15
0 0.23125 0.39609375 0.06640625 0.15859375
0 0.2546875 0.1109375 0.07578125 0.16328125
0 0.3078125 0.38984375 0.06640625 0.15859375
0 0.32265625 0.11171875 0.06953125 0.15234375
4 0.7296875 0.1375 0.06953125 0.146875
4 0.78984375 0.140625 0.06953125 0.146875
7 0.42734375 0.9 0.07109375 0.16328125
7 0.4953125 0.9 0.07109375 0.16328125
7 0.5671875 0.90546875 0.07109375 0.16328125
7 0.63515625 0.89375 0.07109375 0.16328125
7 0.7609375 0.90078125 0.07109375 0.15234375
7 0.82265625 0.89765625 0.07109375 0.15234375
7 0.2890625 0.91796875 0.07109375 0.15
8 0.3734375 0.646875 0.075 0.1375
8 0.43828125 0.65078125 0.06484375 0.13203125
8 0.08046875 0.6390625 0.075 0.16640625
8 0.1578125 0.6484375 0.075 0.1375
8 0.23125 0.6484375 0.075 0.1375
8 0.3 0.65234375 0.075 0.1375