0 0.396875 0.51015625 0.05966796875 0.109375
0 0.45546875 0.50859375 0.067138671875 0.1125
0 0.08671875 0.5078125 0.070654296875 0.13154296875
0 0.51640625 0.5125 0.063818359375 0.1095703125
0 0.6015625 0.8078125 0.065625 0.118994140625
0 0.575 0.51484375 0.062548828125 0.1109375
0 0.659375 0.2359375 0.0625 0.12177734375
0 0.63359375 0.5140625 0.070068359375 0.1126953125
0 0.72421875 0.2453125 0.0548828125 0.12197265625
0 0.78125 0.81796875 0.065625 0.123583984375
0 0.77421875 0.24375 0.0548828125 0.112109375
0 0.840625 0.81484375 0.0564453125 0.120263671875
0 0.83125 0.2484375 0.068505859375 0.122119140625
0 0.86796875 0.52109375 0.057763671875 0.1048828125
0 0.15859375 0.8203125 0.0642578125 0.131591796875
0 0.94140625 0.259375 0.084375 0.1466796875
0 0.928125 0.52578125 0.07470703125 0.1138671875
0 0.14609375 0.49765625 0.073193359375 0.1142578125
0 0.2296875 0.809375 0.05966796875 0.109375
0 0.21015625 0.503125 0.07333984375 0.1154296875
0 0.28984375 0.81015625 0.0576171875 0.109375
0 0.27109375 0.50234375 0.066943359375 0.1111328125
0 0.35546875 0.81015625 0.05478515625 0.12041015625
0 0.121875 0.20859375 0.050146484375 0.1140625
0 0.33359375 0.50625 0.067529296875 0.1126953125
0 0.0875 0.82265625 0.07177734375 0.136083984375
4 0.69140625 0.51875 0.064208984375 0.1123046875
4 0.74921875 0.515625 0.057861328125 0.106103515625
4 0.80859375 0.51796875 0.058154296875 0.1080078125
7 0.41328125 0.80859375 0.066943359375 0.120556640625
7 0.47890625 0.81171875 0.0611328125 0.120166015625
7 0.540625 0.8109375 0.0626953125 0.11240234375
7 0.659375 0.81328125 0.056640625 0.120458984375
7 0.721875 0.8140625 0.0564453125 0.118798828125
7 0.90234375 0.81953125 0.0576171875 0.120263671875
7 0.96953125 0.8265625 0.0609375 0.121875
8 0.48984375 0.23984375 0.0544921875 0.1171875
8 0.54921875 0.23515625 0.05771484375 0.1111328125
8 0.60546875 0.2359375 0.0544921875 0.109375
8 0.1921875 0.21328125 0.059375 0.107861328125
8 0.88515625 0.25703125 0.06083984375 0.1361328125
8 0.25 0.21640625 0.05654296875 0.10751953125
8 0.31171875 0.22734375 0.0607421875 0.1048828125
8 0.371875 0.23203125 0.059033203125 0.111279296875
8 0.428125 0.23671875 0.05927734375 0.12333984375