0 0.42734375 0.91640625 0.0671875 0.1357421875
0 0.4265625 0.50703125 0.06279296875 0.126318359375
0 0.4328125 0.71328125 0.0720703125 0.12041015625
0 0.44453125 0.3140625 0.0578125 0.125146484375
0 0.465625 0.1140625 0.080859375 0.13154296875
0 0.0796875 0.7140625 0.08154296875 0.134130859375
0 0.47734375 0.5125 0.0701171875 0.125244140625
0 0.49375 0.91328125 0.068359375 0.1357421875
0 0.4953125 0.7140625 0.0626953125 0.11552734375
0 0.4921875 0.3171875 0.0716796875 0.12841796875
0 0.5296875 0.5125 0.06904296875 0.125244140625
0 0.53515625 0.121875 0.0705078125 0.118359375
0 0.540625 0.31875 0.0595703125 0.125341796875
0 0.5484375 0.91171875 0.06875 0.1359375
0 0.553125 0.7140625 0.0720703125 0.11904296875
0 0.08515625 0.503125 0.0705078125 0.12509765625
0 0.575 0.5140625 0.06884765625 0.127783203125
0 0.59765625 0.1296875 0.08125 0.121875
0 0.5890625 0.32421875 0.053271484375 0.1171875
0 0.61015625 0.90703125 0.0701171875 0.1359375
0 0.09453125 0.278125 0.0765625 0.125341796875
0 0.61875 0.715625 0.0685546875 0.11552734375
0 0.63359375 0.5125 0.06396484375 0.12509765625
0 0.63984375 0.32421875 0.054345703125 0.1171875
0 0.109375 0.0671875 0.090625 0.134375
0 0.1484375 0.9171875 0.071875 0.1404296875
0 0.153125 0.7140625 0.0783203125 0.13134765625
0 0.15703125 0.50625 0.0701171875 0.124951171875
0 0.16328125 0.284375 0.0796875 0.127880859375
0 0.18046875 0.078125 0.0828125 0.131201171875
0 0.2203125 0.9296875 0.0751953125 0.12783203125
0 0.2265625 0.715625 0.07822265625 0.131201171875
0 0.234375 0.50625 0.07529296875 0.124951171875
0 0.23828125 0.29609375 0.0765625 0.123681640625
0 0.25703125 0.08359375 0.090625 0.133056640625
0 0.2875 0.93125 0.08427734375 0.131201171875
0 0.290625 0.7171875 0.08134765625 0.134130859375
0 0.3015625 0.51015625 0.08095703125 0.126220703125
0 0.31484375 0.30078125 0.0796875 0.126416015625
0 0.32890625 0.09609375 0.084375 0.132470703125
0 0.3515625 0.91484375 0.0658203125 0.134375
0 0.3640625 0.7140625 0.07490234375 0.128466796875
0 0.3671875 0.5140625 0.083984375 0.1158203125
0 0.07421875 0.915625 0.0830078125 0.137890625
0 0.38515625 0.30703125 0.0763671875 0.123486328125
0 0.39453125 0.103125 0.0888671875 0.134326171875