0 0.37265625 0.83359375 0.090625 0.1857421875
0 0.38359375 0.23359375 0.070556640625 0.165625
0 0.4546875 0.2375 0.077880859375 0.168359375
0 0.51328125 0.53125 0.082763671875 0.17841796875
0 0.084375 0.81796875 0.09716796875 0.201513671875
0 0.52109375 0.24296875 0.089306640625 0.171875
0 0.578125 0.53125 0.065673828125 0.17490234375
0 0.5875 0.2375 0.087646484375 0.19345703125
0 0.64296875 0.2375 0.08251953125 0.193359375
0 0.64609375 0.5328125 0.085693359375 0.17783203125
0 0.10390625 0.19765625 0.0859375 0.198486328125
0 0.7046875 0.53671875 0.06591796875 0.1734375
0 0.703125 0.815625 0.080908203125 0.169140625
0 0.71171875 0.25078125 0.079931640625 0.1703125
0 0.7671875 0.5359375 0.084423828125 0.165478515625
0 0.7703125 0.25859375 0.07490234375 0.16875
0 0.82734375 0.5359375 0.079833984375 0.162744140625
0 0.83046875 0.2625 0.082861328125 0.169140625
0 0.878125 0.8046875 0.062548828125 0.1908203125
0 0.89296875 0.26640625 0.07958984375 0.1701171875
0 0.94296875 0.803125 0.064404296875 0.1908203125
0 0.95 0.528125 0.081494140625 0.18447265625
0 0.95625 0.2578125 0.072021484375 0.18740234375
0 0.16328125 0.83515625 0.096875 0.201318359375
0 0.17734375 0.21328125 0.095166015625 0.1703125
0 0.234375 0.83359375 0.08115234375 0.198193359375
0 0.24765625 0.221875 0.079345703125 0.16875
0 0.31484375 0.22578125 0.08583984375 0.1703125
7 0.4421875 0.809375 0.07470703125 0.196826171875
7 0.50625 0.83046875 0.08720703125 0.1857421875
7 0.57109375 0.8234375 0.0794921875 0.183984375
7 0.63984375 0.8125 0.082763671875 0.1939453125
7 0.76015625 0.81953125 0.076708984375 0.1701171875
7 0.82421875 0.8171875 0.079638671875 0.171484375
7 0.30546875 0.83203125 0.0857421875 0.1830078125
8 0.38046875 0.534375 0.091845703125 0.180908203125
8 0.4484375 0.53515625 0.068603515625 0.1736328125
8 0.08984375 0.50546875 0.079736328125 0.1986328125
8 0.88984375 0.5265625 0.070068359375 0.17841796875
8 0.16953125 0.52421875 0.091845703125 0.180029296875
8 0.24453125 0.53046875 0.094970703125 0.182568359375
8 0.3109375 0.53046875 0.08408203125 0.17939453125