0 0.06953125 0.91015625 0.0798828125 0.170068359375
0 0.3578125 0.91796875 0.087451171875 0.1548828125
0 0.375 0.3953125 0.09091796875 0.1501953125
0 0.390625 0.11171875 0.068994140625 0.151611328125
0 0.44140625 0.40234375 0.090625 0.1513671875
0 0.46484375 0.1171875 0.07646484375 0.15595703125
0 0.50390625 0.653125 0.06728515625 0.13408203125
0 0.51015625 0.4 0.0765625 0.144140625
0 0.52734375 0.11484375 0.082958984375 0.157470703125
0 0.08671875 0.37265625 0.076708984375 0.1763671875
0 0.571875 0.6578125 0.071826171875 0.134228515625
0 0.57265625 0.39453125 0.06875 0.160595703125
0 0.6 0.121875 0.081298828125 0.156591796875
0 0.63359375 0.39921875 0.0734375 0.160986328125
0 0.6375 0.653125 0.078271484375 0.137353515625
0 0.66015625 0.1234375 0.07373046875 0.15341796875
0 0.69609375 0.90625 0.08291015625 0.15654296875
0 0.69921875 0.653125 0.076416015625 0.137158203125
0 0.7 0.40390625 0.081005859375 0.132861328125
0 0.11015625 0.1109375 0.089404296875 0.168603515625
0 0.76171875 0.40703125 0.07939453125 0.13271484375
0 0.76640625 0.64921875 0.070361328125 0.135693359375
0 0.821875 0.41015625 0.078466796875 0.132666015625
0 0.82421875 0.653125 0.067236328125 0.134033203125
0 0.853125 0.146875 0.06884765625 0.17177734375
0 0.8796875 0.8796875 0.090576171875 0.165576171875
0 0.8890625 0.41171875 0.071826171875 0.129541015625
0 0.890625 0.640625 0.06884765625 0.1529296875
0 0.91015625 0.16171875 0.0638671875 0.1451171875
0 0.9421875 0.88125 0.09033203125 0.16552734375
0 0.94609375 0.640625 0.0609375 0.15
0 0.95078125 0.40390625 0.06435546875 0.1517578125
0 0.14453125 0.9203125 0.07060546875 0.15
0 0.16328125 0.3890625 0.079833984375 0.152734375
0 0.18359375 0.1078125 0.088818359375 0.168408203125
0 0.21796875 0.9203125 0.079736328125 0.1533203125
0 0.23125 0.39609375 0.075244140625 0.160986328125
0 0.2546875 0.1109375 0.081298828125 0.165478515625
0 0.3078125 0.38984375 0.084228515625 0.163916015625
0 0.32265625 0.11171875 0.088818359375 0.157861328125
4 0.7296875 0.1375 0.075048828125 0.1498046875
4 0.78984375 0.140625 0.07314453125 0.1470703125
7 0.42734375 0.9 0.085791015625 0.168408203125
7 0.4953125 0.9 0.087841796875 0.168603515625
7 0.5671875 0.90546875 0.077880859375 0.164404296875
7 0.63515625 0.89375 0.073291015625 0.162744140625
7 0.7609375 0.90078125 0.071826171875 0.151611328125
7 0.82265625 0.89765625 0.073681640625 0.154345703125
7 0.2890625 0.91796875 0.071826171875 0.15
8 0.3734375 0.646875 0.078125 0.137890625
8 0.43828125 0.65078125 0.06689453125 0.13291015625
8 0.08046875 0.6390625 0.0859375 0.168994140625
8 0.1578125 0.6484375 0.090234375 0.14375
8 0.23125 0.6484375 0.0841796875 0.1408203125
8 0.3 0.65234375 0.0810546875 0.1392578125