0 0.3578125 0.88515625 0.05390625 0.1203125
0 0.3578125 0.2140625 0.05390625 0.11875
0 0.41171875 0.8828125 0.05390625 0.1203125
0 0.41328125 0.2078125 0.05390625 0.11875
0 0.46171875 0.8875 0.05390625 0.1203125
0 0.46796875 0.2078125 0.05390625 0.11875
0 0.06875 0.52890625 0.04375 0.14453125
0 0.515625 0.8828125 0.05390625 0.1203125
0 0.51953125 0.21015625 0.05390625 0.11875
0 0.54609375 0.5484375 0.05 0.12265625
0 0.56484375 0.89375 0.05390625 0.1421875
0 0.56875 0.21015625 0.05390625 0.11875
0 0.6 0.5484375 0.05 0.12265625
0 0.6234375 0.2109375 0.05 0.125
0 0.6515625 0.54609375 0.05 0.12265625
0 0.675 0.2109375 0.05 0.125
0 0.1 0.1953125 0.0671875 0.153125
0 0.703125 0.54609375 0.05 0.12265625
0 0.72890625 0.20859375 0.05234375 0.1203125
0 0.09765625 0.8796875 0.05234375 0.13125
0 0.78203125 0.90703125 0.05390625 0.1421875
0 0.85078125 0.11875 0.06015625 0.14453125
0 0.81640625 0.540625 0.05390625 0.14609375
0 0.834375 0.89375 0.05390625 0.159375
0 0.903125 0.12265625 0.05390625 0.1453125
0 0.1484375 0.88515625 0.05390625 0.1203125
0 0.1546875 0.2078125 0.05390625 0.11875
0 0.20234375 0.88515625 0.05390625 0.1203125
0 0.209375 0.21015625 0.05390625 0.11875
0 0.25234375 0.88515625 0.05390625 0.1203125
0 0.25703125 0.21015625 0.05390625 0.11875
0 0.30546875 0.88515625 0.05390625 0.1203125
0 0.3078125 0.2078125 0.05390625 0.11875
4 0.62109375 0.8984375 0.05390625 0.1421875
4 0.67890625 0.8984375 0.05390625 0.1421875
4 0.73125 0.9 0.05390625 0.1421875
8 0.33671875 0.54609375 0.05 0.12265625
8 0.39140625 0.54375 0.05 0.12265625
8 0.44140625 0.54375 0.05 0.12265625
8 0.49296875 0.54375 0.05 0.12265625
8 0.7625 0.54296875 0.05390625 0.14609375
8 0.1328125 0.54375 0.05 0.12265625
8 0.184375 0.54609375 0.05 0.12265625
8 0.2359375 0.54140625 0.05 0.12265625
8 0.28828125 0.54140625 0.05 0.12265625