0 0.34296875 0.88046875 0.0765625 0.135791015625
0 0.34453125 0.36328125 0.0642578125 0.133154296875
0 0.346875 0.628125 0.072119140625 0.134619140625
0 0.4 0.08984375 0.06865234375 0.1517578125
0 0.40546875 0.884375 0.0671875 0.131396484375
0 0.40546875 0.6265625 0.070263671875 0.134228515625
0 0.4015625 0.35859375 0.0685546875 0.1453125
0 0.034375 0.10546875 0.06240234375 0.129638671875
0 0.46484375 0.625 0.067138671875 0.134033203125
0 0.46484375 0.08828125 0.0763671875 0.1546875
0 0.46875 0.8765625 0.0685546875 0.14091796875
0 0.46953125 0.3671875 0.061181640625 0.134033203125
0 0.528125 0.08671875 0.06533203125 0.1513671875
0 0.53203125 0.6265625 0.073388671875 0.134619140625
0 0.5328125 0.875 0.07490234375 0.1466796875
0 0.53359375 0.3625 0.070556640625 0.131396484375
0 0.59140625 0.6265625 0.073193359375 0.134423828125
0 0.596875 0.87265625 0.081005859375 0.1546875
0 0.596875 0.365625 0.068701171875 0.131005859375
0 0.65390625 0.6140625 0.079443359375 0.147265625
0 0.0921875 0.10703125 0.06865234375 0.132763671875
0 0.65703125 0.09375 0.0734375 0.137158203125
0 0.66015625 0.87578125 0.076611328125 0.1546875
0 0.66171875 0.3625 0.061181640625 0.128076171875
0 0.7203125 0.6234375 0.062744140625 0.13447265625
0 0.71953125 0.88203125 0.0736328125 0.1421875
0 0.72109375 0.3625 0.073486328125 0.131591796875
0 0.1 0.3703125 0.06875 0.13447265625
0 0.784375 0.6234375 0.065673828125 0.13466796875
0 0.784375 0.87890625 0.06884765625 0.129736328125
0 0.784375 0.0953125 0.06552734375 0.131494140625
0 0.78671875 0.3609375 0.061181640625 0.128076171875
0 0.84453125 0.621875 0.067138671875 0.13779296875
0 0.84375 0.87890625 0.07509765625 0.132470703125
0 0.85078125 0.3609375 0.070166015625 0.131201171875
0 0.903125 0.87890625 0.06904296875 0.129736328125
0 0.909375 0.6171875 0.06533203125 0.134765625
0 0.91015625 0.359375 0.076220703125 0.131591796875
0 0.909375 0.0953125 0.07470703125 0.137158203125
0 0.965625 0.875 0.06875 0.13125
0 0.96484375 0.09296875 0.0703125 0.1359375
0 0.96796875 0.61484375 0.0609375 0.1359375
0 0.96875 0.35625 0.0564453125 0.128076171875
0 0.04140625 0.36875 0.0611328125 0.13134765625
0 0.1609375 0.371875 0.071875 0.13466796875
0 0.16171875 0.09765625 0.0578125 0.1357421875
0 0.21875 0.371875 0.06865234375 0.134228515625
0 0.04921875 0.8609375 0.075 0.152734375
0 0.2203125 0.09609375 0.0658203125 0.146875
0 0.27734375 0.09609375 0.05625 0.14375
0 0.2796875 0.36875 0.07177734375 0.134619140625
0 0.3359375 0.08984375 0.065234375 0.1455078125
1 0.103125 0.625 0.065625 0.134228515625
1 0.159375 0.6234375 0.068994140625 0.134423828125
1 0.04375 0.621875 0.0626953125 0.134033203125
1 0.22265625 0.6234375 0.06728515625 0.13408203125
1 0.28359375 0.625 0.064208984375 0.131298828125
5 0.10859375 0.87265625 0.0701171875 0.126806640625
5 0.16484375 0.87734375 0.0669921875 0.132666015625
5 0.22421875 0.87890625 0.0703125 0.133056640625
5 0.2859375 0.87890625 0.0623046875 0.12998046875