0 0.3421875 0.4140625 0.06484375 0.1390625
0 0.3484375 0.16328125 0.07265625 0.12734375
0 0.06796875 0.4046875 0.06953125 0.15234375
0 0.0734375 0.64296875 0.06640625 0.15859375
0 0.075 0.88671875 0.06640625 0.1484375
0 0.459375 0.6546875 0.06640625 0.1421875
0 0.4625 0.1703125 0.07265625 0.12734375
0 0.4609375 0.8953125 0.06640625 0.140625
0 0.5171875 0.64921875 0.06640625 0.1421875
0 0.52890625 0.16640625 0.07265625 0.12734375
0 0.528125 0.890625 0.06640625 0.140625
0 0.64765625 0.16796875 0.07265625 0.12734375
0 0.646875 0.64765625 0.06640625 0.1421875
0 0.71328125 0.64765625 0.06640625 0.1421875
0 0.72109375 0.16796875 0.07265625 0.12734375
0 0.77578125 0.6546875 0.06640625 0.1421875
0 0.78046875 0.1625 0.05390625 0.1390625
0 0.834375 0.88984375 0.06875 0.13203125
0 0.8375 0.1703125 0.07265625 0.12734375
0 0.8359375 0.64765625 0.06640625 0.1421875
0 0.89921875 0.1703125 0.07265625 0.12734375
0 0.90234375 0.64609375 0.06640625 0.1421875
0 0.903125 0.88984375 0.06875 0.13203125
0 0.9046875 0.4171875 0.06484375 0.1390625
0 0.1375 0.16328125 0.07265625 0.12734375
0 0.1359375 0.64921875 0.06640625 0.15859375
0 0.13828125 0.88984375 0.06640625 0.1484375
0 0.14296875 0.4078125 0.06953125 0.15234375
0 0.203125 0.16328125 0.07265625 0.12734375
0 0.2046875 0.653125 0.06640625 0.1421875
0 0.2125 0.4078125 0.06953125 0.15234375
0 0.26875 0.6546875 0.06640625 0.1421875
0 0.27265625 0.16484375 0.07265625 0.12734375
0 0.275 0.42109375 0.06484375 0.1390625
0 0.0640625 0.16015625 0.07265625 0.12734375
0 0.3359375 0.6546875 0.06640625 0.1421875
1 0.46640625 0.40625 0.06484375 0.1390625
1 0.53359375 0.4109375 0.06484375 0.1390625
1 0.6578125 0.41875 0.06484375 0.1390625
1 0.71171875 0.4140625 0.06484375 0.1390625
1 0.77421875 0.4140625 0.06484375 0.1390625
1 0.83984375 0.4171875 0.06484375 0.1390625
5 0.6484375 0.8984375 0.06640625 0.140625
5 0.71171875 0.896875 0.06640625 0.140625
5 0.77265625 0.8890625 0.0578125 0.15
5 0.20234375 0.89375 0.06640625 0.140625
5 0.265625 0.8921875 0.06640625 0.140625
5 0.3359375 0.8953125 0.06640625 0.140625