0 0.54609375 0.23828125 0.11484375 0.2359375
0 0.54296875 0.659375 0.121875 0.2359375
0 0.6578125 0.2421875 0.121875 0.2359375
0 0.65078125 0.65546875 0.121875 0.2359375
0 0.76328125 0.2421875 0.121875 0.2359375
0 0.20078125 0.23515625 0.10234375 0.26328125
0 0.87734375 0.24453125 0.121875 0.2359375
0 0.43125 0.65390625 0.121875 0.2359375
0 0.43359375 0.234375 0.11484375 0.2359375
5 0.18671875 0.6578125 0.128125 0.2453125
5 0.87578125 0.675 0.11015625 0.26015625
5 0.30703125 0.65078125 0.12578125 0.246875
0 0.31328125 0.23046875 0.1203125 0.25546875