0 0.34375 0.5296875 0.075244140625 0.166015625
0 0.07265625 0.81171875 0.076904296875 0.189404296875
0 0.475 0.5203125 0.08740234375 0.171484375
0 0.47578125 0.81640625 0.07626953125 0.1763671875
0 0.5421875 0.8109375 0.081494140625 0.178125
0 0.54375 0.52578125 0.074853515625 0.1669921875
0 0.67734375 0.5234375 0.076318359375 0.1658203125
0 0.740625 0.52578125 0.07197265625 0.165625
0 0.80703125 0.51640625 0.085888671875 0.1703125
0 0.8671875 0.80546875 0.09365234375 0.18125
0 0.8765625 0.5125 0.07841796875 0.1685546875
0 0.1265625 0.22890625 0.09345703125 0.1953125
0 0.9390625 0.50859375 0.087744140625 0.1705078125
0 0.94140625 0.79453125 0.091943359375 0.1798828125
0 0.94453125 0.2328125 0.086279296875 0.175341796875
0 0.134375 0.81171875 0.087158203125 0.192333984375
0 0.13515625 0.52734375 0.089208984375 0.1859375
0 0.20625 0.5296875 0.077978515625 0.166015625
0 0.21171875 0.23046875 0.0875 0.1923828125
0 0.059375 0.23828125 0.09716796875 0.1955078125
0 0.2703125 0.52734375 0.090283203125 0.1705078125
0 0.275 0.23984375 0.081103515625 0.173486328125
0 0.06171875 0.521875 0.079833984375 0.1841796875
0 0.33984375 0.23828125 0.082568359375 0.173486328125
1 0.47578125 0.234375 0.085888671875 0.175146484375
1 0.546875 0.22890625 0.078369140625 0.173291015625
1 0.675 0.2328125 0.074853515625 0.172021484375
1 0.7421875 0.23046875 0.072119140625 0.170361328125
1 0.80703125 0.2328125 0.083154296875 0.175146484375
1 0.8734375 0.23046875 0.087744140625 0.176416015625
5 0.3453125 0.81875 0.081103515625 0.178125
5 0.671875 0.8109375 0.08447265625 0.1783203125
5 0.7359375 0.81640625 0.090283203125 0.1798828125
5 0.79921875 0.80703125 0.076806640625 0.1861328125
5 0.20390625 0.8203125 0.09228515625 0.18125
5 0.275 0.81640625 0.087158203125 0.1796875