0 0.26328125 0.3234375 0.11640625 0.13984375
0 0.12890625 0.82109375 0.1046875 0.14921875
0 0.7609375 0.8140625 0.12734375 0.140625
0 0.7546875 0.32890625 0.1140625 0.1359375
0 0.7625 0.10234375 0.12265625 0.1375
0 0.87890625 0.81640625 0.12734375 0.140625
0 0.87421875 0.328125 0.125 0.1359375
0 0.88515625 0.1109375 0.11640625 0.15390625
0 0.25625 0.8203125 0.12734375 0.1375
0 0.26796875 0.0890625 0.1328125 0.14453125
0 0.38359375 0.8140625 0.12734375 0.140625
0 0.40234375 0.09140625 0.11484375 0.1375
0 0.39140625 0.5640625 0.125 0.13359375
0 0.39140625 0.32421875 0.10703125 0.1359375
0 0.50546875 0.815625 0.12734375 0.140625
0 0.5234375 0.0953125 0.12265625 0.1375
0 0.5125 0.5640625 0.125 0.1359375
0 0.5140625 0.32578125 0.10703125 0.1359375
0 0.62890625 0.81640625 0.12734375 0.140625
0 0.64296875 0.1 0.12265625 0.1375
0 0.6359375 0.32578125 0.1140625 0.1359375
0 0.628125 0.56640625 0.125 0.1359375
0 0.1390625 0.0859375 0.12265625 0.16171875
5 0.13203125 0.56171875 0.11875 0.134375
5 0.8796875 0.578125 0.11171875 0.14765625
5 0.25859375 0.5625 0.1203125 0.13125
0 0.153125 0.33203125 0.09921875 0.15859375