0 0.39921875 0.39140625 0.066845703125 0.1388671875
0 0.45703125 0.39453125 0.0576171875 0.126611328125
0 0.08984375 0.3765625 0.064013671875 0.1408203125
0 0.51640625 0.40078125 0.0705078125 0.1328125
0 0.59609375 0.72421875 0.059375 0.1232421875
0 0.5734375 0.403125 0.0625 0.12177734375
0 0.66484375 0.09765625 0.0609375 0.1357421875
0 0.634375 0.4078125 0.06533203125 0.11884765625
0 0.7234375 0.10625 0.062548828125 0.140869140625
0 0.7765625 0.73046875 0.06220703125 0.1205078125
0 0.77890625 0.10703125 0.067041015625 0.1263671875
0 0.83515625 0.73359375 0.069970703125 0.123681640625
0 0.83515625 0.1125 0.066943359375 0.1248046875
0 0.16328125 0.71640625 0.071875 0.146875
0 0.88984375 0.12109375 0.0625 0.133056640625
0 0.86640625 0.41796875 0.0640625 0.1138671875
0 0.9484375 0.13046875 0.0623046875 0.146875
0 0.925 0.4234375 0.06845703125 0.128271484375
0 0.12890625 0.06484375 0.067041015625 0.126806640625
0 0.15 0.371875 0.06552734375 0.1248046875
0 0.2296875 0.71015625 0.0595703125 0.128125
0 0.2125 0.38125 0.071923828125 0.125390625
0 0.28984375 0.71015625 0.070361328125 0.1263671875
0 0.09375 0.71328125 0.08095703125 0.15625
0 0.275 0.3796875 0.062548828125 0.1220703125
0 0.353125 0.7140625 0.0658203125 0.12509765625
0 0.3375 0.3875 0.06572265625 0.1341796875
4 0.6921875 0.40703125 0.071484375 0.11875
4 0.74765625 0.409375 0.057666015625 0.121728515625
4 0.80703125 0.41171875 0.053125 0.1125
7 0.47421875 0.71796875 0.064111328125 0.1263671875
7 0.5359375 0.7234375 0.06552734375 0.12783203125
7 0.65546875 0.72734375 0.05498046875 0.12666015625
7 0.715625 0.72890625 0.062841796875 0.1232421875
7 0.8953125 0.7375 0.06259765625 0.1220703125
7 0.96015625 0.75 0.0794921875 0.150341796875
7 0.41328125 0.71640625 0.070361328125 0.123779296875
8 0.43125 0.08515625 0.06533203125 0.14814453125
8 0.49296875 0.090625 0.0580078125 0.1373046875
8 0.55234375 0.09296875 0.06689453125 0.13623046875
8 0.609375 0.09140625 0.0658203125 0.132958984375
8 0.19375 0.0640625 0.0501953125 0.115673828125
8 0.253125 0.0671875 0.0626953125 0.128271484375
8 0.31484375 0.07265625 0.0671875 0.1330078125
8 0.37265625 0.08203125 0.0609375 0.14208984375