0 0.35078125 0.65390625 0.07578125 0.1375
0 0.35390625 0.903125 0.07265625 0.15234375
0 0.4140625 0.64375 0.0609375 0.16328125
0 0.48359375 0.146875 0.08203125 0.16328125
0 0.48125 0.64609375 0.0734375 0.16796875
0 0.08046875 0.91484375 0.06484375 0.146875
0 0.5453125 0.64453125 0.06875 0.15859375
0 0.55703125 0.1484375 0.08203125 0.16328125
0 0.60859375 0.8828125 0.07265625 0.15234375
0 0.6125 0.64375 0.0671875 0.140625
0 0.621875 0.15 0.08203125 0.16328125
0 0.66875 0.88125 0.07265625 0.15234375
0 0.675 0.6484375 0.0671875 0.140625
0 0.675 0.42109375 0.06875 0.1390625
0 0.690625 0.15390625 0.08203125 0.16328125
0 0.734375 0.8828125 0.07265625 0.15234375
0 0.73828125 0.65 0.0671875 0.140625
0 0.753125 0.15625 0.08203125 0.1484375
0 0.78984375 0.8828125 0.07265625 0.15234375
0 0.8 0.63515625 0.0671875 0.15234375
0 0.821875 0.15625 0.08203125 0.1484375
0 0.85078125 0.875 0.07265625 0.15234375
0 0.85625 0.65078125 0.05546875 0.1390625
0 0.86796875 0.396875 0.06875 0.15390625
0 0.1265625 0.41171875 0.078125 0.15703125
0 0.91640625 0.8671875 0.07265625 0.15234375
0 0.04921875 0.39375 0.08125 0.1765625
0 0.92578125 0.64453125 0.05546875 0.1390625
0 0.9328125 0.396875 0.06875 0.15390625
0 0.94765625 0.15390625 0.0734375 0.16640625
0 0.1390625 0.66640625 0.0796875 0.15703125
0 0.14375 0.91796875 0.06484375 0.146875
0 0.2 0.41171875 0.078125 0.15703125
0 0.2078125 0.66328125 0.0796875 0.15703125
0 0.2203125 0.91484375 0.06484375 0.146875
0 0.2796875 0.646875 0.0796875 0.1703125
0 0.0640625 0.65546875 0.0796875 0.1765625
0 0.2828125 0.91015625 0.06484375 0.146875
0 0.340625 0.41015625 0.078125 0.15703125
1 0.41484375 0.89765625 0.07265625 0.15234375
1 0.47890625 0.89765625 0.07265625 0.15234375
1 0.5484375 0.89609375 0.07265625 0.15234375
7 0.4140625 0.40078125 0.078125 0.178125
7 0.478125 0.41484375 0.078125 0.146875
7 0.54765625 0.41171875 0.078125 0.146875
7 0.61484375 0.40390625 0.06875 0.16328125
7 0.7390625 0.415625 0.06875 0.1390625
7 0.80625 0.415625 0.06875 0.1390625
7 0.2734375 0.41015625 0.078125 0.15703125
8 0.41328125 0.1421875 0.08203125 0.16328125
8 0.04453125 0.1140625 0.08203125 0.19609375
8 0.12109375 0.1234375 0.08203125 0.16796875
8 0.8859375 0.15 0.0734375 0.16640625
8 0.1953125 0.128125 0.08203125 0.16796875
8 0.26875 0.1296875 0.08203125 0.16796875
8 0.3453125 0.1328125 0.08203125 0.16796875