0 0.4 0.7796875 0.07783203125 0.128271484375
0 0.46484375 0.77578125 0.06875 0.12373046875
0 0.553125 0.77578125 0.07490234375 0.126611328125
0 0.56328125 0.50625 0.07685546875 0.12822265625
0 0.61796875 0.76953125 0.0794921875 0.129541015625
0 0.6265625 0.50625 0.06904296875 0.12490234375
0 0.684375 0.50625 0.07470703125 0.12783203125
0 0.1015625 0.77734375 0.0783203125 0.1390625
0 0.68828125 0.77265625 0.0705078125 0.126220703125
0 0.74453125 0.5078125 0.080029296875 0.131005859375
0 0.765625 0.77109375 0.07490234375 0.126611328125
0 0.80859375 0.5078125 0.082568359375 0.131005859375
0 0.81953125 0.24765625 0.0607421875 0.120458984375
0 0.83359375 0.76796875 0.065625 0.123681640625
0 0.87734375 0.5078125 0.06103515625 0.12509765625
0 0.87890625 0.24609375 0.0611328125 0.120654296875
0 0.89375 0.77421875 0.06845703125 0.126416015625
0 0.17265625 0.77734375 0.0826171875 0.1392578125
0 0.24140625 0.78203125 0.0736328125 0.1359375
0 0.3328125 0.7796875 0.078125 0.12841796875
3 0.3421875 0.21796875 0.06572265625 0.120263671875
3 0.3828125 0.5015625 0.075048828125 0.128076171875
3 0.40859375 0.225 0.0673828125 0.118798828125
3 0.45625 0.5046875 0.075048828125 0.128076171875
3 0.46640625 0.23125 0.071875 0.121728515625
3 0.553125 0.240625 0.08095703125 0.124853515625
3 0.6171875 0.2390625 0.07158203125 0.121728515625
3 0.68203125 0.24296875 0.075 0.12353515625
3 0.759375 0.24296875 0.0654296875 0.12333984375
3 0.11796875 0.49375 0.073388671875 0.125341796875
3 0.11640625 0.2125 0.076904296875 0.11240234375
3 0.1765625 0.221875 0.07783203125 0.1125
3 0.1890625 0.5015625 0.081298828125 0.131005859375
3 0.24375 0.22421875 0.074658203125 0.1111328125
3 0.2515625 0.5046875 0.080908203125 0.128466796875
3 0.31640625 0.5 0.076904296875 0.128271484375