0 0.47265625 0.73203125 0.1125 0.22890625
0 0.48515625 0.3140625 0.11328125 0.22734375
0 0.58515625 0.7375 0.1125 0.22890625
0 0.58984375 0.30703125 0.11328125 0.22734375
0 0.70234375 0.74296875 0.1125 0.22890625
0 0.7125 0.31640625 0.11328125 0.22734375
0 0.8171875 0.746875 0.1125 0.22890625
0 0.83359375 0.29453125 0.10859375 0.27734375
0 0.13515625 0.7015625 0.10859375 0.27734375
0 0.15078125 0.30703125 0.11328125 0.22734375
0 0.25625 0.3140625 0.11328125 0.22734375
0 0.36796875 0.3140625 0.11328125 0.22734375
0 0.36953125 0.72734375 0.1125 0.22890625