0 0.38515625 0.7859375 0.111279296875 0.240673828125
0 0.39921875 0.3859375 0.123095703125 0.243798828125
0 0.06015625 0.79296875 0.1203125 0.2453125
0 0.48984375 0.778125 0.120654296875 0.243798828125
0 0.51328125 0.3890625 0.11083984375 0.24052734375
0 0.5796875 0.76015625 0.09052734375 0.239404296875
0 0.60078125 0.39375 0.1076171875 0.24365234375
0 0.66015625 0.76171875 0.0919921875 0.239404296875
0 0.67734375 0.3890625 0.0875 0.240478515625
0 0.73671875 0.77109375 0.1142578125 0.245458984375
0 0.753125 0.3921875 0.09345703125 0.240673828125
0 0.81875 0.76640625 0.099609375 0.24228515625
0 0.828125 0.3890625 0.087109375 0.24033203125
0 0.90703125 0.77265625 0.1044921875 0.24248046875
0 0.9078125 0.39375 0.08779296875 0.240478515625
0 0.1609375 0.7921875 0.130908203125 0.246728515625
0 0.0640625 0.36875 0.128125 0.246875
0 0.17265625 0.37734375 0.129736328125 0.248193359375
0 0.275 0.7921875 0.118408203125 0.243408203125
0 0.29296875 0.37890625 0.12041015625 0.24501953125