0 0.55 0.42734375 0.112548828125 0.279443359375
0 0.55546875 0.79296875 0.07998046875 0.28623046875
0 0.628125 0.440625 0.106298828125 0.277783203125
0 0.625 0.79296875 0.090283203125 0.289111328125
0 0.69921875 0.79296875 0.079443359375 0.285986328125
0 0.70390625 0.415625 0.107958984375 0.318408203125
0 0.77578125 0.440625 0.101318359375 0.240966796875
0 0.775 0.80703125 0.087353515625 0.288916015625
0 0.85078125 0.80234375 0.089404296875 0.289111328125
0 0.85234375 0.4296875 0.10166015625 0.265234375
0 0.1578125 0.409375 0.09716796875 0.32177734375
0 0.15625 0.784375 0.077783203125 0.259375
0 0.2453125 0.390625 0.090283203125 0.319091796875
0 0.2515625 0.784375 0.100244140625 0.30947265625
0 0.325 0.390625 0.121728515625 0.322216796875
0 0.39296875 0.390625 0.10751953125 0.32197265625
0 0.403125 0.80234375 0.096533203125 0.3078125
0 0.47265625 0.4 0.108154296875 0.322216796875
0 0.47578125 0.79765625 0.092138671875 0.3078125