0 0.41640625 0.89140625 0.0701171875 0.1171875
0 0.4359375 0.36953125 0.06884765625 0.10625
0 0.4375 0.19375 0.065869140625 0.1
0 0.44296875 0.54765625 0.0673828125 0.10625
0 0.44296875 0.71640625 0.0638671875 0.10625
0 0.46875 0.88984375 0.06552734375 0.1169921875
0 0.50078125 0.190625 0.073779296875 0.105859375
0 0.50078125 0.36953125 0.06748046875 0.1048828125
0 0.4984375 0.71328125 0.06591796875 0.1076171875
0 0.52265625 0.89296875 0.0669921875 0.1169921875
0 0.578125 0.8828125 0.05927734375 0.1126953125
0 0.58359375 0.3734375 0.059375 0.09697265625
0 0.59609375 0.71171875 0.0609375 0.1046875
0 0.6390625 0.709375 0.07177734375 0.11845703125
0 0.6828125 0.371875 0.06572265625 0.100146484375
0 0.68515625 0.7125 0.060693359375 0.099853515625
0 0.68828125 0.54375 0.0611328125 0.10283203125
0 0.73671875 0.36328125 0.0669921875 0.10126953125
0 0.74140625 0.7125 0.063818359375 0.100244140625
0 0.74921875 0.196875 0.076318359375 0.1060546875
0 0.77578125 0.8703125 0.0607421875 0.1126953125
0 0.7890625 0.3703125 0.06572265625 0.100146484375
0 0.7921875 0.5421875 0.06279296875 0.10595703125
0 0.79296875 0.709375 0.064208984375 0.102783203125
0 0.11875 0.54140625 0.0658203125 0.12353515625
0 0.12265625 0.359375 0.067529296875 0.118896484375
0 0.12109375 0.72734375 0.0607421875 0.1017578125
0 0.1328125 0.90078125 0.05947265625 0.115625
0 0.1765625 0.72890625 0.06845703125 0.10625
0 0.19296875 0.90625 0.0611328125 0.118359375
0 0.234375 0.71640625 0.06845703125 0.1140625
0 0.259375 0.90078125 0.06220703125 0.1171875
0 0.29140625 0.715625 0.0669921875 0.118359375
0 0.31484375 0.89765625 0.0609375 0.1140625
0 0.3453125 0.3640625 0.074853515625 0.10908203125
0 0.34375 0.71953125 0.06572265625 0.1078125
0 0.36875 0.89296875 0.0626953125 0.1142578125
1 0.64609375 0.196875 0.076708984375 0.10625
1 0.69375 0.2 0.06591796875 0.1
1 0.11484375 0.17890625 0.073095703125 0.129443359375
1 0.175 0.18515625 0.07216796875 0.1044921875
1 0.23046875 0.18671875 0.070458984375 0.1017578125
1 0.28828125 0.18515625 0.076904296875 0.10625
5 0.5921875 0.5375 0.06865234375 0.10595703125
5 0.64140625 0.540625 0.0611328125 0.10283203125
5 0.1796875 0.54921875 0.06572265625 0.1048828125
5 0.2328125 0.55078125 0.06904296875 0.1076171875
5 0.2859375 0.54921875 0.06884765625 0.10625
5 0.340625 0.54765625 0.05927734375 0.1017578125
2 0.72421875 0.8703125 0.0609375 0.115234375