0 0.34453125 0.80859375 0.07109375 0.15390625
0 0.34765625 0.52421875 0.075 0.1484375
0 0.471875 0.240625 0.06640625 0.16640625
0 0.47265625 0.52421875 0.06640625 0.1484375
0 0.53515625 0.5296875 0.06640625 0.1484375
0 0.540625 0.23828125 0.06640625 0.16640625
0 0.6640625 0.52265625 0.06640625 0.1484375
0 0.67421875 0.240625 0.06640625 0.16640625
0 0.73125 0.52421875 0.06640625 0.1484375
0 0.7390625 0.240625 0.06640625 0.16640625
0 0.79921875 0.51328125 0.06875 0.1625
0 0.7984375 0.24765625 0.06484375 0.14453125
0 0.86328125 0.5203125 0.0671875 0.1484375
0 0.86953125 0.24921875 0.06484375 0.14453125
0 0.9296875 0.51328125 0.0671875 0.1484375
0 0.9375 0.8 0.07109375 0.15390625
0 0.940625 0.24375 0.06484375 0.14453125
0 0.13515625 0.80625 0.07109375 0.18046875
0 0.1359375 0.25703125 0.0734375 0.1484375
0 0.1375 0.5296875 0.075 0.1484375
0 0.2015625 0.253125 0.06484375 0.1484375
0 0.20859375 0.52421875 0.075 0.1484375
0 0.2109375 0.8046875 0.07109375 0.18046875
0 0.26875 0.25703125 0.06484375 0.1484375
0 0.27890625 0.528125 0.075 0.1484375
0 0.2796875 0.81640625 0.07109375 0.15390625
0 0.0640625 0.2546875 0.0734375 0.15546875
0 0.065625 0.5296875 0.075 0.1484375
0 0.0640625 0.809375 0.07109375 0.18046875
0 0.3375 0.24921875 0.06484375 0.1484375
1 0.4765625 0.80546875 0.07109375 0.15390625
1 0.54375 0.8015625 0.07109375 0.15390625
1 0.671875 0.8015625 0.07109375 0.15390625
1 0.73125 0.803125 0.07109375 0.15390625
1 0.8 0.80546875 0.07109375 0.15390625
1 0.86796875 0.8015625 0.07109375 0.15390625