0 0.34296875 0.18359375 0.07109375 0.12890625
0 0.35078125 0.91328125 0.07265625 0.1375
0 0.3546875 0.42421875 0.07265625 0.1359375
0 0.3578125 0.6703125 0.06640625 0.14375
0 0.4765625 0.42421875 0.06640625 0.1359375
0 0.478125 0.17265625 0.0640625 0.1421875
0 0.48046875 0.91171875 0.06640625 0.1375
0 0.08125 0.42890625 0.07265625 0.1359375
0 0.08671875 0.91015625 0.07265625 0.15
0 0.0859375 0.18671875 0.07109375 0.12890625
0 0.5390625 0.91015625 0.06640625 0.1375
0 0.53828125 0.17421875 0.0640625 0.1421875
0 0.5390625 0.42578125 0.06640625 0.1359375
0 0.0859375 0.6765625 0.06640625 0.16328125
0 0.665625 0.41875 0.06640625 0.1359375
0 0.66875 0.17734375 0.0640625 0.1421875
0 0.671875 0.91015625 0.06640625 0.1375
0 0.7265625 0.18203125 0.0640625 0.1421875
0 0.728125 0.41875 0.06640625 0.1359375
0 0.73125 0.90390625 0.06640625 0.1375
0 0.7890625 0.18671875 0.0640625 0.1421875
0 0.79375 0.4171875 0.06640625 0.1421875
0 0.79921875 0.9 0.06640625 0.1375
0 0.84921875 0.41640625 0.06640625 0.134375
0 0.859375 0.8953125 0.06640625 0.1375
0 0.8578125 0.17890625 0.0640625 0.1421875
0 0.9203125 0.41640625 0.06640625 0.134375
0 0.921875 0.17734375 0.0640625 0.1421875
0 0.92421875 0.66015625 0.06640625 0.14375
0 0.9265625 0.8953125 0.06640625 0.1375
0 0.14921875 0.1921875 0.07109375 0.12890625
0 0.1515625 0.91171875 0.07265625 0.15
0 0.15390625 0.43046875 0.07265625 0.1359375
0 0.15546875 0.66796875 0.06640625 0.16328125
0 0.2171875 0.1921875 0.07109375 0.12890625
0 0.225 0.91640625 0.07265625 0.1375
0 0.22578125 0.42890625 0.07265625 0.1359375
0 0.228125 0.66796875 0.06640625 0.16328125
0 0.27421875 0.18515625 0.07109375 0.12890625
0 0.28515625 0.91328125 0.07265625 0.1375
0 0.29375 0.42265625 0.07265625 0.1359375
0 0.29296875 0.68125 0.06640625 0.14375
1 0.48046875 0.66484375 0.06640625 0.14375
1 0.546875 0.66171875 0.06640625 0.14375
1 0.66796875 0.66796875 0.06640625 0.14375
1 0.73046875 0.66796875 0.06640625 0.14375
1 0.79375 0.66328125 0.06640625 0.14375
1 0.85390625 0.65859375 0.06640625 0.14375