0 0.35 0.9234375 0.08125 0.153125
0 0.3609375 0.39921875 0.08740234375 0.1453125
0 0.48203125 0.40078125 0.09228515625 0.1482421875
0 0.48125 0.91484375 0.07177734375 0.1453125
0 0.4875 0.66015625 0.074853515625 0.1513671875
0 0.484375 0.14375 0.08408203125 0.140625
0 0.55 0.915625 0.08427734375 0.15966796875
0 0.55703125 0.40078125 0.092333984375 0.1482421875
0 0.55234375 0.146875 0.078125 0.137890625
0 0.66875 0.4046875 0.087158203125 0.14365234375
0 0.67890625 0.90625 0.0734375 0.14697265625
0 0.740625 0.90234375 0.0689453125 0.1486328125
0 0.7953125 0.4078125 0.07783203125 0.14345703125
0 0.796875 0.8984375 0.0810546875 0.1466796875
0 0.803125 0.66015625 0.087744140625 0.15625
0 0.8625 0.90234375 0.090625 0.15
0 0.86171875 0.4078125 0.08125 0.14404296875
0 0.878125 0.15703125 0.07529296875 0.1375
0 0.92109375 0.65859375 0.079833984375 0.153125
0 0.92890625 0.409375 0.0794921875 0.14658203125
0 0.9359375 0.8890625 0.078125 0.146484375
0 0.13515625 0.925 0.07333984375 0.1375
0 0.05703125 0.39296875 0.088916015625 0.167431640625
0 0.05234375 0.9296875 0.076318359375 0.1376953125
0 0.21171875 0.90703125 0.082568359375 0.1419921875
0 0.05546875 0.6640625 0.084375 0.1751953125
0 0.28359375 0.915625 0.078125 0.16865234375
1 0.74609375 0.15 0.0673828125 0.134375
1 0.05390625 0.1203125 0.101806640625 0.184765625
1 0.81328125 0.15703125 0.0732421875 0.1361328125
1 0.13125 0.12890625 0.07802734375 0.1482421875
1 0.20859375 0.1390625 0.09248046875 0.1533203125
1 0.27421875 0.134375 0.082958984375 0.15
5 0.35234375 0.66484375 0.076318359375 0.1513671875
5 0.6734375 0.65859375 0.084228515625 0.1546875
5 0.74453125 0.66015625 0.079833984375 0.153125
5 0.13203125 0.66796875 0.07353515625 0.15
5 0.20859375 0.6703125 0.076318359375 0.1501953125
5 0.2796875 0.66796875 0.077783203125 0.1515625