0 0.36796875 0.53984375 0.0951171875 0.158056640625
0 0.48671875 0.53984375 0.090625 0.157666015625
0 0.4859375 0.80390625 0.093505859375 0.164013671875
0 0.49375 0.29140625 0.0875 0.146875
0 0.55546875 0.28828125 0.0857421875 0.1453125
0 0.55859375 0.54140625 0.0919921875 0.157666015625
0 0.671875 0.5484375 0.09375 0.159326171875
0 0.8046875 0.54140625 0.0720703125 0.15458984375
0 0.81171875 0.79609375 0.085595703125 0.160888671875
0 0.86796875 0.5421875 0.0763671875 0.1376953125
0 0.8765625 0.3 0.0783203125 0.1435546875
0 0.934375 0.5421875 0.07470703125 0.1373046875
0 0.9390625 0.7921875 0.084326171875 0.159228515625
0 0.05703125 0.8015625 0.094970703125 0.1841796875
0 0.0625 0.528125 0.0966796875 0.18115234375
1 0.7453125 0.2953125 0.0783203125 0.1408203125
1 0.8125 0.2984375 0.0908203125 0.1470703125
1 0.14453125 0.26875 0.076611328125 0.15283203125
1 0.2171875 0.2703125 0.0810546875 0.141015625
1 0.0609375 0.25703125 0.09697265625 0.17333984375
1 0.28828125 0.2640625 0.0951171875 0.14716796875
5 0.35078125 0.80390625 0.08623046875 0.16103515625
5 0.6734375 0.80078125 0.081396484375 0.158154296875
5 0.74609375 0.79921875 0.079931640625 0.158154296875
5 0.134375 0.81015625 0.087646484375 0.161083984375
5 0.21171875 0.80546875 0.076806640625 0.157763671875
5 0.2796875 0.79921875 0.08720703125 0.16103515625