0 0.76328125 0.5546875 0.12421875 0.1359375
0 0.7671875 0.334375 0.12734375 0.13203125
0 0.76953125 0.11171875 0.115625 0.13203125
0 0.8859375 0.5609375 0.12421875 0.1359375
0 0.8984375 0.81484375 0.12421875 0.165625
0 0.88515625 0.11875 0.10859375 0.13359375
0 0.259375 0.55078125 0.12421875 0.1359375
0 0.25234375 0.79921875 0.12421875 0.1359375
0 0.39140625 0.5515625 0.12421875 0.1359375
0 0.3890625 0.8015625 0.12421875 0.1359375
0 0.42578125 0.1 0.109375 0.1390625
0 0.40859375 0.321875 0.13125 0.14375
0 0.515625 0.80078125 0.12421875 0.1359375
0 0.28671875 0.096875 0.11171875 0.1390625
0 0.51875 0.55546875 0.12421875 0.1359375
0 0.5421875 0.096875 0.109375 0.1328125
0 0.528125 0.325 0.13125 0.14375
0 0.14765625 0.5578125 0.12421875 0.15859375
0 0.63359375 0.8046875 0.12421875 0.1359375
0 0.6421875 0.5515625 0.12421875 0.1359375
0 0.6453125 0.3234375 0.13125 0.14375
0 0.125 0.8015625 0.12421875 0.1359375
0 0.65078125 0.10390625 0.11328125 0.134375
5 0.8890625 0.34296875 0.1140625 0.1359375
5 0.27265625 0.3125 0.13125 0.14375
5 0.15078125 0.3125 0.13125 0.14375
0 0.159375 0.09375 0.12734375 0.15703125