0 0.55 0.42734375 0.08203125 0.27265625
0 0.55546875 0.79296875 0.07578125 0.28671875
0 0.628125 0.440625 0.08203125 0.27265625
0 0.625 0.79296875 0.07578125 0.28671875
0 0.69921875 0.79296875 0.07578125 0.28671875
0 0.70390625 0.415625 0.08203125 0.31328125
0 0.77578125 0.440625 0.08203125 0.23671875
0 0.775 0.80703125 0.07578125 0.28671875
0 0.85078125 0.80234375 0.07578125 0.28671875
0 0.85234375 0.4296875 0.07578125 0.259375
0 0.1578125 0.409375 0.08203125 0.31796875
0 0.15625 0.784375 0.07578125 0.259375
0 0.2453125 0.390625 0.08203125 0.31796875
0 0.2515625 0.784375 0.07578125 0.3046875
0 0.325 0.390625 0.08203125 0.31796875
0 0.39296875 0.390625 0.08203125 0.31796875
0 0.403125 0.80234375 0.07578125 0.3046875
0 0.47265625 0.4 0.08203125 0.31796875
0 0.47578125 0.79765625 0.07578125 0.3046875