0 0.5703125 0.671875 0.084765625 0.18740234375
0 0.57109375 0.26640625 0.103125 0.20126953125
0 0.6734375 0.2796875 0.1064453125 0.20302734375
0 0.66640625 0.665625 0.098095703125 0.200244140625
0 0.77890625 0.27734375 0.1015625 0.198681640625
0 0.76875 0.66640625 0.10009765625 0.2017578125
0 0.8796875 0.27265625 0.11259765625 0.204345703125
0 0.86640625 0.66015625 0.1044921875 0.208154296875
0 0.25546875 0.6765625 0.095654296875 0.196533203125
0 0.25546875 0.2890625 0.1107421875 0.271484375
0 0.36953125 0.671875 0.1169921875 0.2064453125
0 0.36015625 0.27265625 0.09375 0.19560546875
0 0.47421875 0.67265625 0.101904296875 0.1923828125
0 0.46796875 0.2671875 0.103125 0.200341796875