0 0.3484375 0.34453125 0.06953125 0.13046875
0 0.35625 0.8375 0.06875 0.1421875
0 0.3625 0.58515625 0.07265625 0.12734375
0 0.47734375 0.58828125 0.07265625 0.12734375
0 0.4796875 0.33515625 0.06953125 0.146875
0 0.08125 0.58984375 0.07265625 0.12734375
0 0.08125 0.84140625 0.06875 0.15703125
0 0.08515625 0.3515625 0.06953125 0.13046875
0 0.5421875 0.33671875 0.06953125 0.146875
0 0.546875 0.58515625 0.07265625 0.12734375
0 0.66484375 0.578125 0.07265625 0.12734375
0 0.66953125 0.33671875 0.06953125 0.146875
0 0.7359375 0.58203125 0.07265625 0.12734375
0 0.73515625 0.33984375 0.0609375 0.146875
0 0.79453125 0.34140625 0.06484375 0.13046875
0 0.8015625 0.5734375 0.05859375 0.14375
0 0.859375 0.34453125 0.06484375 0.13046875
0 0.8640625 0.578125 0.06875 0.13046875
0 0.9265625 0.575 0.06875 0.13046875
0 0.934375 0.33359375 0.06484375 0.13046875
0 0.9375 0.82265625 0.06875 0.12890625
0 0.14765625 0.3546875 0.06953125 0.13046875
0 0.153125 0.83984375 0.06875 0.15703125
0 0.16015625 0.58984375 0.07265625 0.12734375
0 0.22109375 0.35 0.06953125 0.13046875
0 0.22734375 0.58828125 0.07265625 0.12734375
0 0.22578125 0.83359375 0.06875 0.15703125
0 0.28984375 0.58671875 0.07265625 0.12734375
0 0.28828125 0.34765625 0.06953125 0.13046875
0 0.2890625 0.84375 0.06875 0.1421875
1 0.484375 0.834375 0.06875 0.1421875
1 0.55390625 0.82890625 0.06875 0.1421875
1 0.6765625 0.82578125 0.06875 0.1421875
1 0.7390625 0.83203125 0.06875 0.12734375
1 0.80390625 0.82578125 0.06875 0.12890625
1 0.86796875 0.81953125 0.06875 0.12890625