0 0.36015625 0.68359375 0.06640625 0.13203125
0 0.365625 0.19296875 0.06953125 0.1375
0 0.3828125 0.9125 0.075 0.1453125
0 0.4515625 0.9140625 0.075 0.1453125
0 0.478125 0.68046875 0.06640625 0.13203125
0 0.484375 0.19921875 0.06953125 0.1375
0 0.48203125 0.44765625 0.06484375 0.134375
0 0.51796875 0.9109375 0.075 0.1453125
0 0.08515625 0.6890625 0.06953125 0.1421875
0 0.54375 0.67734375 0.06640625 0.13203125
0 0.09140625 0.1828125 0.0796875 0.16328125
0 0.553125 0.20390625 0.06953125 0.1375
0 0.578125 0.9078125 0.075 0.1453125
0 0.08984375 0.43515625 0.07265625 0.15859375
0 0.64375 0.9078125 0.0640625 0.1359375
0 0.66015625 0.20625 0.06953125 0.1375
0 0.659375 0.67109375 0.06640625 0.13203125
0 0.715625 0.66796875 0.05390625 0.14375
0 0.1078125 0.92265625 0.06875 0.1484375
0 0.771875 0.671875 0.05859375 0.12421875
0 0.7796875 0.2203125 0.06953125 0.1375
0 0.77890625 0.44765625 0.06484375 0.134375
0 0.83125 0.6734375 0.05859375 0.12421875
0 0.83984375 0.2203125 0.06953125 0.1375
0 0.88046875 0.88828125 0.0671875 0.1359375
0 0.89921875 0.45078125 0.06484375 0.134375
0 0.8984375 0.6703125 0.05859375 0.12421875
0 0.90390625 0.21875 0.06953125 0.1375
0 0.15859375 0.6921875 0.06953125 0.1421875
0 0.1859375 0.92890625 0.075 0.14140625
0 0.22890625 0.67109375 0.06640625 0.15234375
0 0.25703125 0.92578125 0.075 0.1453125
0 0.29765625 0.67734375 0.06640625 0.15234375
0 0.325 0.915625 0.075 0.1453125
5 0.36171875 0.44453125 0.06640625 0.140625
5 0.6578125 0.44765625 0.06484375 0.134375
5 0.71875 0.44921875 0.06484375 0.134375
5 0.1578125 0.43984375 0.06640625 0.140625
5 0.22890625 0.44140625 0.06640625 0.140625
5 0.29375 0.44296875 0.06640625 0.140625
2 0.815625 0.88984375 0.0671875 0.1359375