0 0.35078125 0.6 0.0640625 0.203076171875
0 0.3515625 0.3703125 0.075 0.159619140625
0 0.4046875 0.371875 0.08427734375 0.2033203125
0 0.4046875 0.13828125 0.05 0.1421875
0 0.4078125 0.6 0.074658203125 0.206201171875
0 0.45859375 0.3765625 0.07333984375 0.17197265625
0 0.4578125 0.5953125 0.07529296875 0.20615234375
0 0.46328125 0.1296875 0.05791015625 0.19052734375
0 0.50703125 0.83359375 0.070654296875 0.173388671875
0 0.51796875 0.365625 0.0765625 0.1658203125
0 0.51875 0.13125 0.056005859375 0.1626953125
0 0.56171875 0.840625 0.066943359375 0.171533203125
0 0.56953125 0.1234375 0.0486328125 0.171875
0 0.621875 0.85234375 0.065283203125 0.158154296875
0 0.62421875 0.13125 0.078125 0.1908203125
0 0.621875 0.3578125 0.050244140625 0.1720703125
0 0.671875 0.84609375 0.0716796875 0.2015625
0 0.6734375 0.60234375 0.069091796875 0.161083984375
0 0.67890625 0.37578125 0.060791015625 0.1732421875
0 0.68046875 0.15 0.079345703125 0.172119140625
0 0.72265625 0.85234375 0.0734375 0.165625
0 0.72890625 0.6078125 0.067236328125 0.159423828125
0 0.734375 0.146875 0.068505859375 0.171728515625
0 0.73125 0.378125 0.059423828125 0.159033203125
0 0.2375 0.13203125 0.05927734375 0.17021484375
0 0.2390625 0.60859375 0.0716796875 0.19814453125
0 0.24609375 0.3515625 0.076611328125 0.196923828125
0 0.29140625 0.85625 0.063818359375 0.168994140625
0 0.3 0.11484375 0.06875 0.192041015625
0 0.29921875 0.36796875 0.0576171875 0.16875
1 0.29140625 0.60546875 0.07353515625 0.17978515625
5 0.5078125 0.61484375 0.06884765625 0.1701171875
5 0.5625 0.61015625 0.07783203125 0.161083984375
7 0.35390625 0.8359375 0.07333984375 0.17197265625
7 0.40390625 0.85859375 0.06728515625 0.17060546875
7 0.45390625 0.8484375 0.067333984375 0.171533203125
10 0.22890625 0.8609375 0.076708984375 0.172119140625
2 0.57265625 0.371875 0.073486328125 0.1626953125