0 0.37265625 0.83359375 0.0734375 0.1796875
0 0.38359375 0.23359375 0.07109375 0.165625
0 0.4546875 0.2375 0.07109375 0.165625
0 0.51328125 0.53125 0.06640625 0.1734375
0 0.084375 0.81796875 0.0734375 0.19453125
0 0.52109375 0.24296875 0.07109375 0.165625
0 0.578125 0.53125 0.06640625 0.1734375
0 0.5875 0.2375 0.06484375 0.1890625
0 0.64296875 0.2375 0.06484375 0.1890625
0 0.64609375 0.5328125 0.06640625 0.1734375
0 0.10390625 0.19765625 0.075 0.19609375
0 0.7046875 0.53671875 0.06640625 0.1734375
0 0.703125 0.815625 0.06015625 0.165625
0 0.71171875 0.25078125 0.06484375 0.165625
0 0.7671875 0.5359375 0.06640625 0.16015625
0 0.7703125 0.25859375 0.06484375 0.165625
0 0.82734375 0.5359375 0.06640625 0.16015625
0 0.83046875 0.2625 0.06484375 0.165625
0 0.878125 0.8046875 0.06015625 0.190625
0 0.89296875 0.26640625 0.06484375 0.165625
0 0.94296875 0.803125 0.06015625 0.190625
0 0.95 0.528125 0.06640625 0.1796875
0 0.95625 0.2578125 0.05546875 0.1828125
0 0.16328125 0.83515625 0.0734375 0.19453125
0 0.17734375 0.21328125 0.07734375 0.1640625
0 0.234375 0.83359375 0.0734375 0.19453125
0 0.24765625 0.221875 0.07109375 0.165625
0 0.31484375 0.22578125 0.07109375 0.165625
7 0.4421875 0.809375 0.0734375 0.19609375
7 0.50625 0.83046875 0.0734375 0.18125
7 0.57109375 0.8234375 0.0734375 0.18125
7 0.63984375 0.8125 0.06640625 0.190625
7 0.76015625 0.81953125 0.06015625 0.165625
7 0.82421875 0.8171875 0.06015625 0.165625
7 0.30546875 0.83203125 0.0734375 0.1796875
8 0.38046875 0.534375 0.07734375 0.17578125
8 0.4484375 0.53515625 0.06640625 0.1734375
8 0.08984375 0.50546875 0.07734375 0.1984375
8 0.88984375 0.5265625 0.06640625 0.1796875
8 0.16953125 0.52421875 0.07734375 0.17578125
8 0.24453125 0.53046875 0.07734375 0.17578125
8 0.3109375 0.53046875 0.07734375 0.17578125