0 0.334375 0.28203125 0.062646484375 0.1138671875
0 0.340625 0.77734375 0.05322265625 0.113720703125
0 0.38125 0.28203125 0.053369140625 0.1359375
0 0.3828125 0.1140625 0.068701171875 0.12158203125
0 0.38203125 0.93046875 0.0625 0.123486328125
0 0.38359375 0.44921875 0.063818359375 0.1390625
0 0.3859375 0.61953125 0.06220703125 0.114111328125
0 0.39375 0.78125 0.05029296875 0.112451171875
0 0.4359375 0.1109375 0.06552734375 0.134033203125
0 0.43359375 0.44140625 0.06416015625 0.1390625
0 0.43515625 0.28984375 0.064208984375 0.126513671875
0 0.48125 0.6046875 0.0595703125 0.11552734375
0 0.48125 0.76484375 0.05927734375 0.123486328125
0 0.48984375 0.10703125 0.06689453125 0.13603515625
0 0.48984375 0.28515625 0.048583984375 0.109375
0 0.53203125 0.6046875 0.0580078125 0.115380859375
0 0.53515625 0.76875 0.0669921875 0.125146484375
0 0.53671875 0.1046875 0.0673828125 0.14697265625
0 0.5796875 0.61171875 0.06279296875 0.114306640625
0 0.584375 0.76484375 0.050390625 0.12041015625
0 0.5921875 0.271875 0.06533203125 0.12529296875
0 0.59140625 0.1109375 0.051904296875 0.140771484375
0 0.62890625 0.6078125 0.0642578125 0.11591796875
0 0.63515625 0.45390625 0.064013671875 0.114306640625
0 0.640625 0.12421875 0.053466796875 0.1201171875
0 0.640625 0.284375 0.052978515625 0.112841796875
0 0.67421875 0.61328125 0.0544921875 0.111181640625
0 0.67734375 0.76171875 0.0548828125 0.123095703125
0 0.6875 0.4515625 0.065478515625 0.115771484375
0 0.690625 0.28359375 0.059130859375 0.1201171875
0 0.69609375 0.11875 0.0625 0.1189453125
0 0.2171875 0.1015625 0.0689453125 0.1189453125
0 0.22578125 0.4515625 0.0642578125 0.143603515625
0 0.2265625 0.79765625 0.05595703125 0.111181640625
0 0.22734375 0.27265625 0.051806640625 0.146875
0 0.23125 0.9328125 0.05595703125 0.122216796875
0 0.27578125 0.09375 0.0576171875 0.14052734375
0 0.2796875 0.2890625 0.06220703125 0.122021484375
0 0.28046875 0.6171875 0.064111328125 0.1185546875
0 0.284375 0.93046875 0.05947265625 0.123486328125
0 0.32734375 0.9359375 0.059375 0.12470703125
0 0.33125 0.44140625 0.07177734375 0.1328125
1 0.27734375 0.45 0.0669921875 0.11875
4 0.29140625 0.7828125 0.059375 0.115576171875
5 0.48046875 0.45546875 0.06708984375 0.11689453125
5 0.53203125 0.45390625 0.064013671875 0.114306640625
7 0.3359375 0.615625 0.05654296875 0.12783203125
7 0.43125 0.6171875 0.050390625 0.11240234375
7 0.43515625 0.77734375 0.059375 0.114111328125
8 0.53046875 0.925 0.0611328125 0.124951171875
8 0.63203125 0.76171875 0.0609375 0.123486328125
8 0.62890625 0.93359375 0.045458984375 0.109375
8 0.67578125 0.93359375 0.0515625 0.1080078125
10 0.2265625 0.62109375 0.068896484375 0.1201171875
2 0.54140625 0.2828125 0.059375 0.115576171875