0 0.4125 0.7578125 0.11171875 0.22578125
0 0.4203125 0.37890625 0.1078125 0.22578125
0 0.52109375 0.76328125 0.11171875 0.22578125
0 0.521875 0.37890625 0.1078125 0.22578125
0 0.6140625 0.3640625 0.08828125 0.22578125
0 0.62890625 0.7546875 0.11171875 0.22578125
0 0.69609375 0.3640625 0.08828125 0.22578125
0 0.72578125 0.7546875 0.11171875 0.22578125
0 0.7734375 0.3640625 0.08828125 0.22578125
0 0.81875 0.75390625 0.0953125 0.2109375
0 0.84453125 0.37109375 0.08828125 0.22578125
0 0.9140625 0.75703125 0.0953125 0.2109375
0 0.9359375 0.365625 0.08828125 0.22578125
0 0.19375 0.3609375 0.1078125 0.22578125
0 0.2015625 0.76328125 0.11171875 0.22578125
0 0.30703125 0.76171875 0.11171875 0.22578125
0 0.3125 0.37421875 0.1078125 0.22578125
0 0.08359375 0.76640625 0.11171875 0.22578125
0 0.08203125 0.359375 0.1078125 0.22578125