0 0.35625 0.5625 0.06552734375 0.178271484375
0 0.3875 0.8515625 0.078076171875 0.196484375
0 0.4546875 0.8453125 0.075341796875 0.196484375
0 0.08125 0.2390625 0.0939453125 0.20908203125
0 0.4765625 0.24453125 0.084765625 0.18876953125
0 0.471875 0.54609375 0.08134765625 0.182470703125
0 0.51328125 0.8390625 0.07666015625 0.196484375
0 0.08203125 0.56484375 0.075 0.186279296875
0 0.53515625 0.54765625 0.0736328125 0.179736328125
0 0.575 0.8484375 0.078466796875 0.165625
0 0.64453125 0.8375 0.07666015625 0.1654296875
0 0.6546875 0.54375 0.07822265625 0.181396484375
0 0.7125 0.52890625 0.07177734375 0.17978515625
0 0.7671875 0.54375 0.075341796875 0.16591796875
0 0.77421875 0.23828125 0.0888671875 0.189404296875
0 0.11015625 0.86484375 0.085595703125 0.1919921875
0 0.83203125 0.53515625 0.061181640625 0.1642578125
0 0.8796875 0.80859375 0.075146484375 0.1640625
0 0.890625 0.23359375 0.069140625 0.18583984375
0 0.89453125 0.5265625 0.076611328125 0.16884765625
0 0.1578125 0.5609375 0.071484375 0.184423828125
0 0.18515625 0.878125 0.085986328125 0.1908203125
0 0.22421875 0.546875 0.0888671875 0.200341796875
0 0.25703125 0.878125 0.082861328125 0.1908203125
0 0.29375 0.546875 0.07802734375 0.199951171875
0 0.3234375 0.8671875 0.071826171875 0.1875
5 0.3515625 0.25078125 0.08125 0.186083984375
5 0.6484375 0.25078125 0.0845703125 0.189404296875
5 0.71328125 0.24453125 0.0734375 0.186279296875
5 0.1484375 0.2484375 0.0908203125 0.190283203125
5 0.2171875 0.24453125 0.090234375 0.18916015625
5 0.2890625 0.246875 0.0939453125 0.190478515625
2 0.80546875 0.81015625 0.076611328125 0.1642578125