0 0.45625 0.83203125 0.071875 0.14375
0 0.52109375 0.8171875 0.071875 0.1640625
0 0.084375 0.83359375 0.071875 0.14609375
0 0.54765625 0.51484375 0.08203125 0.15390625
0 0.55625 0.18671875 0.08203125 0.15390625
0 0.584375 0.81953125 0.071875 0.1640625
0 0.609375 0.5171875 0.08203125 0.15390625
0 0.62578125 0.184375 0.08203125 0.15390625
0 0.65 0.82734375 0.06640625 0.1484375
0 0.71015625 0.8296875 0.06640625 0.1484375
0 0.75625 0.18984375 0.08203125 0.15390625
0 0.7703125 0.81015625 0.0703125 0.16171875
0 0.8265625 0.196875 0.08203125 0.15390625
0 0.8375 0.49140625 0.08203125 0.15390625
0 0.8421875 0.8078125 0.0703125 0.16171875
0 0.89765625 0.18984375 0.08203125 0.15390625
0 0.89921875 0.821875 0.06484375 0.1484375
0 0.9125 0.503125 0.08203125 0.16640625
0 0.1375 0.18203125 0.08203125 0.15390625
0 0.14921875 0.5125 0.08203125 0.15390625
0 0.14609375 0.83125 0.071875 0.14609375
0 0.2125 0.81328125 0.071875 0.16171875
0 0.21953125 0.18671875 0.08203125 0.15390625
0 0.0609375 0.18203125 0.08203125 0.15390625
0 0.290625 0.18671875 0.08203125 0.15390625
0 0.29765625 0.83515625 0.071875 0.14375
0 0.35234375 0.18671875 0.08203125 0.15390625
0 0.37109375 0.83515625 0.071875 0.14375
0 0.384375 0.51484375 0.08203125 0.15390625
0 0.07578125 0.51484375 0.08203125 0.15390625
0 0.45625 0.51484375 0.08203125 0.15390625
3 0.4328125 0.18203125 0.08203125 0.15390625
6 0.2359375 0.525 0.08203125 0.15390625
6 0.315625 0.5125 0.08203125 0.15390625
9 0.68984375 0.51953125 0.08203125 0.15390625
9 0.7625 0.5171875 0.08203125 0.15390625