0 0.496875 0.74375 0.15595703125 0.30927734375
0 0.53125 0.29453125 0.13154296875 0.28564453125
0 0.60546875 0.703125 0.13623046875 0.30322265625
0 0.65234375 0.30625 0.145166015625 0.290380859375
0 0.7203125 0.7296875 0.140576171875 0.303466796875
0 0.7765625 0.31171875 0.13740234375 0.28603515625
0 0.825 0.7203125 0.16279296875 0.30966796875
0 0.89921875 0.3140625 0.132470703125 0.284716796875
0 0.14296875 0.28515625 0.135986328125 0.285986328125
0 0.91953125 0.66796875 0.115625 0.304541015625
0 0.14765625 0.71875 0.126220703125 0.324755859375
0 0.2578125 0.28984375 0.131591796875 0.285595703125
0 0.2671875 0.74609375 0.162255859375 0.310595703125
0 0.37578125 0.7390625 0.13310546875 0.30283203125
0 0.38671875 0.29453125 0.12958984375 0.28310546875