0 0.5 0.7859375 0.13740234375 0.284765625
0 0.4984375 0.36015625 0.137548828125 0.298681640625
0 0.59453125 0.77890625 0.12060546875 0.3015625
0 0.61171875 0.33828125 0.123193359375 0.31875
0 0.7125 0.7765625 0.121533203125 0.302734375
0 0.7328125 0.35546875 0.134423828125 0.289111328125
0 0.81171875 0.77421875 0.136083984375 0.30625
0 0.83359375 0.36953125 0.12060546875 0.28564453125
0 0.90625 0.7765625 0.10595703125 0.3033203125
0 0.92890625 0.3203125 0.126611328125 0.340380859375
0 0.15703125 0.31953125 0.14248046875 0.3294921875
0 0.1671875 0.771875 0.143896484375 0.340576171875
0 0.26875 0.34609375 0.146923828125 0.301416015625
0 0.278125 0.7984375 0.152978515625 0.290625
0 0.38203125 0.79375 0.14873046875 0.2904296875
0 0.38515625 0.36484375 0.120654296875 0.294970703125