0 0.578125 0.70234375 0.06953125 0.11328125
0 0.57578125 0.89296875 0.065625 0.1046875
0 0.60234375 0.503125 0.06796875 0.09296875
0 0.63671875 0.69765625 0.06953125 0.11328125
0 0.63515625 0.88828125 0.065625 0.1046875
0 0.66796875 0.10078125 0.06796875 0.09296875
0 0.66953125 0.503125 0.06796875 0.09296875
0 0.69375 0.89453125 0.065625 0.10234375
0 0.69765625 0.70234375 0.06796875 0.090625
0 0.74453125 0.8921875 0.065625 0.10234375
0 0.74765625 0.70234375 0.06796875 0.090625
0 0.7859375 0.31015625 0.06796875 0.09296875
0 0.7953125 0.8875 0.065625 0.09765625
0 0.7984375 0.6921875 0.06796875 0.10703125
0 0.809375 0.10078125 0.06796875 0.09296875
0 0.8453125 0.3125 0.06796875 0.09296875
0 0.85234375 0.88046875 0.065625 0.09765625
0 0.8578125 0.49765625 0.06796875 0.1046875
0 0.86640625 0.6875 0.06796875 0.10703125
0 0.87890625 0.10078125 0.06796875 0.09296875
0 0.9109375 0.3078125 0.06796875 0.09296875
0 0.9140625 0.86953125 0.065625 0.09765625
0 0.915625 0.70078125 0.05703125 0.08828125
0 0.92109375 0.49765625 0.06796875 0.1046875
0 0.9359375 0.10078125 0.06796875 0.09296875
0 0.1734375 0.07578125 0.06796875 0.09296875
0 0.17734375 0.29921875 0.06796875 0.09296875
0 0.1796875 0.715625 0.059375 0.0953125
0 0.1859375 0.503125 0.06796875 0.09296875
0 0.1953125 0.903125 0.05703125 0.08828125
0 0.234375 0.08046875 0.06796875 0.09296875
0 0.24296875 0.715625 0.06328125 0.0953125
0 0.24921875 0.30078125 0.06796875 0.09296875
0 0.2515625 0.503125 0.06796875 0.09296875
0 0.25703125 0.89921875 0.05703125 0.08828125
0 0.30625 0.08515625 0.06796875 0.09296875
0 0.30859375 0.29921875 0.06796875 0.09296875
0 0.31171875 0.7 0.06953125 0.0953125
0 0.3203125 0.89296875 0.05703125 0.1046875
0 0.37265625 0.71171875 0.06953125 0.0953125
0 0.37578125 0.3078125 0.06796875 0.09296875
0 0.37734375 0.9 0.05703125 0.1046875
0 0.38671875 0.08046875 0.06796875 0.09296875
0 0.43984375 0.30078125 0.06796875 0.09296875
0 0.446875 0.715625 0.06953125 0.0953125
0 0.45859375 0.50546875 0.06796875 0.09296875
0 0.4609375 0.08515625 0.06796875 0.09296875
0 0.5046875 0.30546875 0.06796875 0.09296875
0 0.52265625 0.7046875 0.06953125 0.0953125
0 0.52578125 0.0875 0.06796875 0.09296875
0 0.52578125 0.5078125 0.06796875 0.09296875
3 0.6125 0.303125 0.06796875 0.09296875
3 0.671875 0.30546875 0.06796875 0.09296875
3 0.73515625 0.096875 0.06796875 0.09296875
6 0.32578125 0.50078125 0.06796875 0.09296875
6 0.3953125 0.50078125 0.06796875 0.09296875
9 0.72890625 0.503125 0.06796875 0.09296875
9 0.79453125 0.503125 0.06796875 0.09296875
10 0.459375 0.903125 0.065625 0.09765625
10 0.51484375 0.89921875 0.065625 0.09765625