0 0.0953125 0.87734375 0.09072265625 0.12060546875
0 0.60625 0.88671875 0.06591796875 0.1169921875
0 0.64375 0.18125 0.087158203125 0.115869140625
0 0.68515625 0.87734375 0.084375 0.1359375
0 0.7625 0.88125 0.08115234375 0.13466796875
0 0.77265625 0.6703125 0.08310546875 0.11572265625
0 0.78125 0.43203125 0.084716796875 0.1201171875
0 0.83359375 0.89140625 0.076806640625 0.1140625
0 0.85 0.67421875 0.087255859375 0.117529296875
0 0.85625 0.4328125 0.087255859375 0.112841796875
0 0.8828125 0.178125 0.090283203125 0.14033203125
0 0.90234375 0.8953125 0.082470703125 0.11845703125
0 0.92265625 0.6703125 0.089111328125 0.118994140625
0 0.9375 0.43515625 0.087255859375 0.113720703125
0 0.95625 0.18203125 0.0875 0.1421875
0 0.159375 0.65703125 0.09365234375 0.12333984375
0 0.159375 0.4171875 0.087841796875 0.121875
0 0.16171875 0.87734375 0.09248046875 0.12333984375
0 0.21875 0.165625 0.09384765625 0.13134765625
0 0.234375 0.41484375 0.094091796875 0.1263671875
0 0.23828125 0.65703125 0.092041015625 0.123193359375
0 0.240625 0.87265625 0.093505859375 0.1298828125
0 0.04609375 0.16484375 0.0921875 0.1359375
0 0.3125 0.1609375 0.093798828125 0.14052734375
0 0.31875 0.88125 0.0845703125 0.10625
0 0.38671875 0.8859375 0.0951171875 0.12470703125
0 0.39765625 0.1609375 0.09560546875 0.1408203125
0 0.08203125 0.40859375 0.08564453125 0.1201171875
0 0.4640625 0.875 0.0904296875 0.13779296875
0 0.084375 0.653125 0.090771484375 0.121533203125
0 0.4765625 0.1765625 0.093798828125 0.121923828125
0 0.54609375 0.8890625 0.067431640625 0.11865234375
0 0.56015625 0.18125 0.092333984375 0.121533203125
3 0.61875 0.66796875 0.087255859375 0.117529296875
3 0.62734375 0.43203125 0.091845703125 0.1234375
3 0.69765625 0.6703125 0.092431640625 0.121923828125
3 0.70625 0.43203125 0.084521484375 0.11875
3 0.31953125 0.41953125 0.085791015625 0.1203125
3 0.321875 0.65703125 0.090576171875 0.120654296875
3 0.39453125 0.42109375 0.083056640625 0.11875
3 0.3984375 0.65703125 0.09072265625 0.12060546875
3 0.47109375 0.65703125 0.09248046875 0.12333984375
3 0.47109375 0.42109375 0.09248046875 0.125
3 0.54609375 0.665625 0.088916015625 0.118994140625
3 0.5484375 0.42578125 0.087841796875 0.121875
6 0.14765625 0.16953125 0.085986328125 0.132470703125
9 0.71796875 0.1828125 0.092138671875 0.121533203125
9 0.79921875 0.1828125 0.08623046875 0.11591796875