0 0.5734375 0.85859375 0.0796875 0.1421875
0 0.57421875 0.20546875 0.0734375 0.121875
0 0.09609375 0.65 0.0796875 0.13046875
0 0.096875 0.41640625 0.08125 0.13828125
0 0.1015625 0.18203125 0.0828125 0.14453125
0 0.6453125 0.859375 0.0796875 0.13671875
0 0.64609375 0.203125 0.0734375 0.121875
0 0.103125 0.88515625 0.0796875 0.13046875
0 0.7125 0.85546875 0.0796875 0.13671875
0 0.7671875 0.64140625 0.0796875 0.13046875
0 0.78046875 0.8390625 0.0796875 0.13671875
0 0.78515625 0.42890625 0.08125 0.12578125
0 0.83671875 0.64140625 0.0796875 0.13046875
0 0.84453125 0.840625 0.0796875 0.13671875
0 0.85234375 0.42578125 0.07578125 0.12421875
0 0.86484375 0.2078125 0.0734375 0.13828125
0 0.90234375 0.63984375 0.0796875 0.13046875
0 0.91796875 0.8515625 0.0796875 0.12421875
0 0.91953125 0.42734375 0.07578125 0.12421875
0 0.92265625 0.21171875 0.0734375 0.13828125
0 0.18046875 0.18203125 0.0828125 0.14453125
0 0.1796875 0.41875 0.08125 0.13828125
0 0.18046875 0.6515625 0.0796875 0.13046875
0 0.18828125 0.88125 0.0796875 0.13046875
0 0.26015625 0.65390625 0.0796875 0.13046875
0 0.265625 0.875 0.0796875 0.13046875
0 0.2671875 0.4203125 0.08125 0.13828125
0 0.34140625 0.65 0.0796875 0.13046875
0 0.34296875 0.18984375 0.0828125 0.13671875
0 0.346875 0.86015625 0.0796875 0.15078125
0 0.4203125 0.18203125 0.0828125 0.153125
0 0.4203125 0.87109375 0.071875 0.1421875
0 0.4921875 0.18984375 0.0828125 0.153125
0 0.4921875 0.6515625 0.0796875 0.13046875
0 0.4984375 0.86484375 0.0796875 0.1421875
3 0.56796875 0.64765625 0.0796875 0.13046875
3 0.5703125 0.42890625 0.08125 0.12578125
3 0.63359375 0.6453125 0.0796875 0.13046875
3 0.63984375 0.4265625 0.08125 0.12578125
3 0.70078125 0.64765625 0.0796875 0.13046875
3 0.71796875 0.4265625 0.08125 0.12578125
3 0.35 0.4203125 0.08125 0.13828125
3 0.41328125 0.64765625 0.0796875 0.13046875
3 0.42578125 0.42890625 0.08125 0.12578125
3 0.49921875 0.42421875 0.08125 0.12578125
6 0.26015625 0.18359375 0.0828125 0.14453125
9 0.715625 0.215625 0.0734375 0.121875
9 0.7875 0.2140625 0.0734375 0.121875