0 0.446875 0.19765625 0.099609375 0.189404296875
0 0.4484375 0.521875 0.108984375 0.193603515625
0 0.08984375 0.16953125 0.116845703125 0.21875
0 0.52109375 0.84296875 0.092529296875 0.2015625
0 0.090625 0.846875 0.093408203125 0.20302734375
0 0.53125 0.52265625 0.102880859375 0.186083984375
0 0.5390625 0.19296875 0.096484375 0.189208984375
0 0.61015625 0.8515625 0.104443359375 0.20322265625
0 0.625 0.51875 0.09404296875 0.18154296875
0 0.62890625 0.1953125 0.1078125 0.19365234375
0 0.696875 0.83046875 0.090673828125 0.2013671875
0 0.70859375 0.52265625 0.108056640625 0.189208984375
0 0.7171875 0.19921875 0.108984375 0.195068359375
0 0.78125 0.8265625 0.090283203125 0.19970703125
0 0.79140625 0.525 0.108056640625 0.187744140625
0 0.8125 0.2015625 0.105859375 0.193408203125
0 0.175 0.1890625 0.10625 0.193603515625
0 0.175 0.846875 0.087548828125 0.20009765625
0 0.25859375 0.840625 0.09248046875 0.2029296875
0 0.26484375 0.1890625 0.1107421875 0.193994140625
0 0.34765625 0.8390625 0.104443359375 0.20322265625
0 0.36171875 0.1890625 0.0953125 0.18779296875
0 0.4265625 0.8453125 0.097119140625 0.20283203125
5 0.0859375 0.50546875 0.108984375 0.19501953125
5 0.18125 0.515625 0.09375 0.18759765625
5 0.26953125 0.515625 0.1111328125 0.19404296875
5 0.3734375 0.50390625 0.106005859375 0.2048828125