0 0.496875 0.74375 0.12734375 0.29921875
0 0.53125 0.29453125 0.11796875 0.28046875
0 0.60546875 0.703125 0.12734375 0.29921875
0 0.65234375 0.30625 0.11796875 0.28046875
0 0.7203125 0.7296875 0.12734375 0.29921875
0 0.7765625 0.31171875 0.11796875 0.28046875
0 0.825 0.7203125 0.12734375 0.29921875
0 0.89921875 0.3140625 0.11796875 0.28046875
0 0.14296875 0.28515625 0.11796875 0.28046875
0 0.91953125 0.66796875 0.090625 0.29921875
0 0.14765625 0.71875 0.11796875 0.32109375
0 0.2578125 0.28984375 0.11796875 0.28046875
0 0.2671875 0.74609375 0.12734375 0.29921875
0 0.37578125 0.7390625 0.12734375 0.29921875
0 0.38671875 0.29453125 0.11796875 0.28046875