0 0.08203125 0.1875 0.08359375 0.16640625
0 0.08359375 0.515625 0.08359375 0.184375
0 0.47578125 0.81953125 0.08828125 0.184375
0 0.4890625 0.18984375 0.08359375 0.2015625
0 0.5671875 0.21171875 0.08203125 0.16640625
0 0.64453125 0.22109375 0.08203125 0.16640625
0 0.7703125 0.81953125 0.07734375 0.184375
0 0.78515625 0.52265625 0.08359375 0.175
0 0.84375 0.80625 0.07734375 0.184375
0 0.85703125 0.21484375 0.08203125 0.190625
0 0.85390625 0.51875 0.07265625 0.159375
0 0.9015625 0.80859375 0.07734375 0.184375
0 0.91875 0.5171875 0.07265625 0.159375
0 0.928125 0.21953125 0.08203125 0.190625
0 0.1640625 0.8328125 0.08828125 0.184375
0 0.16328125 0.515625 0.08359375 0.184375
0 0.16796875 0.18671875 0.08359375 0.17734375
0 0.24765625 0.8328125 0.08828125 0.184375
0 0.25 0.515625 0.08359375 0.184375
0 0.33671875 0.2 0.08359375 0.17734375
0 0.075 0.8375 0.08828125 0.184375
0 0.41328125 0.18515625 0.08359375 0.2015625
3 0.4890625 0.515625 0.08359375 0.175
3 0.5578125 0.8265625 0.08828125 0.184375
3 0.56171875 0.515625 0.08359375 0.175
3 0.6296875 0.821875 0.07734375 0.184375
3 0.6421875 0.51796875 0.08359375 0.175
3 0.69921875 0.81328125 0.07734375 0.184375
3 0.71171875 0.525 0.08359375 0.175
3 0.325 0.83046875 0.08828125 0.184375
3 0.33984375 0.515625 0.08359375 0.184375
3 0.40234375 0.83046875 0.08828125 0.184375
3 0.41328125 0.51328125 0.08359375 0.175
6 0.2484375 0.1953125 0.08359375 0.17734375
9 0.71875 0.225 0.08203125 0.16640625
9 0.79375 0.22734375 0.08203125 0.16640625