0 0.53125 0.51953125 0.140771484375 0.2359375
0 0.53203125 0.86171875 0.1375 0.2265625
0 0.55390625 0.2171875 0.1109375 0.2064453125
0 0.6265625 0.51640625 0.1029296875 0.2205078125
0 0.65 0.859375 0.1408203125 0.228125
0 0.67578125 0.22109375 0.1330078125 0.2169921875
0 0.7140625 0.51640625 0.1060546875 0.221875
0 0.76953125 0.859375 0.1451171875 0.2283203125
0 0.78359375 0.22734375 0.1125 0.2078125
0 0.7984375 0.51640625 0.1126953125 0.2236328125
0 0.8796875 0.8515625 0.121630859375 0.2251953125
0 0.88828125 0.51640625 0.109375 0.2234375
0 0.88984375 0.221875 0.108056640625 0.193994140625
0 0.184375 0.86953125 0.131640625 0.2236328125
0 0.18203125 0.5234375 0.1171875 0.23134765625
0 0.190625 0.19609375 0.1310546875 0.215625
0 0.28828125 0.86328125 0.1455078125 0.2296875
0 0.29375 0.5171875 0.12802734375 0.2341796875
0 0.30546875 0.1984375 0.1330078125 0.2158203125
0 0.41015625 0.865625 0.125 0.219140625
0 0.41640625 0.51953125 0.12998046875 0.23125
0 0.425 0.2109375 0.1158203125 0.209375