0 0.5375 0.84765625 0.08447265625 0.134375
0 0.5375 0.6203125 0.075341796875 0.140966796875
0 0.5625 0.38125 0.071923828125 0.12529296875
0 0.56875 0.11640625 0.07490234375 0.139013671875
0 0.59609375 0.840625 0.073095703125 0.1283203125
0 0.6 0.615625 0.072021484375 0.140576171875
0 0.6234375 0.38125 0.0533203125 0.1248046875
0 0.64296875 0.11640625 0.0703125 0.136279296875
0 0.6515625 0.846875 0.0658203125 0.12177734375
0 0.65859375 0.61953125 0.0705078125 0.1169921875
0 0.70390625 0.846875 0.0705078125 0.124755859375
0 0.72265625 0.61953125 0.0671875 0.1142578125
0 0.109375 0.11171875 0.08466796875 0.139404296875
0 0.7640625 0.84453125 0.072265625 0.123681640625
0 0.765625 0.11640625 0.078125 0.13916015625
0 0.775 0.61328125 0.084033203125 0.132763671875
0 0.82421875 0.84453125 0.078125 0.126416015625
0 0.82890625 0.11640625 0.060888671875 0.135888671875
0 0.840625 0.6109375 0.080908203125 0.130908203125
0 0.83984375 0.36875 0.0673828125 0.13154296875
0 0.87890625 0.8328125 0.06875 0.122216796875
0 0.89609375 0.11640625 0.0794921875 0.138818359375
0 0.89140625 0.61796875 0.0673828125 0.117529296875
0 0.909375 0.36875 0.07802734375 0.137255859375
0 0.12265625 0.38125 0.0703125 0.1251953125
0 0.1265625 0.625 0.0748046875 0.12529296875
0 0.14921875 0.85390625 0.0763671875 0.120654296875
0 0.1765625 0.109375 0.07802734375 0.134423828125
0 0.1921875 0.38125 0.084130859375 0.13095703125
0 0.19375 0.6203125 0.06591796875 0.122216796875
0 0.2109375 0.85859375 0.072265625 0.111083984375
0 0.253125 0.61015625 0.08154296875 0.1328125
0 0.271875 0.84765625 0.07216796875 0.1236328125
0 0.31640625 0.109375 0.0921875 0.14091796875
0 0.325 0.62265625 0.08095703125 0.12626953125
0 0.33359375 0.85 0.070361328125 0.12490234375
0 0.3890625 0.1140625 0.07841796875 0.134619140625
0 0.403125 0.62265625 0.075146484375 0.123291015625
0 0.4109375 0.38125 0.0751953125 0.12841796875
0 0.45625 0.1140625 0.0689453125 0.137744140625
0 0.4859375 0.38125 0.093896484375 0.13115234375
0 0.4828125 0.6203125 0.081591796875 0.127880859375
3 0.25078125 0.1140625 0.0857421875 0.137744140625
6 0.26640625 0.38125 0.0828125 0.12802734375
6 0.3421875 0.38125 0.080908203125 0.12822265625
9 0.696875 0.38125 0.06904296875 0.128125
9 0.7671875 0.3765625 0.090869140625 0.12177734375
10 0.42109375 0.8546875 0.073095703125 0.11572265625
10 0.471875 0.85 0.07470703125 0.1154296875