0 0.05625 0.71484375 0.1125 0.278125
0 0.1390625 0.7 0.1125 0.278125
0 0.93125 0.29921875 0.1125 0.278125
0 0.15390625 0.2875 0.10390625 0.265625
0 0.24921875 0.290625 0.10390625 0.265625
0 0.25546875 0.7046875 0.1125 0.278125
0 0.3625 0.71484375 0.1125 0.278125
0 0.05546875 0.2828125 0.10390625 0.265625
1 0.584375 0.3015625 0.1125 0.278125
1 0.696875 0.309375 0.1125 0.278125
1 0.81328125 0.29140625 0.1125 0.278125
1 0.35390625 0.2953125 0.109375 0.265625
1 0.48046875 0.29765625 0.109375 0.265625
5 0.578125 0.7359375 0.10703125 0.26015625
5 0.69296875 0.73828125 0.10703125 0.26015625
5 0.79453125 0.7359375 0.10703125 0.26015625
5 0.91953125 0.74609375 0.10703125 0.26015625
5 0.46953125 0.73203125 0.10703125 0.278125