0 0.04765625 0.125 0.0953125 0.178125
0 0.80546875 0.909375 0.11123046875 0.1560546875
0 0.80703125 0.66171875 0.123095703125 0.1484375
0 0.81328125 0.40234375 0.121875 0.1515625
0 0.1359375 0.11796875 0.118505859375 0.179638671875
0 0.91640625 0.6640625 0.126220703125 0.1501953125
0 0.9203125 0.909375 0.124951171875 0.1626953125
0 0.921875 0.40234375 0.12216796875 0.1486328125
0 0.1546875 0.3921875 0.1314453125 0.15
0 0.15078125 0.6515625 0.113916015625 0.141015625
0 0.1734375 0.89296875 0.1091796875 0.17314453125
0 0.2421875 0.12109375 0.112451171875 0.176513671875
0 0.26640625 0.3984375 0.1296875 0.1595703125
0 0.26796875 0.65390625 0.113916015625 0.1421875
0 0.28125 0.90703125 0.112255859375 0.1546875
0 0.3625 0.1234375 0.122021484375 0.181103515625
0 0.37578125 0.39609375 0.1265625 0.1578125
0 0.37734375 0.65625 0.12001953125 0.1466796875
0 0.08046875 0.88671875 0.110888671875 0.164306640625
0 0.38125 0.9015625 0.122216796875 0.1625
0 0.06328125 0.3953125 0.1232421875 0.141015625
0 0.059375 0.6609375 0.11875 0.15
0 0.4890625 0.65625 0.121630859375 0.1470703125
0 0.49140625 0.39609375 0.11123046875 0.1544921875
0 0.49609375 0.90703125 0.107861328125 0.153125
0 0.58046875 0.659375 0.114111328125 0.1435546875
0 0.60234375 0.90703125 0.11708984375 0.1580078125
0 0.60078125 0.39609375 0.1076171875 0.1544921875
0 0.6953125 0.659375 0.125146484375 0.1501953125
0 0.70546875 0.91171875 0.123681640625 0.1638671875
0 0.70703125 0.39609375 0.1125 0.1576171875
5 0.81171875 0.1359375 0.1359375 0.17158203125
5 0.92890625 0.13046875 0.125 0.1642578125
5 0.4734375 0.13359375 0.13759765625 0.171875
5 0.5875 0.1359375 0.1345703125 0.1716796875
5 0.696875 0.13828125 0.121875 0.1625