0 0.75078125 0.87578125 0.103125 0.1421875
0 0.74921875 0.625 0.1 0.15625
0 0.7609375 0.4 0.0921875 0.13046875
0 0.76875 0.159375 0.09765625 0.14453125
0 0.83671875 0.625 0.1 0.15625
0 0.84296875 0.87109375 0.103125 0.1421875
0 0.85078125 0.40703125 0.0921875 0.13046875
0 0.8640625 0.16640625 0.09765625 0.14453125
0 0.18359375 0.6375 0.1 0.1421875
0 0.18671875 0.140625 0.0953125 0.146875
0 0.19296875 0.87578125 0.103125 0.1421875
0 0.28046875 0.87578125 0.103125 0.1421875
0 0.28125 0.63515625 0.1 0.1421875
0 0.284375 0.14453125 0.1 0.15390625
0 0.37890625 0.63984375 0.1 0.1421875
0 0.390625 0.15390625 0.11328125 0.14453125
0 0.3828125 0.86640625 0.0875 0.1515625
0 0.471875 0.6375 0.1 0.1421875
0 0.48359375 0.15625 0.11328125 0.14453125
0 0.47265625 0.8640625 0.0875 0.1515625
0 0.484375 0.39765625 0.08515625 0.13046875
0 0.08984375 0.87578125 0.0921875 0.1421875
0 0.09375 0.625 0.1 0.1421875
0 0.09609375 0.13515625 0.0953125 0.1640625
0 0.56796875 0.8734375 0.103125 0.1421875
0 0.571875 0.6375 0.1 0.1421875
0 0.58359375 0.15625 0.11328125 0.14453125
0 0.5734375 0.40234375 0.0921875 0.13046875
0 0.659375 0.6375 0.1 0.1421875
0 0.665625 0.86640625 0.103125 0.1421875
0 0.67578125 0.159375 0.09765625 0.14453125
0 0.6734375 0.4046875 0.0921875 0.13046875
5 0.19296875 0.39609375 0.09765625 0.1328125
5 0.28828125 0.39609375 0.09765625 0.1328125
5 0.40078125 0.39375 0.0921875 0.146875
5 0.0875 0.39140625 0.09765625 0.1328125