0 0.75859375 0.4109375 0.11796875 0.1546875
0 0.80546875 0.64375 0.1234375 0.14375
0 0.79765625 0.15703125 0.10234375 0.18515625
0 0.80390625 0.86328125 0.11015625 0.16953125
0 0.13515625 0.3953125 0.11796875 0.16328125
0 0.140625 0.62890625 0.1234375 0.178125
0 0.88671875 0.41328125 0.11796875 0.1546875
0 0.8921875 0.159375 0.10234375 0.18515625
0 0.8921875 0.6203125 0.10234375 0.17421875
0 0.890625 0.859375 0.09453125 0.16953125
0 0.1421875 0.86796875 0.11015625 0.17421875
0 0.25078125 0.13984375 0.1390625 0.16796875
0 0.24609375 0.40625 0.11796875 0.16328125
0 0.25390625 0.64609375 0.1234375 0.1484375
0 0.2546875 0.8796875 0.11015625 0.1546875
0 0.36640625 0.64375 0.1234375 0.1484375
0 0.38203125 0.14375 0.1390625 0.16796875
0 0.36796875 0.8796875 0.11015625 0.1546875
0 0.3796875 0.40625 0.11796875 0.16328125
0 0.47421875 0.6421875 0.1234375 0.1484375
0 0.46796875 0.875 0.11015625 0.1546875
0 0.503125 0.15078125 0.1390625 0.16796875
0 0.50625 0.4046875 0.11796875 0.16328125
0 0.59296875 0.63359375 0.1234375 0.165625
0 0.5859375 0.86796875 0.11015625 0.16953125
0 0.6109375 0.1484375 0.10234375 0.18515625
0 0.634375 0.40625 0.11796875 0.16328125
0 0.69765625 0.63984375 0.1234375 0.15234375
0 0.1328125 0.1421875 0.1390625 0.16796875
0 0.69375 0.865625 0.11015625 0.16953125
0 0.703125 0.15703125 0.10234375 0.18515625