0 0.76015625 0.625 0.13125 0.15283203125
0 0.79609375 0.1828125 0.13583984375 0.1529296875
0 0.80859375 0.85 0.1328125 0.153125
0 0.80390625 0.396875 0.120654296875 0.17158203125
0 0.88828125 0.62265625 0.134375 0.153125
0 0.8953125 0.3921875 0.11591796875 0.1658203125
0 0.90859375 0.18671875 0.11416015625 0.146875
0 0.90703125 0.81953125 0.1044921875 0.1607421875
0 0.15390625 0.83125 0.1234375 0.14658203125
0 0.16171875 0.62109375 0.1263671875 0.146875
0 0.159375 0.390625 0.118896484375 0.1560546875
0 0.17109375 0.165625 0.138720703125 0.15322265625
0 0.26875 0.8484375 0.13095703125 0.14990234375
0 0.27421875 0.62109375 0.1357421875 0.1544921875
0 0.28359375 0.165625 0.139306640625 0.15615234375
0 0.27890625 0.3921875 0.114111328125 0.15947265625
0 0.378125 0.8484375 0.1251953125 0.146875
0 0.396875 0.38828125 0.13759765625 0.1611328125
0 0.39140625 0.61640625 0.1330078125 0.153125
0 0.40859375 0.165625 0.14814453125 0.162109375
0 0.4875 0.8484375 0.12197265625 0.14365234375
0 0.5171875 0.39453125 0.15283203125 0.1736328125
0 0.51953125 0.61875 0.1361328125 0.15615234375
0 0.55546875 0.16953125 0.14560546875 0.1607421875
0 0.6015625 0.83359375 0.1283203125 0.173583984375
0 0.61953125 0.39453125 0.111083984375 0.1638671875
0 0.63984375 0.625 0.1205078125 0.14375
0 0.67578125 0.1796875 0.14189453125 0.153515625
0 0.70546875 0.3921875 0.114404296875 0.16533203125
0 0.71484375 0.8484375 0.1330078125 0.15283203125