0 0.16953125 0.08984375 0.1076171875 0.1111328125
0 0.1765625 0.79375 0.10908203125 0.103125
0 0.18046875 0.275 0.1111328125 0.11591796875
0 0.1765625 0.45859375 0.109130859375 0.116845703125
0 0.1765625 0.625 0.10341796875 0.10595703125
0 0.190625 0.94921875 0.09990234375 0.1
0 0.07421875 0.0828125 0.1263671875 0.13466796875
0 0.26484375 0.0921875 0.1142578125 0.11845703125
0 0.271875 0.62265625 0.102880859375 0.104443359375
0 0.27578125 0.45625 0.104931640625 0.115576171875
0 0.27890625 0.79140625 0.101806640625 0.0984375
0 0.36015625 0.45625 0.101806640625 0.112646484375
0 0.3640625 0.796875 0.109326171875 0.1033203125
0 0.37109375 0.0953125 0.1171875 0.1216796875
0 0.365625 0.61875 0.099853515625 0.118505859375
0 0.08515625 0.44921875 0.104736328125 0.114111328125
0 0.459375 0.79140625 0.10634765625 0.1015625
0 0.46640625 0.45390625 0.10478515625 0.11416015625
0 0.4703125 0.09765625 0.1158203125 0.1203125
0 0.4609375 0.62109375 0.09052734375 0.11064453125
0 0.471875 0.27890625 0.10009765625 0.117529296875
0 0.0921875 0.62734375 0.103076171875 0.104638671875
0 0.0953125 0.796875 0.100146484375 0.0939453125
0 0.55859375 0.4515625 0.104736328125 0.115380859375
0 0.56171875 0.10234375 0.1078125 0.1125
0 0.56171875 0.79375 0.107666015625 0.103125
0 0.56171875 0.62109375 0.098486328125 0.09375
0 0.56328125 0.2796875 0.092333984375 0.109375
0 0.63984375 0.44921875 0.101220703125 0.110595703125
0 0.646875 0.7890625 0.0939453125 0.10966796875
0 0.65390625 0.2796875 0.1140625 0.109228515625
0 0.6609375 0.10234375 0.1158203125 0.1203125
0 0.65703125 0.62109375 0.101220703125 0.0953125
0 0.10859375 0.9484375 0.1015625 0.103125
0 0.72421875 0.94453125 0.0984375 0.1
0 0.73125 0.62890625 0.103076171875 0.0982421875
0 0.73125 0.7828125 0.10302734375 0.115234375
0 0.73515625 0.44375 0.10810546875 0.11845703125
0 0.75234375 0.2875 0.1171875 0.112353515625
0 0.75234375 0.1 0.1140625 0.11884765625
0 0.8125 0.7828125 0.10009765625 0.1125
0 0.8234375 0.62109375 0.100146484375 0.0951171875
0 0.8265625 0.44609375 0.103466796875 0.113720703125
0 0.83359375 0.28515625 0.0921875 0.101513671875
0 0.840625 0.1046875 0.109375 0.11259765625
1 0.8125 0.9421875 0.10009765625 0.1001953125
5 0.2828125 0.275 0.108984375 0.11279296875
5 0.078125 0.27265625 0.1064453125 0.1111328125
5 0.38359375 0.2765625 0.1048828125 0.121728515625
2 0.27578125 0.94921875 0.0955078125 0.0982421875
2 0.37109375 0.946875 0.0955078125 0.0970703125
2 0.45546875 0.94921875 0.0951171875 0.0955078125
2 0.54765625 0.946875 0.0982421875 0.0998046875
2 0.65 0.946875 0.0939453125 0.094140625