0 0.18046875 0.12265625 0.1203125 0.09921875
0 0.18984375 0.63359375 0.1015625 0.096875
0 0.19296875 0.47109375 0.1015625 0.096875
0 0.1953125 0.94375 0.09765625 0.09921875
0 0.20625 0.7953125 0.1046875 0.09921875
0 0.28515625 0.125 0.1203125 0.09921875
0 0.28671875 0.46875 0.1015625 0.096875
0 0.29296875 0.7953125 0.1046875 0.09921875
0 0.2984375 0.6359375 0.1015625 0.096875
0 0.390625 0.125 0.1203125 0.09921875
0 0.38671875 0.79765625 0.1046875 0.09921875
0 0.384375 0.47109375 0.1015625 0.096875
0 0.403125 0.62890625 0.09375 0.1015625
0 0.09375 0.11484375 0.1125 0.1203125
0 0.49140625 0.7953125 0.1046875 0.09921875
0 0.50078125 0.13203125 0.10859375 0.09921875
0 0.496875 0.303125 0.1015625 0.096875
0 0.496875 0.4734375 0.1015625 0.096875
0 0.50078125 0.62421875 0.09375 0.1015625
0 0.0953125 0.47109375 0.1015625 0.096875
0 0.1015625 0.79765625 0.1046875 0.09921875
0 0.09921875 0.63125 0.1015625 0.096875
0 0.58125 0.79296875 0.1046875 0.09921875
0 0.590625 0.47109375 0.1015625 0.096875
0 0.5984375 0.13203125 0.10859375 0.09921875
0 0.59296875 0.63359375 0.09765625 0.096875
0 0.5984375 0.31015625 0.1015625 0.096875
0 0.66796875 0.78828125 0.1046875 0.10859375
0 0.68125 0.46640625 0.1015625 0.096875
0 0.6828125 0.63359375 0.09765625 0.096875
0 0.7 0.13671875 0.10859375 0.09921875
0 0.7 0.3078125 0.1015625 0.096875
0 0.11640625 0.9484375 0.09765625 0.09921875
0 0.7765625 0.78125 0.1046875 0.10859375
0 0.7765625 0.93671875 0.09765625 0.09921875
0 0.77890625 0.459375 0.1015625 0.096875
0 0.784375 0.63125 0.09765625 0.096875
0 0.80078125 0.1390625 0.10859375 0.09921875
0 0.79765625 0.30546875 0.1015625 0.096875
0 0.8703125 0.78359375 0.1046875 0.10859375
0 0.87421875 0.63359375 0.09765625 0.096875
0 0.8875 0.30546875 0.1015625 0.096875
0 0.8875 0.46171875 0.1015625 0.096875
0 0.8953125 0.14140625 0.10859375 0.09921875
1 0.859375 0.934375 0.09765625 0.09921875
5 0.18984375 0.2953125 0.10859375 0.09921875
5 0.2984375 0.29765625 0.10859375 0.09921875
5 0.08828125 0.29296875 0.10859375 0.09921875
5 0.41484375 0.29609375 0.09375 0.1109375
2 0.2890625 0.94375 0.09765625 0.09921875
2 0.38671875 0.94609375 0.09765625 0.09921875
2 0.4765625 0.94140625 0.09765625 0.09921875
2 0.578125 0.94140625 0.09765625 0.09921875
2 0.6828125 0.93671875 0.09765625 0.09921875