0 0.16953125 0.08984375 0.10625 0.1109375
0 0.1765625 0.79375 0.09921875 0.09375
0 0.18046875 0.275 0.10625 0.1109375
0 0.1765625 0.45859375 0.09921875 0.10859375
0 0.1765625 0.625 0.09921875 0.10078125
0 0.190625 0.94921875 0.0921875 0.09375
0 0.07421875 0.0828125 0.1203125 0.13046875
0 0.26484375 0.0921875 0.10625 0.1109375
0 0.271875 0.62265625 0.09921875 0.10078125
0 0.27578125 0.45625 0.09921875 0.10859375
0 0.27890625 0.79140625 0.09921875 0.09375
0 0.36015625 0.45625 0.09921875 0.10859375
0 0.3640625 0.796875 0.09921875 0.09375
0 0.37109375 0.0953125 0.10625 0.1109375
0 0.365625 0.61875 0.08828125 0.10859375
0 0.08515625 0.44921875 0.09921875 0.10859375
0 0.459375 0.79140625 0.09921875 0.09375
0 0.46640625 0.45390625 0.09921875 0.10859375
0 0.4703125 0.09765625 0.10625 0.1109375
0 0.4609375 0.62109375 0.08828125 0.10859375
0 0.471875 0.27890625 0.0953125 0.11328125
0 0.0921875 0.62734375 0.09921875 0.10078125
0 0.0953125 0.796875 0.09921875 0.09375
0 0.55859375 0.4515625 0.09921875 0.10859375
0 0.56171875 0.10234375 0.10625 0.1109375
0 0.56171875 0.79375 0.09921875 0.09375
0 0.56171875 0.62109375 0.09921875 0.09375
0 0.56328125 0.2796875 0.08828125 0.10625
0 0.63984375 0.44921875 0.09921875 0.10859375
0 0.646875 0.7890625 0.0921875 0.10859375
0 0.65390625 0.2796875 0.10625 0.10078125
0 0.6609375 0.10234375 0.10625 0.1109375
0 0.65703125 0.62109375 0.09921875 0.09375
0 0.109375 0.94921875 0.0921875 0.09375
0 0.72421875 0.94453125 0.0921875 0.09375
0 0.73125 0.62890625 0.09921875 0.09375
0 0.73125 0.7828125 0.0921875 0.10625
0 0.73515625 0.44375 0.09921875 0.10859375
0 0.75234375 0.2875 0.10625 0.10078125
0 0.75234375 0.1 0.10625 0.1109375
0 0.8125 0.7828125 0.0921875 0.10625
0 0.8234375 0.62109375 0.09921875 0.09375
0 0.8265625 0.44609375 0.09921875 0.10859375
0 0.83359375 0.28515625 0.0921875 0.10078125
0 0.840625 0.1046875 0.10625 0.1109375
1 0.8125 0.9421875 0.0921875 0.09375
5 0.2828125 0.275 0.10625 0.1109375
5 0.078125 0.27265625 0.10625 0.1109375
5 0.38359375 0.2765625 0.0953125 0.11328125
2 0.27578125 0.94921875 0.0921875 0.09375
2 0.37109375 0.946875 0.0921875 0.09375
2 0.45546875 0.94921875 0.0921875 0.09375
2 0.54765625 0.946875 0.0921875 0.09375
2 0.65 0.946875 0.0921875 0.09375