0 0.48984375 0.5421875 0.09248046875 0.19345703125
0 0.5015625 0.85625 0.094091796875 0.196728515625
0 0.09375 0.5421875 0.093798828125 0.193603515625
0 0.09453125 0.20703125 0.098193359375 0.204833984375
0 0.57890625 0.84140625 0.09853515625 0.2138671875
0 0.1015625 0.875 0.090576171875 0.193603515625
0 0.64765625 0.84609375 0.098583984375 0.1953125
0 0.71875 0.834375 0.097119140625 0.19384765625
0 0.775 0.5328125 0.090380859375 0.184423828125
0 0.7890625 0.81875 0.09365234375 0.20595703125
0 0.796875 0.2125 0.096533203125 0.19091796875
0 0.84140625 0.53515625 0.085986328125 0.185693359375
0 0.85234375 0.828125 0.091943359375 0.203369140625
0 0.8625 0.21640625 0.084521484375 0.176318359375
0 0.91328125 0.5234375 0.09853515625 0.18759765625
0 0.92265625 0.8296875 0.08876953125 0.1841796875
0 0.93515625 0.21640625 0.088720703125 0.176708984375
0 0.171875 0.19453125 0.103173828125 0.201611328125
0 0.1796875 0.53984375 0.093408203125 0.192529296875
0 0.18515625 0.86796875 0.101611328125 0.198388671875
0 0.25703125 0.54453125 0.089013671875 0.192138671875
0 0.26171875 0.20703125 0.095263671875 0.198681640625
0 0.2640625 0.86796875 0.10615234375 0.19853515625
0 0.34609375 0.84375 0.092333984375 0.215625
0 0.421875 0.85390625 0.07509765625 0.19541015625
3 0.50078125 0.21015625 0.101513671875 0.1951171875
3 0.5671875 0.5375 0.10908203125 0.19716796875
3 0.575 0.2078125 0.09658203125 0.19375
3 0.640625 0.5375 0.081591796875 0.181298828125
3 0.65078125 0.2078125 0.089013671875 0.19072265625
3 0.71171875 0.53515625 0.095166015625 0.188818359375
3 0.72578125 0.21015625 0.085888671875 0.1890625
3 0.3375 0.5421875 0.102783203125 0.196728515625
3 0.34453125 0.2046875 0.10810546875 0.20322265625
3 0.4125 0.53984375 0.10947265625 0.19853515625
3 0.4203125 0.2078125 0.090673828125 0.19345703125