0 0.575 0.54921875 0.106103515625 0.179931640625
0 0.58046875 0.2234375 0.117333984375 0.1998046875
0 0.67890625 0.53125 0.10458984375 0.20302734375
0 0.684375 0.22109375 0.106298828125 0.1951171875
0 0.7609375 0.83046875 0.103369140625 0.179736328125
0 0.778125 0.53359375 0.115869140625 0.207470703125
0 0.7796875 0.2171875 0.11220703125 0.196875
0 0.86875 0.5296875 0.12177734375 0.20908203125
0 0.8875 0.21484375 0.115673828125 0.1984375
0 0.1609375 0.228125 0.1248046875 0.2
0 0.1765625 0.546875 0.10302734375 0.18115234375
0 0.184375 0.83359375 0.100048828125 0.189404296875
0 0.25625 0.228125 0.1216796875 0.1998046875
0 0.2703125 0.54296875 0.106494140625 0.182470703125
0 0.0578125 0.228125 0.115625 0.2
0 0.075 0.54296875 0.106494140625 0.182470703125
0 0.37109375 0.2140625 0.103125 0.218896484375
0 0.37578125 0.54296875 0.110888671875 0.182861328125
0 0.47109375 0.209375 0.1013671875 0.218701171875
0 0.47734375 0.54921875 0.116943359375 0.185791015625
0 0.09375 0.8359375 0.100048828125 0.190283203125
1 0.859375 0.82578125 0.109423828125 0.182861328125
2 0.56953125 0.83828125 0.098779296875 0.189208984375
2 0.67265625 0.83359375 0.10771484375 0.19228515625
2 0.2765625 0.8296875 0.10908203125 0.19345703125
2 0.378125 0.82734375 0.11865234375 0.19814453125
2 0.4703125 0.82265625 0.112548828125 0.195263671875