0 0.48984375 0.74921875 0.114404296875 0.2546875
0 0.7984375 0.740625 0.106298828125 0.25341796875
0 0.81875 0.32578125 0.09404296875 0.23310546875
0 0.87890625 0.7453125 0.086083984375 0.240771484375
0 0.89609375 0.32265625 0.089404296875 0.232666015625
0 0.9453125 0.7359375 0.096533203125 0.243896484375
0 0.9609375 0.31640625 0.078125 0.2328125
0 0.14765625 0.32890625 0.1205078125 0.26103515625
0 0.15625 0.77265625 0.10966796875 0.2544921875
0 0.065625 0.33125 0.1154296875 0.25927734375
0 0.24140625 0.32265625 0.1 0.255029296875
0 0.23828125 0.7671875 0.10185546875 0.252734375
0 0.0640625 0.77265625 0.087548828125 0.2484375
3 0.49453125 0.33125 0.09375 0.253173828125
3 0.575 0.75234375 0.103369140625 0.253125
3 0.5828125 0.32890625 0.096484375 0.25478515625
3 0.6609375 0.32578125 0.10625 0.257958984375
3 0.6578125 0.74375 0.10009765625 0.2529296875
3 0.72734375 0.74375 0.095263671875 0.25029296875
3 0.73671875 0.33125 0.1169921875 0.259423828125
3 0.3265625 0.7640625 0.090283203125 0.24697265625
3 0.334375 0.32578125 0.1220703125 0.261083984375
3 0.4109375 0.75546875 0.09091796875 0.2486328125
3 0.425 0.334375 0.1248046875 0.262158203125