0 0.05625 0.89765625 0.1125 0.1578125
0 0.0578125 0.40390625 0.115625 0.1796875
0 0.78515625 0.915625 0.1201171875 0.156591796875
0 0.7875 0.6640625 0.11259765625 0.153271484375
0 0.88203125 0.9109375 0.1171875 0.156201171875
0 0.884375 0.66640625 0.11865234375 0.157470703125
0 0.91484375 0.15859375 0.1201171875 0.1455078125
0 0.1421875 0.15 0.11591796875 0.172216796875
0 0.0625 0.6546875 0.10927734375 0.150341796875
0 0.1484375 0.40703125 0.109765625 0.171875
0 0.16484375 0.6546875 0.1080078125 0.15009765625
0 0.1671875 0.8984375 0.12529296875 0.159716796875
0 0.25078125 0.40703125 0.1107421875 0.171875
0 0.25625 0.165625 0.11552734375 0.14375
0 0.25859375 0.8984375 0.1205078125 0.159130859375
0 0.2640625 0.65234375 0.12216796875 0.157861328125
0 0.3640625 0.8984375 0.1185546875 0.15615234375
0 0.36640625 0.409375 0.1232421875 0.178125
0 0.36953125 0.659375 0.1201171875 0.15654296875
0 0.04921875 0.1484375 0.0984375 0.165625
0 0.46640625 0.90078125 0.1107421875 0.15126953125
0 0.475 0.6546875 0.1185546875 0.15634765625
0 0.56640625 0.90625 0.1142578125 0.153466796875
0 0.5828125 0.66640625 0.12158203125 0.157470703125
0 0.6765625 0.90859375 0.10927734375 0.148486328125
0 0.6796875 0.66640625 0.10947265625 0.148681640625
1 0.7984375 0.1609375 0.12177734375 0.146875
1 0.353125 0.1609375 0.1125 0.1408203125
1 0.4609375 0.15859375 0.12490234375 0.1486328125
1 0.56640625 0.15859375 0.1171875 0.1451171875
1 0.68203125 0.15859375 0.11875 0.1453125
5 0.7875 0.415625 0.11279296875 0.153466796875
5 0.88984375 0.40859375 0.1234375 0.158056640625
5 0.46640625 0.415625 0.1125 0.153076171875
5 0.571875 0.41796875 0.11279296875 0.154345703125
5 0.6796875 0.41328125 0.10947265625 0.148681640625