0 0.48984375 0.74921875 0.08828125 0.2484375
0 0.7984375 0.740625 0.08828125 0.2484375
0 0.81875 0.32578125 0.08203125 0.23046875
0 0.87890625 0.7453125 0.08203125 0.23984375
0 0.89609375 0.32265625 0.08203125 0.23046875
0 0.9453125 0.7359375 0.08203125 0.23984375
0 0.96484375 0.3171875 0.06796875 0.23046875
0 0.14765625 0.32890625 0.09375 0.25390625
0 0.15625 0.77265625 0.08828125 0.2484375
0 0.065625 0.33125 0.09375 0.25390625
0 0.24140625 0.32265625 0.09375 0.25390625
0 0.23828125 0.7671875 0.08828125 0.2484375
0 0.0640625 0.77265625 0.08828125 0.2484375
3 0.49453125 0.33125 0.09375 0.25390625
3 0.575 0.75234375 0.08828125 0.2484375
3 0.5828125 0.32890625 0.09375 0.25390625
3 0.6609375 0.32578125 0.09375 0.25390625
3 0.6578125 0.74375 0.08828125 0.2484375
3 0.72734375 0.74375 0.08828125 0.2484375
3 0.73671875 0.33125 0.09375 0.25390625
3 0.3265625 0.7640625 0.08828125 0.2484375
3 0.334375 0.32578125 0.09375 0.25390625
3 0.4109375 0.75546875 0.08828125 0.2484375
3 0.425 0.334375 0.09375 0.25390625