0 0.0953125 0.87734375 0.08359375 0.11640625
0 0.60625 0.88671875 0.06171875 0.1140625
0 0.64375 0.18125 0.08515625 0.11640625
0 0.68515625 0.87734375 0.0703125 0.1296875
0 0.7625 0.88125 0.0703125 0.1296875
0 0.77265625 0.6703125 0.08359375 0.11640625
0 0.78125 0.43203125 0.08359375 0.11875
0 0.83359375 0.89140625 0.07734375 0.1140625
0 0.85 0.67421875 0.08359375 0.11640625
0 0.85625 0.4328125 0.08359375 0.11171875
0 0.8828125 0.178125 0.08515625 0.1359375
0 0.90234375 0.8953125 0.07734375 0.1140625
0 0.92265625 0.6703125 0.08359375 0.11640625
0 0.9375 0.43515625 0.08359375 0.11171875
0 0.959375 0.18203125 0.08046875 0.1359375
0 0.159375 0.65703125 0.08359375 0.11640625
0 0.159375 0.4171875 0.08359375 0.11875
0 0.16171875 0.87734375 0.08359375 0.11640625
0 0.21875 0.165625 0.0921875 0.1296875
0 0.234375 0.41484375 0.08359375 0.11875
0 0.23828125 0.65703125 0.08359375 0.11640625
0 0.240625 0.87265625 0.08359375 0.125
0 0.04609375 0.165625 0.0875 0.1296875
0 0.3125 0.1609375 0.08515625 0.1359375
0 0.31875 0.88125 0.08125 0.103125
0 0.38671875 0.8859375 0.08125 0.11640625
0 0.39765625 0.1609375 0.08515625 0.1359375
0 0.08203125 0.40859375 0.08359375 0.11875
0 0.4640625 0.875 0.08125 0.13359375
0 0.084375 0.653125 0.08359375 0.11640625
0 0.4765625 0.1765625 0.08515625 0.11640625
0 0.54609375 0.8890625 0.06171875 0.1140625
0 0.56015625 0.18125 0.08515625 0.11640625
3 0.61875 0.66796875 0.08359375 0.11640625
3 0.62734375 0.43203125 0.08359375 0.11875
3 0.69765625 0.6703125 0.08359375 0.11640625
3 0.70625 0.43203125 0.08359375 0.11875
3 0.31953125 0.41953125 0.08359375 0.11875
3 0.321875 0.65703125 0.08359375 0.11640625
3 0.39453125 0.42109375 0.08359375 0.11875
3 0.3984375 0.65703125 0.08359375 0.11640625
3 0.47109375 0.65703125 0.08359375 0.11640625
3 0.47109375 0.42109375 0.08359375 0.11875
3 0.54609375 0.665625 0.08359375 0.11640625
3 0.5484375 0.42578125 0.08359375 0.11875
6 0.14765625 0.16953125 0.07734375 0.12734375
9 0.71796875 0.1828125 0.08515625 0.11640625
9 0.79921875 0.1828125 0.08515625 0.11640625