0 0.55703125 0.85859375 0.096875 0.1671875
0 0.56171875 0.25 0.103125 0.18359375
0 0.55859375 0.5703125 0.096875 0.1671875
0 0.628125 0.85859375 0.096875 0.1671875
0 0.6515625 0.56328125 0.096875 0.1671875
0 0.6609375 0.2546875 0.103125 0.18359375
0 0.7328125 0.84765625 0.096875 0.1671875
0 0.75078125 0.571875 0.096875 0.1671875
0 0.76328125 0.25703125 0.103125 0.18359375
0 0.82578125 0.84296875 0.096875 0.1671875
0 0.84140625 0.565625 0.096875 0.1671875
0 0.85078125 0.2546875 0.103125 0.18359375
0 0.1734375 0.24921875 0.10859375 0.1953125
0 0.175 0.85703125 0.096875 0.1671875
0 0.26796875 0.24921875 0.10859375 0.1953125
0 0.26796875 0.85234375 0.096875 0.1671875
0 0.07578125 0.8546875 0.096875 0.1671875
0 0.08203125 0.2328125 0.10859375 0.1953125
0 0.35703125 0.85703125 0.096875 0.1671875
0 0.3703125 0.25234375 0.103125 0.18359375
0 0.44609375 0.85859375 0.096875 0.1671875
0 0.4671875 0.2546875 0.103125 0.18359375
0 0.46796875 0.56640625 0.0890625 0.17890625
5 0.1796875 0.5546875 0.103125 0.18359375
5 0.27734375 0.56171875 0.103125 0.18359375
5 0.075 0.55078125 0.103125 0.18359375
5 0.38046875 0.55390625 0.096875 0.1953125