0 0.51875 0.51015625 0.07470703125 0.1080078125
0 0.5375 0.7921875 0.0810546875 0.11533203125
0 0.55078125 0.2171875 0.0642578125 0.103125
0 0.58125 0.50234375 0.07216796875 0.1080078125
0 0.60546875 0.79921875 0.0767578125 0.11396484375
0 0.62109375 0.221875 0.0734375 0.1091796875
0 0.63828125 0.51015625 0.0705078125 0.1076171875
0 0.6703125 0.79453125 0.0779296875 0.114013671875
0 0.67734375 0.22421875 0.0701171875 0.10625
0 0.70625 0.50546875 0.07177734375 0.1078125
0 0.72890625 0.79453125 0.0796875 0.114404296875
0 0.7515625 0.22421875 0.0685546875 0.1046875
0 0.75703125 0.50546875 0.0736328125 0.1080078125
0 0.7953125 0.796875 0.08125 0.115478515625
0 0.10859375 0.796875 0.076318359375 0.115283203125
0 0.80625 0.21953125 0.06279296875 0.103125
0 0.82890625 0.50234375 0.071875 0.1078125
0 0.86171875 0.78125 0.0734375 0.11875
0 0.8859375 0.51484375 0.06572265625 0.103125
0 0.1171875 0.2125 0.07529296875 0.109375
0 0.9234375 0.78828125 0.071875 0.1171875
0 0.95 0.5171875 0.06884765625 0.10625
0 0.14609375 0.5078125 0.06875 0.1060546875
0 0.04453125 0.7796875 0.07958984375 0.134375
0 0.16875 0.796875 0.0783203125 0.112744140625
0 0.178125 0.203125 0.0689453125 0.10625
0 0.20078125 0.5078125 0.06875 0.1060546875
0 0.22890625 0.7921875 0.0794921875 0.112744140625
0 0.24453125 0.21484375 0.0669921875 0.1046875
0 0.053125 0.20546875 0.0685546875 0.1048828125
0 0.26875 0.50234375 0.06533203125 0.1044921875
0 0.29921875 0.7921875 0.0763671875 0.112353515625
0 0.303125 0.2171875 0.075 0.109375
0 0.3296875 0.50546875 0.06572265625 0.103125
0 0.35625 0.79453125 0.080859375 0.114404296875
0 0.3671875 0.2171875 0.07158203125 0.10625
0 0.39375 0.50234375 0.0626953125 0.103125
0 0.4203125 0.7890625 0.0748046875 0.112158203125
0 0.4296875 0.2171875 0.0751953125 0.109375
0 0.45234375 0.5078125 0.06875 0.1060546875
0 0.47890625 0.7921875 0.0767578125 0.112548828125
0 0.4828125 0.221875 0.06904296875 0.10625
0 0.07734375 0.5078125 0.065625 0.1033203125