0 0.42890625 0.35 0.07109375 0.24609375
0 0.47421875 0.7625 0.06640625 0.26875
0 0.49375 0.3390625 0.07109375 0.24609375
0 0.534375 0.7796875 0.06640625 0.25
0 0.55859375 0.3421875 0.07109375 0.24609375
0 0.59453125 0.7875 0.06640625 0.25
0 0.6265625 0.3484375 0.06484375 0.2796875
0 0.659375 0.79453125 0.06640625 0.25
0 0.68515625 0.3515625 0.06484375 0.2796875
0 0.04140625 0.296875 0.07109375 0.24609375
0 0.7171875 0.79453125 0.06640625 0.25
0 0.103125 0.753125 0.06796875 0.25703125
0 0.746875 0.3765625 0.07734375 0.2609375
0 0.10625 0.296875 0.07109375 0.24609375
0 0.78125 0.79453125 0.06640625 0.25
0 0.81328125 0.3765625 0.07734375 0.2609375
0 0.84765625 0.79453125 0.06640625 0.25
0 0.8796875 0.38046875 0.07734375 0.2609375
0 0.16796875 0.315625 0.07109375 0.24609375
0 0.16640625 0.75703125 0.06796875 0.25703125
0 0.228125 0.74921875 0.06796875 0.25703125
0 0.2359375 0.315625 0.07109375 0.24609375
0 0.29921875 0.31953125 0.07109375 0.24609375
0 0.3640625 0.3390625 0.07109375 0.24609375
1 0.04453125 0.74921875 0.06796875 0.25703125
1 0.28671875 0.76796875 0.06796875 0.25703125
1 0.3515625 0.75703125 0.06796875 0.25703125
1 0.41171875 0.771875 0.06796875 0.25703125