0 0.775 0.665625 0.084228515625 0.090380859375
0 0.77734375 0.94921875 0.0859375 0.0921875
0 0.78046875 0.20234375 0.08935546875 0.09248046875
0 0.79609375 0.51015625 0.085888671875 0.085986328125
0 0.79296875 0.8078125 0.0828125 0.106201171875
0 0.8515625 0.665625 0.090283203125 0.093896484375
0 0.8484375 0.9515625 0.08466796875 0.0908203125
0 0.8625 0.20234375 0.087158203125 0.089306640625
0 0.8640625 0.81171875 0.078515625 0.09853515625
0 0.8671875 0.51015625 0.084423828125 0.085986328125
0 0.86953125 0.35234375 0.0826171875 0.103125
0 0.91953125 0.665625 0.08896484375 0.09345703125
0 0.91953125 0.953125 0.078125 0.087109375
0 0.9265625 0.81640625 0.07470703125 0.10166015625
0 0.92890625 0.5125 0.075 0.087841796875
0 0.93046875 0.20234375 0.070361328125 0.085986328125
0 0.9375 0.35234375 0.0625 0.1015625
0 0.16015625 0.19609375 0.086083984375 0.089306640625
0 0.16015625 0.3578125 0.0798828125 0.090576171875
0 0.165625 0.671875 0.084033203125 0.087841796875
0 0.16171875 0.51640625 0.078125 0.089306640625
0 0.16875 0.81796875 0.08427734375 0.08896484375
0 0.16171875 0.9578125 0.069970703125 0.06591796875
0 0.23671875 0.1984375 0.09189453125 0.09404296875
0 0.24765625 0.671875 0.08564453125 0.09033203125
0 0.240625 0.94765625 0.071826171875 0.0673828125
0 0.24921875 0.51875 0.09208984375 0.09345703125
0 0.25078125 0.8203125 0.086083984375 0.090771484375
0 0.31328125 0.19609375 0.09189453125 0.09521484375
0 0.321875 0.353125 0.084228515625 0.08427734375
0 0.321875 0.9546875 0.07802734375 0.077880859375
0 0.3296875 0.81328125 0.087744140625 0.1017578125
0 0.075 0.19609375 0.090283203125 0.092431640625
0 0.38984375 0.19453125 0.09228515625 0.1109375
0 0.3953125 0.95625 0.07822265625 0.075146484375
0 0.39765625 0.353125 0.083154296875 0.1033203125
0 0.4109375 0.82265625 0.090283203125 0.0875
0 0.075 0.3578125 0.0751953125 0.08740234375
0 0.46484375 0.96171875 0.0828125 0.0765625
0 0.471875 0.1921875 0.090673828125 0.1095703125
0 0.47421875 0.3515625 0.091943359375 0.109375
0 0.47734375 0.671875 0.08876953125 0.09091796875
0 0.4875 0.81796875 0.087744140625 0.0861328125
0 0.08671875 0.82265625 0.086083984375 0.089306640625
0 0.0890625 0.66953125 0.081298828125 0.085986328125
0 0.55078125 0.19609375 0.089208984375 0.1080078125
0 0.55390625 0.35859375 0.085693359375 0.095166015625
0 0.55546875 0.51484375 0.091943359375 0.092041015625
0 0.08515625 0.959375 0.073095703125 0.06865234375
0 0.5640625 0.8140625 0.09365234375 0.10634765625
0 0.090625 0.51484375 0.08115234375 0.092041015625
0 0.625 0.19609375 0.090478515625 0.109375
0 0.6390625 0.3625 0.08720703125 0.09697265625
0 0.64296875 0.81796875 0.09248046875 0.09501953125
0 0.70078125 0.1984375 0.08623046875 0.09091796875
0 0.70078125 0.953125 0.0798828125 0.0875
0 0.709375 0.36015625 0.087353515625 0.098095703125
0 0.725 0.81640625 0.090478515625 0.091845703125
3 0.32734375 0.66953125 0.091943359375 0.094970703125
3 0.33125 0.51875 0.090869140625 0.093896484375
3 0.40078125 0.671875 0.088818359375 0.090966796875
3 0.4078125 0.51640625 0.084619140625 0.086181640625
3 0.484375 0.51484375 0.093798828125 0.095361328125
3 0.55390625 0.6671875 0.089404296875 0.093896484375
3 0.621875 0.6671875 0.08154296875 0.08759765625
3 0.63984375 0.51484375 0.092529296875 0.094970703125
3 0.70390625 0.6671875 0.088818359375 0.090966796875
3 0.71953125 0.51484375 0.091943359375 0.092041015625
6 0.23671875 0.35546875 0.0796875 0.089111328125
9 0.7859375 0.3625 0.090478515625 0.100146484375
10 0.5453125 0.95859375 0.08095703125 0.076611328125
10 0.61640625 0.95859375 0.0798828125 0.076806640625