0 0.09765625 0.53203125 0.1078125 0.201220703125
0 0.56875 0.8421875 0.100048828125 0.17158203125
0 0.58125 0.228125 0.11220703125 0.18779296875
0 0.57890625 0.540625 0.101904296875 0.17470703125
0 0.10546875 0.8296875 0.104833984375 0.17197265625
0 0.66875 0.82421875 0.105908203125 0.182861328125
0 0.6796875 0.22421875 0.11259765625 0.18935546875
0 0.67734375 0.53828125 0.108154296875 0.175
0 0.759375 0.82421875 0.102978515625 0.182470703125
0 0.77265625 0.2140625 0.129833984375 0.196923828125
0 0.7703125 0.534375 0.099658203125 0.17197265625
0 0.84921875 0.82265625 0.101318359375 0.179931640625
0 0.86328125 0.534375 0.098779296875 0.17197265625
0 0.86875 0.209375 0.10302734375 0.21279296875
0 0.18359375 0.228125 0.114013671875 0.190283203125
0 0.18671875 0.5296875 0.1109375 0.203076171875
0 0.196875 0.83984375 0.109423828125 0.175
0 0.278125 0.2265625 0.115283203125 0.190478515625
0 0.28671875 0.540625 0.1048828125 0.17841796875
0 0.2859375 0.83984375 0.093603515625 0.1673828125
0 0.08515625 0.228125 0.130029296875 0.197119140625
0 0.3765625 0.2203125 0.124853515625 0.196533203125
0 0.384375 0.8421875 0.09970703125 0.171484375
0 0.3859375 0.52890625 0.090625 0.1861328125
0 0.4796875 0.22421875 0.12802734375 0.19814453125
0 0.47890625 0.84375 0.107568359375 0.17509765625
0 0.48046875 0.5328125 0.1048828125 0.19091796875