0 0.58359375 0.55390625 0.06875 0.110986328125
0 0.58984375 0.7390625 0.0642578125 0.099658203125
0 0.5890625 0.16796875 0.06884765625 0.1142578125
0 0.60859375 0.90703125 0.070556640625 0.098388671875
0 0.6046875 0.37421875 0.05966796875 0.11435546875
0 0.0875 0.89375 0.062646484375 0.115966796875
0 0.646875 0.55625 0.0654296875 0.109521484375
0 0.65 0.16796875 0.062353515625 0.1111328125
0 0.66953125 0.91171875 0.07685546875 0.10185546875
0 0.665625 0.371875 0.072021484375 0.121630859375
0 0.70703125 0.5609375 0.0642578125 0.10947265625
0 0.03671875 0.18359375 0.064013671875 0.1078125
0 0.7171875 0.184375 0.0689453125 0.10654296875
0 0.09921875 0.18828125 0.07021484375 0.1109375
0 0.728125 0.37578125 0.0658203125 0.101318359375
0 0.73828125 0.9046875 0.07958984375 0.1154296875
0 0.7609375 0.73671875 0.0626953125 0.098388671875
0 0.77578125 0.5609375 0.0638671875 0.109326171875
0 0.78203125 0.18046875 0.0673828125 0.107763671875
0 0.78828125 0.37578125 0.0671875 0.10126953125
0 0.79453125 0.9046875 0.07666015625 0.1126953125
0 0.11015625 0.375 0.0669921875 0.106103515625
0 0.8359375 0.55625 0.065234375 0.10947265625
0 0.840625 0.17578125 0.068359375 0.107568359375
0 0.85078125 0.91171875 0.07060546875 0.1109375
0 0.8578125 0.37734375 0.075 0.11103515625
0 0.12109375 0.5671875 0.073291015625 0.109716796875
0 0.15 0.890625 0.071875 0.103466796875
0 0.159375 0.1859375 0.068798828125 0.109765625
0 0.1671875 0.37265625 0.0685546875 0.107763671875
0 0.17109375 0.55859375 0.076220703125 0.110986328125
0 0.20234375 0.890625 0.06875 0.103076171875
0 0.2203125 0.18125 0.062158203125 0.1064453125
0 0.2234375 0.37734375 0.0625 0.104638671875
0 0.05 0.375 0.0625 0.103173828125
0 0.2296875 0.55625 0.0626953125 0.109326171875
0 0.265625 0.89921875 0.069140625 0.12666015625
0 0.28671875 0.1703125 0.065625 0.122119140625
0 0.2921875 0.375 0.071875 0.109033203125
0 0.29375 0.73203125 0.0658203125 0.10126953125
0 0.3234375 0.90703125 0.078271484375 0.101904296875
0 0.334375 0.17734375 0.06875 0.12373046875
0 0.3546875 0.3796875 0.0626953125 0.10322265625
0 0.35625 0.73671875 0.074609375 0.10439453125
0 0.3859375 0.8984375 0.081396484375 0.103369140625
0 0.40390625 0.18125 0.0796875 0.10634765625
0 0.41328125 0.74140625 0.065625 0.098779296875
0 0.4171875 0.375 0.0689453125 0.106494140625
0 0.4484375 0.89375 0.081005859375 0.103173828125
0 0.46171875 0.1859375 0.075 0.10625
0 0.46953125 0.55390625 0.0732421875 0.11376953125
0 0.47109375 0.728125 0.071875 0.102978515625
0 0.47578125 0.37734375 0.065625 0.105029296875
0 0.5265625 0.18359375 0.077734375 0.10625
0 0.52734375 0.73671875 0.0642578125 0.098779296875
0 0.5296875 0.55625 0.0685546875 0.112255859375
0 0.53828125 0.3796875 0.071875 0.109033203125
0 0.5484375 0.90234375 0.078076171875 0.101708984375
1 0.05859375 0.559375 0.079345703125 0.102783203125
1 0.28984375 0.565625 0.0669921875 0.09677734375
1 0.34609375 0.55859375 0.0625 0.0953125
1 0.40703125 0.5609375 0.0701171875 0.1
5 0.646875 0.734375 0.069140625 0.10283203125
5 0.70078125 0.73671875 0.0732421875 0.104443359375
5 0.815625 0.728125 0.056298828125 0.106640625
5 0.125 0.73125 0.065625 0.109716796875
5 0.18125 0.734375 0.0716796875 0.102783203125
5 0.2375 0.73203125 0.065625 0.098779296875
5 0.06640625 0.73125 0.0638671875 0.10927734375