0 0.51796875 0.8828125 0.07109375 0.1640625
0 0.5375 0.57265625 0.08203125 0.1640625
0 0.5890625 0.86953125 0.07109375 0.1640625
0 0.6 0.57578125 0.08203125 0.1640625
0 0.6640625 0.88515625 0.07109375 0.1640625
0 0.68359375 0.56875 0.08203125 0.19375
0 0.72890625 0.89375 0.07109375 0.1640625
0 0.75859375 0.57109375 0.08203125 0.19375
0 0.7890625 0.24375 0.08203125 0.1640625
0 0.80546875 0.8796875 0.07109375 0.1640625
0 0.83046875 0.58515625 0.06796875 0.18359375
0 0.86640625 0.24140625 0.08203125 0.1640625
0 0.87890625 0.8828125 0.07109375 0.1640625
0 0.9046875 0.590625 0.0734375 0.18359375
0 0.94453125 0.246875 0.08203125 0.1640625
0 0.14140625 0.1953125 0.08203125 0.1640625
0 0.15859375 0.55390625 0.08203125 0.1640625
0 0.15234375 0.8640625 0.0625 0.14296875
0 0.22890625 0.20078125 0.08203125 0.1640625
0 0.23046875 0.53203125 0.08203125 0.1640625
0 0.23203125 0.853125 0.07109375 0.175
0 0.0625 0.1765625 0.08203125 0.1640625
0 0.3 0.8640625 0.07109375 0.175
0 0.30703125 0.56484375 0.08203125 0.1640625
0 0.06953125 0.54296875 0.08203125 0.1640625
0 0.38359375 0.5703125 0.08203125 0.1640625
0 0.38203125 0.87734375 0.07109375 0.1640625
0 0.4515625 0.5703125 0.08203125 0.1640625
3 0.5484375 0.21953125 0.08203125 0.1640625
3 0.62890625 0.225 0.08203125 0.1640625
3 0.7109375 0.228125 0.08203125 0.1640625
3 0.31640625 0.1984375 0.08203125 0.1640625
3 0.39296875 0.20625 0.08203125 0.1640625
3 0.46640625 0.2140625 0.08203125 0.1640625
10 0.44609375 0.88828125 0.07109375 0.1640625