0 0.55703125 0.85859375 0.10625 0.171875
0 0.56171875 0.25 0.1205078125 0.193505859375
0 0.55859375 0.5703125 0.1140625 0.17490234375
0 0.628125 0.85859375 0.112890625 0.1763671875
0 0.6515625 0.56328125 0.115234375 0.1763671875
0 0.6609375 0.2546875 0.1126953125 0.190380859375
0 0.7328125 0.84765625 0.115625 0.1763671875
0 0.75078125 0.571875 0.1046875 0.171875
0 0.76328125 0.25703125 0.109375 0.185986328125
0 0.82578125 0.84296875 0.1078125 0.1732421875
0 0.84140625 0.565625 0.1046875 0.17197265625
0 0.85078125 0.2546875 0.10625 0.18466796875
0 0.1734375 0.24921875 0.115576171875 0.1984375
0 0.175 0.85703125 0.1123046875 0.1736328125
0 0.26796875 0.24921875 0.123095703125 0.2017578125
0 0.26796875 0.85234375 0.1111328125 0.1736328125
0 0.07578125 0.8546875 0.1140625 0.17490234375
0 0.08203125 0.2328125 0.126611328125 0.20595703125
0 0.35703125 0.85703125 0.1078125 0.1732421875
0 0.3703125 0.25234375 0.108984375 0.18583984375
0 0.44609375 0.85859375 0.10625 0.171875
0 0.4671875 0.2546875 0.1185546875 0.190771484375
0 0.46796875 0.56640625 0.0955078125 0.18271484375
5 0.1796875 0.5546875 0.109375 0.187451171875
5 0.27734375 0.56171875 0.10625 0.18564453125
5 0.075 0.55078125 0.1185546875 0.189306640625
5 0.38046875 0.55390625 0.109375 0.2013671875