0 0.4875 0.8109375 0.10927734375 0.19404296875
0 0.490625 0.19921875 0.1029296875 0.18623046875
0 0.09140625 0.51328125 0.1017578125 0.18623046875
0 0.09296875 0.8140625 0.109375 0.20322265625
0 0.58046875 0.19921875 0.1125 0.19189453125
0 0.5828125 0.5171875 0.1064453125 0.190380859375
0 0.5859375 0.82421875 0.11533203125 0.18564453125
0 0.6765625 0.515625 0.1091796875 0.190576171875
0 0.68359375 0.8265625 0.110693359375 0.184130859375
0 0.690625 0.19765625 0.1033203125 0.18876953125
0 0.771875 0.50234375 0.1123046875 0.2048828125
0 0.77890625 0.82421875 0.101708984375 0.179541015625
0 0.78828125 0.20546875 0.1013671875 0.185986328125
0 0.87109375 0.81640625 0.10478515625 0.17998046875
0 0.87109375 0.50234375 0.115625 0.20625
0 0.88046875 0.19765625 0.115625 0.192041015625
0 0.18203125 0.51171875 0.096875 0.185595703125
0 0.19609375 0.81796875 0.09375 0.1984375
0 0.28125 0.51328125 0.1 0.18583984375
0 0.28984375 0.82578125 0.1140625 0.192041015625
0 0.3765625 0.5171875 0.1126953125 0.190966796875
0 0.38984375 0.81484375 0.110693359375 0.195654296875
0 0.47578125 0.515625 0.1 0.187255859375
5 0.18515625 0.1890625 0.1076171875 0.172265625
5 0.28671875 0.19765625 0.1107421875 0.175
5 0.07734375 0.19140625 0.1138671875 0.1765625
5 0.396875 0.1859375 0.109326171875 0.20029296875