0 0.4390625 0.24140625 0.05703125 0.1625
0 0.44296875 0.52578125 0.06171875 0.16796875
0 0.4796875 0.81796875 0.05859375 0.18203125
0 0.503125 0.53984375 0.06171875 0.16796875
0 0.50234375 0.24921875 0.05703125 0.1625
0 0.07890625 0.20859375 0.06171875 0.16796875
0 0.07890625 0.5125 0.06171875 0.16796875
0 0.540625 0.8296875 0.05390625 0.1734375
0 0.56015625 0.25234375 0.06171875 0.1625
0 0.56015625 0.5453125 0.06171875 0.16796875
0 0.59921875 0.8328125 0.05390625 0.16796875
0 0.6171875 0.24375 0.06171875 0.18984375
0 0.6203125 0.5421875 0.05546875 0.17890625
0 0.6546875 0.83359375 0.06484375 0.17109375
0 0.67109375 0.24375 0.06171875 0.18984375
0 0.67734375 0.5453125 0.05546875 0.17890625
0 0.71328125 0.83359375 0.06484375 0.17109375
0 0.728125 0.265625 0.06171875 0.1625
0 0.7328125 0.54765625 0.05859375 0.15703125
0 0.775 0.82578125 0.06484375 0.17109375
0 0.79296875 0.26328125 0.06171875 0.1625
0 0.79453125 0.55859375 0.05859375 0.15703125
0 0.84140625 0.83125 0.06484375 0.17109375
0 0.85 0.26015625 0.06171875 0.1625
0 0.8625 0.56640625 0.05859375 0.15703125
0 0.1265625 0.81875 0.05859375 0.15703125
0 0.1421875 0.2140625 0.06171875 0.16796875
0 0.1421875 0.51796875 0.06171875 0.16796875
0 0.19296875 0.81640625 0.05859375 0.15703125
0 0.19765625 0.5234375 0.06171875 0.16796875
0 0.20546875 0.21953125 0.06171875 0.16796875
0 0.2515625 0.81875 0.05859375 0.15703125
0 0.2546875 0.5234375 0.06171875 0.16796875
0 0.2640625 0.225 0.06171875 0.16796875
0 0.31953125 0.52578125 0.06171875 0.16796875
0 0.3265625 0.21796875 0.05703125 0.1765625
0 0.38046875 0.2234375 0.05703125 0.1765625
0 0.3828125 0.52890625 0.06171875 0.16796875
1 0.42734375 0.82734375 0.05859375 0.15703125
1 0.07109375 0.81640625 0.05859375 0.15703125
1 0.30859375 0.82421875 0.05859375 0.15703125
1 0.3671875 0.82734375 0.05859375 0.15703125