0 0.4390625 0.24140625 0.062548828125 0.1640625
0 0.44296875 0.52578125 0.079541015625 0.173095703125
0 0.4796875 0.81796875 0.068701171875 0.185693359375
0 0.503125 0.53984375 0.08095703125 0.17314453125
0 0.50234375 0.24921875 0.063818359375 0.1640625
0 0.07890625 0.20859375 0.064306640625 0.167431640625
0 0.07890625 0.5125 0.060986328125 0.168701171875
0 0.540625 0.8296875 0.053369140625 0.17197265625
0 0.56015625 0.25234375 0.069970703125 0.1642578125
0 0.56015625 0.5453125 0.06123046875 0.16865234375
0 0.59921875 0.8328125 0.05478515625 0.16865234375
0 0.6171875 0.24375 0.071826171875 0.193505859375
0 0.6203125 0.5421875 0.059130859375 0.178369140625
0 0.6546875 0.83359375 0.081396484375 0.176220703125
0 0.67109375 0.24375 0.063720703125 0.190576171875
0 0.67734375 0.5453125 0.06396484375 0.18115234375
0 0.71328125 0.83359375 0.064111328125 0.170361328125
0 0.728125 0.265625 0.07509765625 0.1658203125
0 0.7328125 0.54765625 0.07216796875 0.16103515625
0 0.775 0.82578125 0.07802734375 0.17373046875
0 0.79296875 0.26328125 0.06103515625 0.1625
0 0.79453125 0.55859375 0.073486328125 0.161083984375
0 0.84140625 0.83125 0.082666015625 0.175341796875
0 0.85 0.26015625 0.081396484375 0.1671875
0 0.8625 0.56640625 0.07783203125 0.16123046875
0 0.1265625 0.81875 0.077880859375 0.162158203125
0 0.1421875 0.2140625 0.065771484375 0.168896484375
0 0.1421875 0.51796875 0.075146484375 0.170556640625
0 0.19296875 0.81640625 0.073486328125 0.161083984375
0 0.19765625 0.5234375 0.07978515625 0.17216796875
0 0.20546875 0.21953125 0.067431640625 0.169970703125
0 0.2515625 0.81875 0.065576171875 0.159033203125
0 0.2546875 0.5234375 0.065380859375 0.168896484375
0 0.2640625 0.225 0.068896484375 0.171630859375
0 0.31953125 0.52578125 0.076416015625 0.170556640625
0 0.3265625 0.21796875 0.077783203125 0.1798828125
0 0.38046875 0.2234375 0.063818359375 0.17841796875
0 0.3828125 0.52890625 0.077880859375 0.170556640625
1 0.42734375 0.82734375 0.066845703125 0.160693359375
1 0.07109375 0.81640625 0.060791015625 0.157958984375
1 0.30859375 0.82421875 0.063720703125 0.158154296875
1 0.3671875 0.82734375 0.07783203125 0.16123046875