0 0.46171875 0.2015625 0.076611328125 0.162255859375
0 0.53359375 0.2140625 0.070361328125 0.159326171875
0 0.09609375 0.171875 0.095458984375 0.168408203125
0 0.5984375 0.21875 0.07783203125 0.15966796875
0 0.71171875 0.86796875 0.086181640625 0.163916015625
0 0.7140625 0.5484375 0.065869140625 0.153173828125
0 0.7734375 0.86796875 0.087646484375 0.163916015625
0 0.109375 0.8265625 0.087451171875 0.165380859375
0 0.7828125 0.553125 0.07197265625 0.15615234375
0 0.80234375 0.21640625 0.07041015625 0.1734375
0 0.83515625 0.865625 0.07060546875 0.15927734375
0 0.84453125 0.56171875 0.095654296875 0.1638671875
0 0.1171875 0.5015625 0.072021484375 0.159326171875
0 0.8671875 0.2234375 0.081005859375 0.17509765625
0 0.17265625 0.83671875 0.079345703125 0.160986328125
0 0.18046875 0.509375 0.079736328125 0.162451171875
0 0.24609375 0.17734375 0.07646484375 0.1734375
0 0.2453125 0.83671875 0.072021484375 0.157861328125
0 0.2515625 0.51640625 0.078466796875 0.160986328125
0 0.328125 0.17578125 0.071923828125 0.190625
0 0.3953125 0.1859375 0.074951171875 0.181396484375
3 0.44453125 0.85078125 0.079541015625 0.160986328125
3 0.44921875 0.53125 0.076416015625 0.159716796875
3 0.5109375 0.853125 0.077880859375 0.159716796875
3 0.515625 0.53359375 0.084716796875 0.163720703125
3 0.57265625 0.85859375 0.089111328125 0.164111328125
3 0.58515625 0.540625 0.08271484375 0.16259765625
3 0.640625 0.865625 0.07470703125 0.15947265625
3 0.653125 0.54609375 0.075146484375 0.160595703125
3 0.31484375 0.83359375 0.086181640625 0.163916015625
3 0.31953125 0.51640625 0.082666015625 0.161181640625
3 0.3796875 0.84140625 0.078076171875 0.160791015625
3 0.3875 0.5234375 0.08134765625 0.16259765625
6 0.184375 0.17421875 0.090478515625 0.164111328125
9 0.66484375 0.2109375 0.086181640625 0.165380859375
9 0.728125 0.22109375 0.081005859375 0.160986328125