0 0.628125 0.359375 0.059033203125 0.075146484375
0 0.08984375 0.34921875 0.063818359375 0.076806640625
0 0.6578125 0.546875 0.0685546875 0.08720703125
0 0.6640625 0.16953125 0.062353515625 0.076806640625
0 0.671875 0.7171875 0.075 0.0841796875
0 0.6828125 0.36328125 0.062353515625 0.076806640625
0 0.703125 0.540625 0.0595703125 0.081396484375
0 0.71875 0.16953125 0.059423828125 0.076416015625
0 0.7359375 0.7171875 0.072265625 0.0814453125
0 0.7375 0.36328125 0.059228515625 0.076220703125
0 0.7671875 0.540625 0.0625 0.084130859375
0 0.77734375 0.171875 0.063818359375 0.078271484375
0 0.7859375 0.7171875 0.06875 0.078125
0 0.79453125 0.35546875 0.064013671875 0.079345703125
0 0.81484375 0.88515625 0.0607421875 0.07998046875
0 0.83125 0.53203125 0.0658203125 0.085595703125
0 0.84921875 0.36171875 0.061083984375 0.076611328125
0 0.8640625 0.8875 0.0626953125 0.084130859375
0 0.878125 0.534375 0.0658203125 0.084716796875
0 0.89296875 0.7109375 0.0701171875 0.0783203125
0 0.9078125 0.36328125 0.059619140625 0.076611328125
0 0.12578125 0.1609375 0.057763671875 0.074951171875
0 0.12890625 0.540625 0.059375 0.081201171875
0 0.14140625 0.903125 0.0765625 0.084375
0 0.14921875 0.346875 0.066943359375 0.081005859375
0 0.1828125 0.16328125 0.059423828125 0.076416015625
0 0.18828125 0.534375 0.0640625 0.084326171875
0 0.2 0.9046875 0.0751953125 0.084375
0 0.21328125 0.346875 0.06376953125 0.07822265625
0 0.24453125 0.159375 0.06396484375 0.07841796875
0 0.24765625 0.53828125 0.0673828125 0.085986328125
0 0.2546875 0.90078125 0.077734375 0.0857421875
0 0.26796875 0.353125 0.064404296875 0.081005859375
0 0.3046875 0.5359375 0.0654296875 0.084521484375
0 0.30625 0.1609375 0.062353515625 0.078271484375
0 0.31640625 0.896875 0.06875 0.078125
0 0.3296875 0.3578125 0.056298828125 0.074951171875
0 0.3640625 0.90078125 0.075 0.0765625
0 0.36484375 0.1609375 0.061279296875 0.078076171875
0 0.06171875 0.15703125 0.063818359375 0.076806640625
0 0.36875 0.540625 0.0595703125 0.081396484375
0 0.3890625 0.3578125 0.056298828125 0.074951171875
0 0.07109375 0.53125 0.07333984375 0.09091796875
0 0.42109375 0.8984375 0.075 0.07802734375
0 0.428125 0.540625 0.0685546875 0.087255859375
0 0.42890625 0.165625 0.061279296875 0.078076171875
0 0.075 0.90078125 0.074609375 0.0826171875
0 0.45078125 0.35546875 0.057958984375 0.073681640625
0 0.48046875 0.8921875 0.0705078125 0.07470703125
0 0.48046875 0.5421875 0.0611328125 0.081591796875
0 0.4859375 0.165625 0.059423828125 0.075341796875
0 0.50703125 0.36171875 0.05810546875 0.07373046875
0 0.5359375 0.88984375 0.069091796875 0.079638671875
0 0.53828125 0.16953125 0.061279296875 0.076806640625
0 0.5390625 0.540625 0.0595703125 0.081396484375
0 0.565625 0.7125 0.0720703125 0.08125
0 0.5640625 0.359375 0.062158203125 0.078076171875
0 0.59296875 0.89140625 0.06708984375 0.07685546875
0 0.5984375 0.5421875 0.065625 0.084521484375
0 0.60703125 0.171875 0.05791015625 0.07509765625
0 0.62265625 0.7171875 0.075 0.083984375
4 0.6546875 0.88984375 0.068896484375 0.079443359375
4 0.70625 0.89140625 0.062841796875 0.073779296875
4 0.75859375 0.89140625 0.067236328125 0.076904296875
8 0.09921875 0.71484375 0.070556640625 0.086181640625
8 0.8453125 0.70859375 0.0751953125 0.084375
8 0.1578125 0.7234375 0.077734375 0.0845703125
8 0.21484375 0.72109375 0.071875 0.08125
8 0.27890625 0.71875 0.071875 0.08125
8 0.328125 0.72109375 0.071875 0.0798828125
8 0.3921875 0.71875 0.0720703125 0.08125
8 0.44453125 0.71875 0.0763671875 0.084375
8 0.49921875 0.7171875 0.075 0.083984375