0 0.5 0.7859375 0.12578125 0.28125
0 0.4984375 0.36015625 0.11640625 0.29296875
0 0.59453125 0.77890625 0.11640625 0.3
0 0.61171875 0.33828125 0.11640625 0.3171875
0 0.7125 0.7765625 0.11640625 0.3
0 0.7328125 0.35546875 0.11640625 0.28359375
0 0.81171875 0.77421875 0.11640625 0.3
0 0.83359375 0.36953125 0.11640625 0.28359375
0 0.90625 0.7765625 0.0890625 0.3
0 0.92890625 0.3203125 0.09921875 0.33359375
0 0.15703125 0.31953125 0.11640625 0.321875
0 0.1671875 0.771875 0.12109375 0.33359375
0 0.26875 0.34609375 0.11640625 0.29296875
0 0.278125 0.7984375 0.12578125 0.28125
0 0.38203125 0.79375 0.12578125 0.28125
0 0.38515625 0.36484375 0.11640625 0.29296875