0 0.07890625 0.50703125 0.09560546875 0.1919921875
0 0.46015625 0.50625 0.098681640625 0.20595703125
0 0.51953125 0.828125 0.08310546875 0.1876953125
0 0.53828125 0.521875 0.085595703125 0.18095703125
0 0.5921875 0.83828125 0.093994140625 0.1919921875
0 0.6015625 0.521875 0.074755859375 0.17783203125
0 0.65390625 0.8625 0.08583984375 0.187890625
0 0.6765625 0.5125 0.100048828125 0.2123046875
0 0.72734375 0.84765625 0.089404296875 0.1892578125
0 0.74921875 0.51953125 0.098388671875 0.2111328125
0 0.778125 0.1640625 0.09658203125 0.190625
0 0.79375 0.84765625 0.096728515625 0.1919921875
0 0.821875 0.540625 0.093408203125 0.181005859375
0 0.85625 0.1640625 0.100146484375 0.19072265625
0 0.86796875 0.84765625 0.089404296875 0.1892578125
0 0.89140625 0.53515625 0.09541015625 0.17978515625
0 0.93515625 0.16640625 0.091845703125 0.1892578125
0 0.1375 0.12265625 0.087451171875 0.1888671875
0 0.153125 0.5046875 0.097021484375 0.19052734375
0 0.1703125 0.84921875 0.090283203125 0.179345703125
0 0.05390625 0.125 0.08564453125 0.1876953125
0 0.21875 0.13515625 0.099755859375 0.1921875
0 0.2296875 0.49375 0.087646484375 0.215478515625
0 0.23359375 0.8359375 0.08623046875 0.1875
0 0.31015625 0.50859375 0.08310546875 0.17626953125
0 0.3125 0.82578125 0.09365234375 0.190625
0 0.384375 0.52109375 0.087255859375 0.176416015625
0 0.38828125 0.83359375 0.098193359375 0.1921875
3 0.46796875 0.1375 0.082470703125 0.18740234375
3 0.54609375 0.146875 0.085595703125 0.18779296875
3 0.61875 0.15703125 0.099755859375 0.1921875
3 0.70390625 0.15703125 0.098681640625 0.1921875
3 0.30546875 0.13203125 0.082470703125 0.1859375
3 0.3890625 0.1296875 0.087451171875 0.18740234375
10 0.4578125 0.840625 0.081298828125 0.18759765625