0 0.51796875 0.8828125 0.07333984375 0.165625
0 0.5375 0.57265625 0.084228515625 0.1642578125
0 0.5890625 0.86953125 0.072021484375 0.1640625
0 0.6 0.57578125 0.093603515625 0.16875
0 0.6640625 0.88515625 0.081201171875 0.1671875
0 0.68359375 0.56875 0.104638671875 0.2001953125
0 0.72890625 0.89375 0.07041015625 0.1626953125
0 0.75859375 0.57109375 0.098388671875 0.1986328125
0 0.7890625 0.24375 0.093603515625 0.16845703125
0 0.80546875 0.8796875 0.07041015625 0.1654296875
0 0.83046875 0.58515625 0.088916015625 0.188720703125
0 0.86640625 0.24140625 0.101708984375 0.171875
0 0.87890625 0.8828125 0.082470703125 0.16884765625
0 0.9046875 0.590625 0.0779296875 0.18466796875
0 0.94453125 0.246875 0.08876953125 0.165625
0 0.14140625 0.1953125 0.101708984375 0.17216796875
0 0.15859375 0.55390625 0.086083984375 0.165625
0 0.15234375 0.8640625 0.0625 0.143701171875
0 0.22890625 0.20078125 0.085693359375 0.1642578125
0 0.23046875 0.53203125 0.098779296875 0.1705078125
0 0.23203125 0.853125 0.079931640625 0.178125
0 0.0625 0.1765625 0.093994140625 0.17158203125
0 0.3 0.8640625 0.071826171875 0.175
0 0.30703125 0.56484375 0.088818359375 0.1669921875
0 0.06953125 0.54296875 0.08291015625 0.1640625
0 0.38359375 0.5703125 0.101708984375 0.17216796875
0 0.38203125 0.87734375 0.082666015625 0.1673828125
0 0.4515625 0.5703125 0.08154296875 0.1654296875
3 0.5484375 0.21953125 0.09345703125 0.16875
3 0.62890625 0.225 0.095068359375 0.16865234375
3 0.7109375 0.228125 0.096533203125 0.16884765625
3 0.31640625 0.1984375 0.101513671875 0.17197265625
3 0.39296875 0.20625 0.092333984375 0.16845703125
3 0.46640625 0.2140625 0.101708984375 0.17216796875
10 0.44609375 0.88828125 0.073681640625 0.165625