0 0.790625 0.87734375 0.09921875 0.16015625
0 0.79453125 0.4 0.10234375 0.153125
0 0.79296875 0.6578125 0.09921875 0.13984375
0 0.8109375 0.15546875 0.10703125 0.153125
0 0.12734375 0.90234375 0.09921875 0.13984375
0 0.875 0.39453125 0.10234375 0.153125
0 0.8765625 0.87734375 0.09921875 0.16015625
0 0.88984375 0.6609375 0.09921875 0.13984375
0 0.903125 0.1578125 0.08828125 0.153125
0 0.19609375 0.40234375 0.09140625 0.153125
0 0.20703125 0.659375 0.10234375 0.153125
0 0.22109375 0.90234375 0.09921875 0.13984375
0 0.30078125 0.4125 0.10234375 0.153125
0 0.31171875 0.66171875 0.10234375 0.153125
0 0.31796875 0.8953125 0.09921875 0.13984375
0 0.39765625 0.41015625 0.10234375 0.153125
0 0.409375 0.9 0.09921875 0.13984375
0 0.41328125 0.1359375 0.10234375 0.17578125
0 0.41484375 0.6546875 0.09375 0.1578125
0 0.496875 0.41015625 0.10234375 0.153125
0 0.50703125 0.14765625 0.10703125 0.153125
0 0.50625 0.90234375 0.09921875 0.13984375
0 0.50859375 0.6515625 0.09375 0.1578125
0 0.09375 0.40703125 0.09140625 0.153125
0 0.5984375 0.16015625 0.10703125 0.153125
0 0.60390625 0.40703125 0.10234375 0.153125
0 0.60234375 0.6578125 0.09921875 0.13984375
0 0.60546875 0.8921875 0.09921875 0.13984375
0 0.1125 0.659375 0.10234375 0.153125
0 0.70078125 0.40234375 0.10234375 0.153125
0 0.70234375 0.88203125 0.09921875 0.16015625
0 0.70859375 0.1578125 0.10703125 0.153125
0 0.70703125 0.653125 0.09921875 0.13984375
5 0.190625 0.14296875 0.10703125 0.1578125
5 0.2953125 0.1453125 0.10703125 0.1578125
5 0.08046875 0.1453125 0.10703125 0.1578125