0 0.75859375 0.4109375 0.132470703125 0.16279296875
0 0.80546875 0.64375 0.1328125 0.150390625
0 0.79765625 0.15703125 0.123095703125 0.195263671875
0 0.80390625 0.86328125 0.120654296875 0.176513671875
0 0.13515625 0.3953125 0.12021484375 0.16533203125
0 0.140625 0.62890625 0.143359375 0.1892578125
0 0.88671875 0.41328125 0.12373046875 0.1607421875
0 0.8921875 0.159375 0.122216796875 0.193798828125
0 0.8921875 0.6203125 0.11552734375 0.18115234375
0 0.890625 0.859375 0.112158203125 0.177783203125
0 0.1421875 0.86796875 0.11904296875 0.17958984375
0 0.25078125 0.13984375 0.1423828125 0.170361328125
0 0.24609375 0.40625 0.12958984375 0.17158203125
0 0.25390625 0.64609375 0.1388671875 0.1607421875
0 0.2546875 0.8796875 0.125244140625 0.16533203125
0 0.36640625 0.64375 0.1357421875 0.15927734375
0 0.38203125 0.14375 0.1546875 0.181201171875
0 0.36796875 0.8796875 0.123193359375 0.16220703125
0 0.3796875 0.40625 0.124755859375 0.165869140625
0 0.47421875 0.6421875 0.1236328125 0.147265625
0 0.46796875 0.875 0.11376953125 0.1564453125
0 0.503125 0.15078125 0.13779296875 0.167431640625
0 0.50625 0.4046875 0.13408203125 0.17216796875
0 0.59296875 0.63359375 0.1267578125 0.1673828125
0 0.5859375 0.86796875 0.109423828125 0.170263671875
0 0.6109375 0.1484375 0.121630859375 0.193603515625
0 0.634375 0.40625 0.131005859375 0.171533203125
0 0.69765625 0.63984375 0.1392578125 0.16416015625
0 0.1328125 0.1421875 0.15322265625 0.178271484375
0 0.69375 0.865625 0.115869140625 0.172119140625
0 0.703125 0.15703125 0.109326171875 0.189013671875