0 0.59765625 0.915625 0.0921875 0.13134765625
0 0.6078125 0.6890625 0.07802734375 0.134130859375
0 0.675 0.91796875 0.084375 0.126904296875
0 0.6875 0.68359375 0.109423828125 0.1513671875
0 0.7421875 0.9203125 0.096484375 0.134033203125
0 0.75859375 0.68359375 0.111083984375 0.1515625
0 0.77265625 0.44765625 0.104638671875 0.1419921875
0 0.79296875 0.17421875 0.101318359375 0.1392578125
0 0.8171875 0.925 0.096484375 0.134033203125
0 0.8296875 0.69765625 0.09384765625 0.126513671875
0 0.8515625 0.44296875 0.090283203125 0.1330078125
0 0.86640625 0.16953125 0.08935546875 0.1330078125
0 0.89453125 0.92265625 0.08125 0.126513671875
0 0.89921875 0.69296875 0.0921875 0.123779296875
0 0.9296875 0.44765625 0.090869140625 0.1357421875
0 0.94609375 0.1671875 0.10166015625 0.1408203125
0 0.1359375 0.134375 0.090869140625 0.13427734375
0 0.140625 0.421875 0.093994140625 0.13720703125
0 0.1546875 0.68203125 0.090283203125 0.126708984375
0 0.1625 0.921875 0.0875 0.11884765625
0 0.05625 0.134375 0.093603515625 0.13447265625
0 0.0609375 0.41953125 0.093798828125 0.1361328125
0 0.221875 0.14375 0.100048828125 0.13779296875
0 0.22421875 0.42421875 0.08916015625 0.1328125
0 0.23046875 0.6765625 0.095068359375 0.14384765625
0 0.23359375 0.90546875 0.0830078125 0.1388671875
0 0.30546875 0.68359375 0.098388671875 0.1330078125
0 0.3109375 0.90546875 0.091015625 0.1423828125
0 0.3828125 0.69296875 0.09072265625 0.1296875
0 0.390625 0.9171875 0.087109375 0.1404296875
0 0.0796875 0.6890625 0.096728515625 0.131103515625
0 0.46015625 0.6796875 0.098779296875 0.146826171875
0 0.52421875 0.915625 0.0921875 0.131298828125
0 0.53671875 0.6890625 0.0798828125 0.13447265625
3 0.621875 0.440625 0.09091796875 0.134375
3 0.6296875 0.1625 0.09677734375 0.1373046875
3 0.6953125 0.44296875 0.087744140625 0.1328125
3 0.715625 0.16484375 0.100048828125 0.1392578125
3 0.3078125 0.14609375 0.087744140625 0.1328125
3 0.31171875 0.43359375 0.098388671875 0.1388671875
3 0.3890625 0.14375 0.093994140625 0.13720703125
3 0.39140625 0.43125 0.092138671875 0.13408203125
3 0.47109375 0.15078125 0.101318359375 0.1392578125
3 0.4734375 0.43359375 0.100244140625 0.140625
3 0.55078125 0.43359375 0.09541015625 0.1375
3 0.55234375 0.1578125 0.08916015625 0.1341796875
10 0.45703125 0.92265625 0.0953125 0.133154296875