0 0.58359375 0.55390625 0.0625 0.10859375
0 0.58984375 0.7390625 0.0625 0.09765625
0 0.5890625 0.16796875 0.06015625 0.1109375
0 0.60859375 0.90703125 0.07109375 0.09765625
0 0.6046875 0.37421875 0.05859375 0.11484375
0 0.0875 0.89375 0.05859375 0.11484375
0 0.646875 0.55625 0.0625 0.10859375
0 0.65 0.16796875 0.06015625 0.1109375
0 0.66953125 0.91171875 0.07109375 0.09765625
0 0.665625 0.371875 0.05859375 0.11484375
0 0.70703125 0.5609375 0.0625 0.10859375
0 0.03671875 0.18359375 0.06015625 0.10625
0 0.7171875 0.184375 0.0625 0.10390625
0 0.09921875 0.18828125 0.06015625 0.10625
0 0.728125 0.37578125 0.0625 0.09765625
0 0.73828125 0.9046875 0.07109375 0.1109375
0 0.7609375 0.73671875 0.0625 0.09765625
0 0.77578125 0.5609375 0.0625 0.10859375
0 0.78203125 0.18046875 0.0625 0.10390625
0 0.78828125 0.37578125 0.0625 0.09765625
0 0.79453125 0.9046875 0.07109375 0.1109375
0 0.11015625 0.375 0.0625 0.10390625
0 0.8359375 0.55625 0.0625 0.10859375
0 0.840625 0.17578125 0.0625 0.10390625
0 0.85078125 0.91171875 0.07109375 0.1109375
0 0.8578125 0.37734375 0.06875 0.10859375
0 0.12109375 0.5671875 0.07109375 0.10859375
0 0.15 0.890625 0.0625 0.09921875
0 0.159375 0.1859375 0.06015625 0.10625
0 0.1671875 0.37265625 0.0625 0.10390625
0 0.17109375 0.55859375 0.07109375 0.10859375
0 0.20234375 0.890625 0.0625 0.09921875
0 0.2203125 0.18125 0.06015625 0.10625
0 0.2234375 0.37734375 0.0625 0.10390625
0 0.05 0.375 0.0625 0.10390625
0 0.2296875 0.55625 0.0625 0.10859375
0 0.265625 0.89921875 0.06875 0.12578125
0 0.28671875 0.1703125 0.05625 0.11953125
0 0.2921875 0.375 0.0625 0.10390625
0 0.29375 0.73203125 0.0625 0.09765625
0 0.3234375 0.90703125 0.07109375 0.09765625
0 0.334375 0.17734375 0.05625 0.11953125
0 0.3546875 0.3796875 0.0625 0.10390625
0 0.35625 0.73671875 0.0625 0.09765625
0 0.3859375 0.8984375 0.07109375 0.09765625
0 0.40390625 0.18125 0.06875 0.1015625
0 0.41328125 0.74140625 0.0625 0.09765625
0 0.4171875 0.375 0.0625 0.10390625
0 0.4484375 0.89375 0.07109375 0.09765625
0 0.46171875 0.1859375 0.06875 0.1015625
0 0.46953125 0.55390625 0.0625 0.10859375
0 0.47109375 0.728125 0.0625 0.09765625
0 0.47578125 0.37734375 0.0625 0.10390625
0 0.5265625 0.18359375 0.06875 0.1015625
0 0.52734375 0.73671875 0.0625 0.09765625
0 0.5296875 0.55625 0.0625 0.10859375
0 0.53828125 0.3796875 0.0625 0.10390625
0 0.5484375 0.90234375 0.07109375 0.09765625
1 0.05859375 0.559375 0.07109375 0.09765625
1 0.28984375 0.565625 0.0625 0.0953125
1 0.34609375 0.55859375 0.0625 0.0953125
1 0.40703125 0.5609375 0.0625 0.0953125
5 0.646875 0.734375 0.0625 0.09765625
5 0.70078125 0.73671875 0.0625 0.09765625
5 0.815625 0.728125 0.05390625 0.10625
5 0.125 0.73125 0.0625 0.10859375
5 0.18125 0.734375 0.0625 0.09765625
5 0.2375 0.73203125 0.0625 0.09765625
5 0.06640625 0.73125 0.0625 0.10859375