0 0.4546875 0.3453125 0.080908203125 0.168896484375
0 0.48046875 0.7671875 0.067138671875 0.17177734375
0 0.078125 0.77265625 0.065673828125 0.1703125
0 0.52265625 0.33671875 0.070458984375 0.164111328125
0 0.54375 0.7671875 0.075244140625 0.17490234375
0 0.575 0.33125 0.081298828125 0.168896484375
0 0.61171875 0.7671875 0.07685546875 0.1748046875
0 0.64453125 0.334375 0.076708984375 0.168505859375
0 0.675 0.7703125 0.081298828125 0.17509765625
0 0.040625 0.33046875 0.08125 0.1703125
0 0.709375 0.33671875 0.087548828125 0.170166015625
0 0.74296875 0.7703125 0.070458984375 0.17216796875
0 0.77578125 0.33671875 0.07021484375 0.16416015625
0 0.80625 0.77265625 0.077783203125 0.1734375
0 0.840625 0.328125 0.081298828125 0.168896484375
0 0.11484375 0.32578125 0.086279296875 0.170166015625
0 0.88515625 0.74765625 0.082568359375 0.186083984375
0 0.89921875 0.33984375 0.076904296875 0.167236328125
0 0.94375 0.75078125 0.071923828125 0.183154296875
0 0.96015625 0.34140625 0.0796875 0.1671875
0 0.14765625 0.77265625 0.08564453125 0.175
0 0.18125 0.328125 0.08720703125 0.17158203125
0 0.2140625 0.77265625 0.087158203125 0.1763671875
0 0.0265625 0.74296875 0.053125 0.1953125
0 0.24765625 0.32265625 0.076513671875 0.167041015625
0 0.2859375 0.77265625 0.06904296875 0.171875
0 0.3046875 0.334375 0.084619140625 0.169091796875
0 0.34921875 0.7671875 0.06708984375 0.1716796875
0 0.37734375 0.334375 0.082763671875 0.168896484375
0 0.4171875 0.76484375 0.074853515625 0.1732421875