0 0.440625 0.88828125 0.06015625 0.1171875
0 0.44765625 0.4140625 0.07109375 0.15546875
0 0.46875 0.65390625 0.06953125 0.1484375
0 0.07734375 0.63125 0.06796875 0.17109375
0 0.49921875 0.8953125 0.06015625 0.1171875
0 0.5140625 0.4203125 0.07109375 0.15546875
0 0.5265625 0.10859375 0.07734375 0.203125
0 0.58046875 0.425 0.07109375 0.15546875
0 0.590625 0.675 0.06640625 0.1375
0 0.5984375 0.11953125 0.07734375 0.1890625
0 0.6453125 0.42265625 0.07109375 0.15546875
0 0.65078125 0.684375 0.06640625 0.1375
0 0.09453125 0.1046875 0.06640625 0.16875
0 0.67265625 0.12890625 0.07734375 0.1890625
0 0.675 0.89375 0.06640625 0.12890625
0 0.09375 0.86015625 0.05390625 0.1375
0 0.715625 0.684375 0.06640625 0.1375
0 0.7453125 0.12890625 0.07734375 0.1890625
0 0.74609375 0.903125 0.06640625 0.12890625
0 0.7796875 0.425 0.07109375 0.15546875
0 0.79296875 0.6796875 0.07421875 0.15546875
0 0.81796875 0.13046875 0.07734375 0.1890625
0 0.84375 0.4359375 0.07109375 0.15546875
0 0.85546875 0.6734375 0.06953125 0.15546875
0 0.86796875 0.91015625 0.06640625 0.12890625
0 0.89375 0.13515625 0.07734375 0.1890625
0 0.91015625 0.43515625 0.08046875 0.17109375
0 0.91875 0.6890625 0.06953125 0.15546875
0 0.96171875 0.14453125 0.07421875 0.1890625
0 0.1453125 0.628125 0.06796875 0.1421875
0 0.15234375 0.865625 0.06015625 0.1171875
0 0.16328125 0.10234375 0.07109375 0.16875
0 0.20390625 0.6328125 0.07734375 0.15546875
0 0.20625 0.8703125 0.06015625 0.1171875
0 0.2359375 0.10703125 0.07109375 0.16875
0 0.26484375 0.875 0.06015625 0.1171875
0 0.278125 0.63671875 0.07734375 0.15546875
0 0.321875 0.86171875 0.06015625 0.1171875
0 0.3390625 0.65859375 0.06953125 0.1265625
0 0.38515625 0.86796875 0.06015625 0.1171875
0 0.40546875 0.65390625 0.06953125 0.14453125
1 0.45078125 0.1140625 0.07734375 0.1734375
1 0.03125 0.1 0.05859375 0.16875
1 0.30703125 0.1046875 0.07109375 0.16875
1 0.378125 0.11171875 0.07734375 0.1734375
5 0.71171875 0.42734375 0.07109375 0.15546875
5 0.1140625 0.37890625 0.07421875 0.1890625
5 0.04765625 0.38125 0.07421875 0.1890625
5 0.18046875 0.4 0.07109375 0.15546875
5 0.2484375 0.40234375 0.07109375 0.15546875
5 0.31015625 0.409375 0.07109375 0.15546875
5 0.3765625 0.415625 0.07109375 0.15546875
2 0.5578125 0.890625 0.06015625 0.1171875
2 0.61328125 0.8859375 0.06015625 0.1171875
2 0.8109375 0.90546875 0.06640625 0.12890625