0 0.41171875 0.1078125 0.0390625 0.08828125
0 0.4109375 0.26328125 0.0375 0.07734375
0 0.41484375 0.409375 0.0421875 0.090625
0 0.0578125 0.953125 0.0375 0.0703125
0 0.42421875 0.95234375 0.0390625 0.08125
0 0.440625 0.8265625 0.040625 0.08125
0 0.44296875 0.69140625 0.0390625 0.07734375
0 0.44296875 0.5546875 0.0390625 0.07734375
0 0.446875 0.40703125 0.034375 0.090625
0 0.45078125 0.1125 0.0390625 0.08828125
0 0.45234375 0.95859375 0.0390625 0.07265625
0 0.4515625 0.259375 0.0375 0.07734375
0 0.475 0.8265625 0.040625 0.08125
0 0.48203125 0.56171875 0.0390625 0.07734375
0 0.48359375 0.68046875 0.0390625 0.07734375
0 0.484375 0.41171875 0.034375 0.090625
0 0.48984375 0.11484375 0.0390625 0.08828125
0 0.49140625 0.95390625 0.0390625 0.08125
0 0.490625 0.26328125 0.0375 0.07734375
0 0.06484375 0.08515625 0.0359375 0.10390625
0 0.0671875 0.24453125 0.0375 0.1015625
0 0.51875 0.82421875 0.040625 0.08125
0 0.51796875 0.565625 0.0390625 0.07734375
0 0.51953125 0.6875 0.0390625 0.07734375
0 0.52734375 0.94765625 0.0390625 0.08125
0 0.52734375 0.41484375 0.0390625 0.0796875
0 0.528125 0.265625 0.0375 0.07734375
0 0.53515625 0.11484375 0.0390625 0.08828125
0 0.55390625 0.5640625 0.0390625 0.07734375
0 0.55703125 0.68515625 0.0390625 0.07734375
0 0.55859375 0.95859375 0.0390625 0.07265625
0 0.56328125 0.41484375 0.0390625 0.0796875
0 0.5671875 0.265625 0.0375 0.07734375
0 0.07421875 0.55078125 0.0390625 0.0859375
0 0.57265625 0.12109375 0.0390625 0.08828125
0 0.07578125 0.40234375 0.0390625 0.0859375
0 0.58828125 0.69140625 0.0390625 0.0859375
0 0.58984375 0.565625 0.0390625 0.07734375
0 0.59140625 0.95625 0.0390625 0.07265625
0 0.60078125 0.41953125 0.0390625 0.0796875
0 0.6015625 0.26796875 0.0375 0.07734375
0 0.61171875 0.1234375 0.0390625 0.08828125
0 0.6265625 0.95234375 0.0390625 0.07265625
0 0.63828125 0.83046875 0.040625 0.090625
0 0.64140625 0.6984375 0.040625 0.07734375
0 0.64921875 0.56171875 0.04375 0.07734375
0 0.653125 0.42109375 0.0359375 0.0796875
0 0.65859375 0.27578125 0.04375 0.08828125
0 0.659375 0.95 0.0390625 0.07265625
0 0.0828125 0.6859375 0.0375 0.09296875
0 0.6703125 0.11796875 0.0390625 0.10390625
0 0.67109375 0.8328125 0.040625 0.090625
0 0.67578125 0.70234375 0.040625 0.07734375
0 0.68359375 0.559375 0.04375 0.07734375
0 0.690625 0.42578125 0.0359375 0.0796875
0 0.69140625 0.95 0.03125 0.07265625
0 0.71171875 0.70234375 0.040625 0.07734375
0 0.7109375 0.125 0.0390625 0.09453125
0 0.72109375 0.56171875 0.04375 0.07734375
0 0.7265625 0.4234375 0.0359375 0.0796875
0 0.08671875 0.82109375 0.0328125 0.09296875
0 0.72578125 0.95234375 0.03125 0.07265625
0 0.7375 0.28125 0.0421875 0.08125
0 0.74609375 0.70234375 0.040625 0.07734375
0 0.74921875 0.13203125 0.04375 0.08828125
0 0.7546875 0.5640625 0.0390625 0.090625
0 0.75546875 0.95390625 0.03125 0.07265625
0 0.7625 0.4234375 0.0359375 0.0796875
0 0.77734375 0.2734375 0.0375 0.09296875
0 0.78671875 0.13046875 0.04375 0.08828125
0 0.78671875 0.7046875 0.040625 0.07734375
0 0.7890625 0.5640625 0.0390625 0.090625
0 0.78984375 0.95234375 0.03125 0.07265625
0 0.7984375 0.4265625 0.0390625 0.08125
0 0.809375 0.28046875 0.0328125 0.075
0 0.81640625 0.7046875 0.040625 0.07734375
0 0.82265625 0.13046875 0.04375 0.08828125
0 0.0984375 0.95078125 0.0375 0.0703125
0 0.82265625 0.94765625 0.0375 0.07265625
0 0.82734375 0.5703125 0.040625 0.0859375
0 0.834375 0.42265625 0.0390625 0.08125
0 0.84453125 0.284375 0.0375 0.075
0 0.85390625 0.7015625 0.040625 0.08359375
0 0.86015625 0.13203125 0.04375 0.08828125
0 0.85703125 0.95 0.0375 0.07265625
0 0.86328125 0.5703125 0.040625 0.0859375
0 0.8734375 0.42890625 0.0390625 0.08125
0 0.87890625 0.83203125 0.0390625 0.0796875
0 0.8828125 0.28671875 0.0375 0.075
0 0.8890625 0.70078125 0.040625 0.090625
0 0.89375 0.14140625 0.04375 0.08828125
0 0.8984375 0.94296875 0.0375 0.07265625
0 0.9 0.575 0.040625 0.0859375
0 0.10625 0.24921875 0.0375 0.1015625
0 0.90859375 0.41953125 0.0390625 0.08359375
0 0.10703125 0.096875 0.0359375 0.09296875
0 0.921875 0.70234375 0.040625 0.090625
0 0.925 0.284375 0.0375 0.075
0 0.9328125 0.1390625 0.04375 0.08828125
0 0.9328125 0.5765625 0.040625 0.0859375
0 0.94140625 0.42109375 0.0390625 0.08359375
0 0.11171875 0.40234375 0.0390625 0.0859375
0 0.95625 0.28671875 0.0375 0.075
0 0.9703125 0.14140625 0.04375 0.08828125
0 0.11484375 0.5546875 0.0390625 0.0859375
0 0.02734375 0.0828125 0.0359375 0.10390625
0 0.12109375 0.6875 0.0390625 0.0859375
0 0.12421875 0.82109375 0.0390625 0.09296875
0 0.13515625 0.9484375 0.0375 0.0796875
0 0.03125 0.24609375 0.0375 0.09453125
0 0.14921875 0.2515625 0.0375 0.1015625
0 0.15625 0.40703125 0.0390625 0.0859375
0 0.1578125 0.68984375 0.0390625 0.0859375
0 0.159375 0.82109375 0.0390625 0.09296875
0 0.159375 0.5546875 0.0390625 0.0859375
0 0.17109375 0.953125 0.0375 0.0796875
0 0.19375 0.4046875 0.0390625 0.0859375
0 0.19375 0.5546875 0.0390625 0.0859375
0 0.03671875 0.40078125 0.0390625 0.0859375
0 0.19921875 0.82109375 0.040625 0.09296875
0 0.2 0.68984375 0.0390625 0.0859375
0 0.20234375 0.953125 0.0375 0.0796875
0 0.03828125 0.5484375 0.0390625 0.0859375
0 0.23125 0.5546875 0.0390625 0.0859375
0 0.234375 0.69375 0.0390625 0.0859375
0 0.234375 0.40703125 0.0390625 0.0859375
0 0.2375 0.828125 0.0359375 0.07734375
0 0.23984375 0.95078125 0.0375 0.0796875
0 0.2671875 0.5546875 0.0390625 0.0859375
0 0.2703125 0.409375 0.0390625 0.0859375
0 0.275 0.68984375 0.0390625 0.0859375
0 0.27265625 0.828125 0.034375 0.07734375
0 0.28046875 0.953125 0.0375 0.0796875
0 0.3078125 0.55234375 0.0390625 0.0859375
0 0.3078125 0.828125 0.0359375 0.07734375
0 0.3109375 0.4140625 0.0390625 0.0859375
0 0.3125 0.68984375 0.0390625 0.0859375
0 0.31484375 0.953125 0.0375 0.0796875
0 0.346875 0.828125 0.0421875 0.07734375
0 0.3484375 0.1078125 0.0421875 0.09296875
0 0.346875 0.415625 0.0390625 0.0859375
0 0.3484375 0.559375 0.0390625 0.0859375
0 0.35078125 0.953125 0.0375 0.0796875
0 0.35078125 0.68984375 0.03125 0.07734375
0 0.05078125 0.68359375 0.0328125 0.096875
0 0.38828125 0.95625 0.0390625 0.06875
0 0.05390625 0.81875 0.0328125 0.09296875
0 0.4046875 0.828125 0.040625 0.08125
0 0.40703125 0.69140625 0.0390625 0.07734375
0 0.41015625 0.54609375 0.0390625 0.0859375
1 0.91171875 0.8296875 0.0390625 0.0796875
1 0.14375 0.09296875 0.0390625 0.09296875
1 0.184375 0.096875 0.0390625 0.09296875
1 0.228125 0.10390625 0.0390625 0.09296875
1 0.2671875 0.10390625 0.0390625 0.09296875
1 0.3109375 0.10625 0.0421875 0.09296875
5 0.69921875 0.27578125 0.04375 0.08828125
5 0.18828125 0.2578125 0.0375 0.096875
5 0.22890625 0.2578125 0.0375 0.096875
5 0.26796875 0.26328125 0.0375 0.090625
5 0.309375 0.26171875 0.0390625 0.090625
5 0.3484375 0.26328125 0.0390625 0.090625
2 0.55625 0.81953125 0.040625 0.08125
2 0.70546875 0.83046875 0.040625 0.090625
2 0.73984375 0.828125 0.040625 0.090625
2 0.77265625 0.828125 0.040625 0.090625
2 0.8078125 0.83828125 0.0453125 0.0796875
2 0.84375 0.8359375 0.0390625 0.0796875