0 0.578125 0.70234375 0.075244140625 0.117333984375
0 0.57578125 0.89296875 0.0732421875 0.1080078125
0 0.60234375 0.503125 0.070361328125 0.094091796875
0 0.63671875 0.69765625 0.080029296875 0.120068359375
0 0.63515625 0.88828125 0.075 0.109375
0 0.66796875 0.10078125 0.067236328125 0.092236328125
0 0.66953125 0.503125 0.076806640625 0.099951171875
0 0.69375 0.89453125 0.0748046875 0.107470703125
0 0.69765625 0.70234375 0.070556640625 0.09375
0 0.74453125 0.8921875 0.0732421875 0.106396484375
0 0.74765625 0.70234375 0.073095703125 0.09375
0 0.7859375 0.31015625 0.075341796875 0.098291015625
0 0.7953125 0.8875 0.072265625 0.10283203125
0 0.7984375 0.6921875 0.075341796875 0.112158203125
0 0.809375 0.10078125 0.071826171875 0.095166015625
0 0.8453125 0.3125 0.078076171875 0.099951171875
0 0.85234375 0.88046875 0.075 0.10439453125
0 0.8578125 0.49765625 0.069091796875 0.1048828125
0 0.86640625 0.6875 0.076806640625 0.112353515625
0 0.87890625 0.10078125 0.069970703125 0.092431640625
0 0.9109375 0.3078125 0.068896484375 0.093701171875
0 0.9140625 0.86953125 0.066015625 0.098583984375
0 0.915625 0.70078125 0.065478515625 0.092529296875
0 0.92109375 0.49765625 0.076806640625 0.1107421875
0 0.9359375 0.10078125 0.07802734375 0.09853515625
0 0.1734375 0.07578125 0.069091796875 0.092431640625
0 0.17734375 0.29921875 0.07001953125 0.09248046875
0 0.1796875 0.715625 0.066015625 0.09970703125
0 0.1859375 0.503125 0.071826171875 0.094091796875
0 0.1953125 0.903125 0.065673828125 0.093603515625
0 0.234375 0.08046875 0.078076171875 0.098486328125
0 0.24296875 0.715625 0.07353515625 0.1001953125
0 0.24921875 0.30078125 0.070556640625 0.095361328125
0 0.2515625 0.503125 0.077880859375 0.099755859375
0 0.25703125 0.89921875 0.06123046875 0.09208984375
0 0.30625 0.08515625 0.078076171875 0.098486328125
0 0.30859375 0.29921875 0.07041015625 0.09501953125
0 0.31171875 0.7 0.07373046875 0.099609375
0 0.3203125 0.89296875 0.065673828125 0.1080078125
0 0.37265625 0.71171875 0.070263671875 0.0953125
0 0.37578125 0.3078125 0.076416015625 0.099755859375
0 0.37734375 0.9 0.064013671875 0.10927734375
0 0.38671875 0.08046875 0.073095703125 0.095361328125
0 0.43984375 0.30078125 0.073681640625 0.098095703125
0 0.446875 0.715625 0.075048828125 0.09970703125
0 0.45859375 0.50546875 0.073291015625 0.095556640625
0 0.4609375 0.08515625 0.074755859375 0.095556640625
0 0.5046875 0.30546875 0.071826171875 0.094970703125
0 0.52265625 0.7046875 0.079833984375 0.10322265625
0 0.52578125 0.0875 0.07626953125 0.09970703125
0 0.52578125 0.5078125 0.069970703125 0.093896484375
3 0.6125 0.303125 0.077880859375 0.099755859375
3 0.671875 0.30546875 0.078076171875 0.098486328125
3 0.73515625 0.096875 0.079345703125 0.100146484375
6 0.32578125 0.50078125 0.073486328125 0.098095703125
6 0.3953125 0.50078125 0.078076171875 0.098486328125
9 0.72890625 0.503125 0.07353515625 0.09697265625
9 0.79453125 0.503125 0.070361328125 0.094091796875
10 0.459375 0.903125 0.074609375 0.102783203125
10 0.51484375 0.89921875 0.0673828125 0.098779296875