0 0.46015625 0.82265625 0.0734375 0.15234375
0 0.53828125 0.82734375 0.0734375 0.15234375
0 0.61484375 0.82734375 0.0734375 0.15234375
0 0.7578125 0.5140625 0.0734375 0.15234375
0 0.79375 0.18671875 0.08125 0.15234375
0 0.8296875 0.521875 0.0734375 0.15234375
0 0.8328125 0.82578125 0.0734375 0.175
0 0.87734375 0.18671875 0.08125 0.15234375
0 0.903125 0.521875 0.0734375 0.15234375
0 0.9078125 0.82578125 0.0734375 0.175
0 0.94375 0.18671875 0.08125 0.15234375
0 0.140625 0.14375 0.08125 0.15234375
0 0.14296875 0.82265625 0.0734375 0.15234375
0 0.15078125 0.5046875 0.08125 0.15234375
0 0.21875 0.1515625 0.08125 0.15234375
0 0.0640625 0.1515625 0.08125 0.15234375
0 0.29375 0.496875 0.08125 0.15234375
0 0.30234375 0.16171875 0.08125 0.15234375
0 0.07265625 0.496875 0.08125 0.15234375
0 0.3625 0.5015625 0.08125 0.15234375
0 0.3796875 0.82734375 0.0734375 0.15234375
0 0.39375 0.1640625 0.08125 0.15234375
0 0.075 0.82265625 0.0734375 0.15234375
0 0.45546875 0.17109375 0.08125 0.15234375
3 0.55078125 0.5171875 0.08125 0.15234375
3 0.63203125 0.1765625 0.08125 0.15234375
3 0.63203125 0.51171875 0.08125 0.15234375
3 0.70390625 0.18359375 0.08125 0.15234375
3 0.22578125 0.5015625 0.08125 0.15234375
3 0.4375 0.50703125 0.08125 0.15234375
6 0.23125 0.82265625 0.0734375 0.15234375
6 0.30625 0.825 0.0734375 0.15234375
9 0.69296875 0.83203125 0.0734375 0.15234375
9 0.759375 0.8296875 0.0734375 0.15234375