0 0.68359375 0.8484375 0.1109375 0.1796875
0 0.6921875 0.53359375 0.1109375 0.1796875
0 0.78984375 0.84375 0.1109375 0.1796875
0 0.8015625 0.528125 0.1109375 0.1796875
0 0.8984375 0.8515625 0.1109375 0.1796875
0 0.9078125 0.52578125 0.1109375 0.1796875
0 0.91171875 0.2 0.10859375 0.18984375
0 0.05703125 0.19609375 0.0953125 0.21796875
0 0.1578125 0.19140625 0.1015625 0.20234375
0 0.16640625 0.84140625 0.1109375 0.1796875
0 0.16875 0.53046875 0.1109375 0.1796875
0 0.07421875 0.84609375 0.1109375 0.1796875
0 0.07421875 0.52578125 0.1109375 0.1796875
0 0.259375 0.19140625 0.1015625 0.21796875
0 0.26640625 0.84375 0.1109375 0.1796875
0 0.27109375 0.52578125 0.1109375 0.1796875
0 0.3703125 0.84609375 0.1109375 0.1796875
0 0.3703125 0.18828125 0.1015625 0.21796875
0 0.3796875 0.5234375 0.1109375 0.1796875
0 0.4796875 0.53046875 0.1109375 0.1796875
0 0.48671875 0.84375 0.1109375 0.1796875
0 0.57890625 0.84375 0.1109375 0.1796875
0 0.58828125 0.53046875 0.1109375 0.1796875
5 0.6890625 0.20546875 0.10859375 0.18984375
5 0.80234375 0.2078125 0.10859375 0.18984375
5 0.47109375 0.2015625 0.10390625 0.1875
5 0.5828125 0.20234375 0.10859375 0.19453125