0 0.06953125 0.78984375 0.07333984375 0.1859375
0 0.4328125 0.55390625 0.093408203125 0.1830078125
0 0.453125 0.81796875 0.07490234375 0.17646484375
0 0.50078125 0.55703125 0.082958984375 0.18125
0 0.5078125 0.21953125 0.087451171875 0.2173828125
0 0.5640625 0.55703125 0.07841796875 0.1798828125
0 0.57734375 0.240625 0.070361328125 0.19375
0 0.5765625 0.84453125 0.074658203125 0.1703125
0 0.62890625 0.56484375 0.09501953125 0.184375
0 0.63828125 0.85234375 0.070458984375 0.1701171875
0 0.64609375 0.2421875 0.09853515625 0.196875
0 0.7015625 0.8625 0.081298828125 0.17216796875
0 0.715625 0.25 0.087548828125 0.1939453125
0 0.1046875 0.215625 0.074951171875 0.181396484375
0 0.76953125 0.8484375 0.09228515625 0.190625
0 0.7859375 0.246875 0.08759765625 0.1939453125
0 0.8125 0.58046875 0.072119140625 0.178125
0 0.840625 0.85078125 0.09365234375 0.1919921875
0 0.85234375 0.25234375 0.08583984375 0.19375
0 0.90078125 0.86640625 0.098193359375 0.1921875
0 0.928125 0.2546875 0.09384765625 0.1966796875
0 0.1421875 0.79609375 0.06533203125 0.1705078125
0 0.16640625 0.215625 0.07646484375 0.18154296875
0 0.19609375 0.8 0.07978515625 0.19072265625
0 0.234375 0.215625 0.093701171875 0.187255859375
0 0.265625 0.80546875 0.093896484375 0.195068359375
0 0.3296875 0.82890625 0.084423828125 0.161279296875
0 0.39296875 0.8234375 0.085693359375 0.177783203125
1 0.43828125 0.22890625 0.089111328125 0.185791015625
1 0.03984375 0.21015625 0.073291015625 0.179931640625
1 0.30390625 0.21796875 0.07646484375 0.18251953125
1 0.3703125 0.2234375 0.08759765625 0.18466796875
5 0.690625 0.5671875 0.077978515625 0.178515625
5 0.74921875 0.58046875 0.082958984375 0.18125
5 0.11015625 0.50703125 0.08291015625 0.1859375
5 0.8796875 0.575 0.078271484375 0.18466796875
5 0.0484375 0.51484375 0.081494140625 0.1859375
5 0.171875 0.53046875 0.087353515625 0.1875
5 0.23828125 0.54140625 0.07646484375 0.1830078125
5 0.3 0.5359375 0.087353515625 0.18779296875
5 0.36953125 0.54609375 0.079443359375 0.1798828125