0 0.04765625 0.21328125 0.0953125 0.1828125
0 0.65390625 0.821875 0.09609375 0.18984375
0 0.6625 0.5375 0.09609375 0.17265625
0 0.6671875 0.2171875 0.09609375 0.18203125
0 0.75234375 0.8171875 0.09609375 0.18984375
0 0.7609375 0.53984375 0.09609375 0.17265625
0 0.771875 0.196875 0.09609375 0.18203125
0 0.84453125 0.8171875 0.09609375 0.18984375
0 0.86328125 0.53515625 0.09609375 0.17265625
0 0.86796875 0.19453125 0.09609375 0.18203125
0 0.14609375 0.21171875 0.09609375 0.18203125
0 0.1609375 0.525 0.09609375 0.18203125
0 0.1671875 0.8328125 0.09609375 0.17265625
0 0.06328125 0.52265625 0.09609375 0.18203125
0 0.06484375 0.83046875 0.09609375 0.17265625
0 0.24453125 0.21171875 0.09609375 0.18203125
0 0.2546875 0.5296875 0.09609375 0.18203125
0 0.26171875 0.8328125 0.09609375 0.17265625
0 0.35546875 0.2171875 0.09609375 0.18203125
0 0.3640625 0.83046875 0.09609375 0.17265625
0 0.36171875 0.52265625 0.09140625 0.20234375
0 0.45390625 0.2265625 0.09609375 0.18203125
0 0.46640625 0.82578125 0.09609375 0.17265625
0 0.4640625 0.5203125 0.09140625 0.20234375
0 0.56015625 0.53203125 0.09609375 0.17265625
0 0.5625 0.8328125 0.09609375 0.17265625
0 0.56484375 0.221875 0.09609375 0.18203125