0 0.48515625 0.14140625 0.07109375 0.15078125
0 0.48828125 0.81328125 0.06796875 0.1375
0 0.54375 0.81328125 0.06796875 0.1375
0 0.553125 0.1390625 0.07109375 0.15078125
0 0.57265625 0.49453125 0.06796875 0.15390625
0 0.61015625 0.815625 0.06796875 0.1375
0 0.615625 0.146875 0.07109375 0.15078125
0 0.6328125 0.503125 0.06796875 0.15390625
0 0.67421875 0.14453125 0.07109375 0.15078125
0 0.69375 0.49453125 0.06796875 0.15390625
0 0.103125 0.125 0.07109375 0.15078125
0 0.73828125 0.15 0.07109375 0.15078125
0 0.75625 0.496875 0.06796875 0.15390625
0 0.04296875 0.1234375 0.07109375 0.18671875
0 0.80390625 0.146875 0.07109375 0.15078125
0 0.81640625 0.49453125 0.06796875 0.15390625
0 0.84453125 0.81015625 0.0625 0.1484375
0 0.8703125 0.49140625 0.06796875 0.15390625
0 0.87578125 0.13984375 0.07109375 0.16484375
0 0.90078125 0.82421875 0.0640625 0.1375
0 0.9359375 0.1390625 0.06796875 0.1734375
0 0.94375 0.4890625 0.06796875 0.15390625
0 0.125 0.82109375 0.06796875 0.15390625
0 0.1515625 0.4890625 0.06796875 0.15390625
0 0.1625 0.1390625 0.07109375 0.15078125
0 0.18515625 0.83203125 0.06796875 0.15390625
0 0.23359375 0.1390625 0.07109375 0.15078125
0 0.24765625 0.8265625 0.06796875 0.15390625
0 0.29921875 0.1390625 0.07109375 0.15078125
0 0.31171875 0.82109375 0.06796875 0.15390625
0 0.0640625 0.81328125 0.06796875 0.15390625
0 0.3671875 0.1390625 0.07109375 0.15078125
0 0.3671875 0.8265625 0.06796875 0.1375
0 0.4265625 0.14140625 0.07109375 0.15078125
0 0.4265625 0.81875 0.06796875 0.1375
4 0.66875 0.815625 0.06796875 0.1375
4 0.72734375 0.82421875 0.06796875 0.1375
4 0.78671875 0.82421875 0.06796875 0.1375
8 0.078125 0.4671875 0.06796875 0.15390625
8 0.51015625 0.4890625 0.06796875 0.15390625
8 0.203125 0.48359375 0.06796875 0.15390625
8 0.2640625 0.49453125 0.06796875 0.15390625
8 0.328125 0.49140625 0.06796875 0.15390625
8 0.38515625 0.49453125 0.06796875 0.15390625
8 0.44921875 0.4890625 0.06796875 0.15390625