0 0.53125 0.51953125 0.12734375 0.2296875
0 0.53203125 0.86171875 0.121875 0.21875
0 0.55390625 0.2171875 0.109375 0.20625
0 0.6265625 0.51640625 0.096875 0.21875
0 0.65 0.859375 0.121875 0.21875
0 0.67578125 0.22109375 0.109375 0.20625
0 0.7140625 0.51640625 0.096875 0.21875
0 0.76953125 0.859375 0.121875 0.21875
0 0.78359375 0.22734375 0.109375 0.20625
0 0.7984375 0.51640625 0.096875 0.21875
0 0.8796875 0.8515625 0.10234375 0.21875
0 0.88828125 0.51640625 0.096875 0.21875
0 0.88984375 0.221875 0.09296875 0.18828125
0 0.184375 0.86953125 0.121875 0.21875
0 0.18203125 0.5234375 0.109375 0.2296875
0 0.190625 0.19609375 0.109375 0.20625
0 0.28828125 0.86328125 0.121875 0.21875
0 0.29375 0.5171875 0.11796875 0.2296875
0 0.30546875 0.1984375 0.109375 0.20625
0 0.41015625 0.865625 0.121875 0.21875
0 0.41640625 0.51953125 0.12734375 0.2296875
0 0.425 0.2109375 0.109375 0.20625