0 0.4875 0.8109375 0.08828125 0.18828125
0 0.490625 0.19921875 0.09375 0.18359375
0 0.09140625 0.51328125 0.09375 0.18359375
0 0.09296875 0.8140625 0.09375 0.1984375
0 0.58046875 0.19921875 0.09375 0.18359375
0 0.5828125 0.5171875 0.09375 0.18359375
0 0.5859375 0.82421875 0.09765625 0.17734375
0 0.6765625 0.515625 0.09375 0.18359375
0 0.68359375 0.8265625 0.09765625 0.17734375
0 0.690625 0.19765625 0.09375 0.18359375
0 0.771875 0.50234375 0.09375 0.1984375
0 0.77890625 0.82421875 0.09765625 0.17734375
0 0.78828125 0.20546875 0.09375 0.18359375
0 0.87109375 0.81640625 0.09765625 0.17734375
0 0.87109375 0.50234375 0.09375 0.1984375
0 0.88046875 0.19765625 0.09375 0.18359375
0 0.18203125 0.51171875 0.09375 0.18359375
0 0.19609375 0.81796875 0.09375 0.1984375
0 0.28125 0.51328125 0.09375 0.18359375
0 0.28984375 0.82578125 0.09375 0.18359375
0 0.3765625 0.5171875 0.09375 0.18359375
0 0.38984375 0.81484375 0.08828125 0.18828125
0 0.47578125 0.515625 0.09375 0.18359375
5 0.18515625 0.1890625 0.1046875 0.171875
5 0.28671875 0.19765625 0.1046875 0.171875
5 0.07734375 0.19140625 0.1046875 0.171875
5 0.396875 0.1859375 0.09921875 0.1984375