0 0.775 0.665625 0.08203125 0.08671875
0 0.77734375 0.94921875 0.0765625 0.084375
0 0.78046875 0.20234375 0.08203125 0.08671875
0 0.79609375 0.51015625 0.08515625 0.08671875
0 0.79296875 0.8078125 0.0734375 0.09921875
0 0.8515625 0.665625 0.08203125 0.08671875
0 0.8484375 0.9515625 0.0765625 0.084375
0 0.8625 0.20234375 0.08203125 0.08671875
0 0.8640625 0.81171875 0.0796875 0.09921875
0 0.8671875 0.51015625 0.08515625 0.08671875
0 0.86953125 0.35234375 0.0796875 0.1015625
0 0.91953125 0.665625 0.08203125 0.08671875
0 0.91953125 0.953125 0.0765625 0.084375
0 0.9265625 0.81640625 0.06796875 0.09921875
0 0.92890625 0.5125 0.0734375 0.08671875
0 0.93046875 0.20234375 0.07109375 0.08671875
0 0.9375 0.35234375 0.0625 0.1015625
0 0.16015625 0.19609375 0.08203125 0.08671875
0 0.16015625 0.3578125 0.0765625 0.08671875
0 0.165625 0.671875 0.08203125 0.08671875
0 0.16171875 0.51640625 0.0734375 0.08671875
0 0.16875 0.81796875 0.08203125 0.08671875
0 0.16171875 0.9578125 0.06796875 0.0640625
0 0.23671875 0.1984375 0.08203125 0.08671875
0 0.24765625 0.671875 0.08203125 0.08671875
0 0.240625 0.94765625 0.06796875 0.0640625
0 0.24921875 0.51875 0.08515625 0.08671875
0 0.25078125 0.8203125 0.08203125 0.08671875
0 0.31328125 0.19609375 0.08203125 0.08671875
0 0.321875 0.353125 0.08203125 0.0828125
0 0.321875 0.9546875 0.0765625 0.07421875
0 0.3296875 0.81328125 0.08203125 0.096875
0 0.075 0.19609375 0.08203125 0.08671875
0 0.38984375 0.19453125 0.08203125 0.103125
0 0.3953125 0.95625 0.0765625 0.07421875
0 0.39765625 0.353125 0.08203125 0.103125
0 0.4109375 0.82265625 0.08515625 0.0828125
0 0.075 0.3578125 0.0765625 0.08671875
0 0.465625 0.96328125 0.0765625 0.071875
0 0.471875 0.1921875 0.08203125 0.103125
0 0.47421875 0.3515625 0.08203125 0.103125
0 0.47734375 0.671875 0.08203125 0.08671875
0 0.4875 0.81796875 0.08515625 0.0828125
0 0.08671875 0.82265625 0.08203125 0.08671875
0 0.0890625 0.66953125 0.08203125 0.08671875
0 0.55078125 0.19609375 0.08203125 0.103125
0 0.55390625 0.35859375 0.08203125 0.09296875
0 0.55546875 0.51484375 0.08515625 0.08671875
0 0.08515625 0.959375 0.06796875 0.0640625
0 0.5640625 0.8140625 0.08515625 0.09921875
0 0.090625 0.51484375 0.0734375 0.08671875
0 0.625 0.19609375 0.08203125 0.103125
0 0.6390625 0.3625 0.08203125 0.09296875
0 0.64296875 0.81796875 0.08515625 0.08671875
0 0.70078125 0.1984375 0.08203125 0.08671875
0 0.70078125 0.953125 0.0765625 0.084375
0 0.709375 0.36015625 0.08203125 0.09296875
0 0.725 0.81640625 0.08515625 0.08671875
3 0.32734375 0.66953125 0.08203125 0.08671875
3 0.33125 0.51875 0.08515625 0.08671875
3 0.40078125 0.671875 0.08203125 0.08671875
3 0.4078125 0.51640625 0.08515625 0.08671875
3 0.484375 0.51484375 0.08515625 0.08671875
3 0.55390625 0.6671875 0.08203125 0.08671875
3 0.621875 0.6671875 0.08203125 0.08671875
3 0.63984375 0.51484375 0.08515625 0.08671875
3 0.70390625 0.6671875 0.08203125 0.08671875
3 0.71953125 0.51484375 0.08515625 0.08671875
6 0.23671875 0.35546875 0.0765625 0.08671875
9 0.7859375 0.3625 0.08203125 0.09296875
10 0.5453125 0.95859375 0.0765625 0.07421875
10 0.61640625 0.95859375 0.0765625 0.07421875