0 0.578125 0.24296875 0.09375 0.17578125
0 0.65703125 0.54453125 0.1015625 0.178125
0 0.66328125 0.84375 0.09765625 0.18046875
0 0.68203125 0.24609375 0.1015625 0.178125
0 0.75625 0.84140625 0.09765625 0.18046875
0 0.7625 0.528125 0.1015625 0.178125
0 0.7859375 0.24609375 0.1015625 0.178125
0 0.85390625 0.5328125 0.1015625 0.178125
0 0.85625 0.85078125 0.09765625 0.18046875
0 0.87734375 0.24609375 0.1015625 0.178125
0 0.17578125 0.53515625 0.1015625 0.178125
0 0.1796875 0.83828125 0.1015625 0.178125
0 0.26875 0.5375 0.1015625 0.178125
0 0.27890625 0.840625 0.1015625 0.178125
0 0.078125 0.84296875 0.1015625 0.178125
0 0.0796875 0.53046875 0.1015625 0.178125
0 0.36875 0.5421875 0.1015625 0.178125
0 0.3765625 0.83359375 0.08125 0.196875
0 0.4703125 0.546875 0.1015625 0.178125
0 0.4703125 0.82890625 0.08125 0.196875
0 0.48125 0.23203125 0.0953125 0.1828125
0 0.56328125 0.84609375 0.09765625 0.18046875
0 0.56796875 0.5515625 0.1015625 0.178125
5 0.1796875 0.22734375 0.10625 0.16875
5 0.06953125 0.22734375 0.10625 0.16875
5 0.28515625 0.23671875 0.10625 0.16875
5 0.3859375 0.225 0.0953125 0.1875