0 0.575 0.54921875 0.09765625 0.17734375
0 0.58046875 0.2234375 0.09765625 0.190625
0 0.67890625 0.53125 0.09765625 0.19921875
0 0.684375 0.22109375 0.09765625 0.190625
0 0.7609375 0.83046875 0.09765625 0.17734375
0 0.778125 0.53359375 0.09765625 0.19921875
0 0.7796875 0.2171875 0.09765625 0.190625
0 0.86875 0.5296875 0.09765625 0.19921875
0 0.8875 0.21484375 0.09765625 0.190625
0 0.1609375 0.228125 0.103125 0.190625
0 0.1765625 0.546875 0.09765625 0.17734375
0 0.184375 0.83359375 0.09765625 0.18828125
0 0.25625 0.228125 0.103125 0.190625
0 0.2703125 0.54296875 0.09765625 0.17734375
0 0.05390625 0.228125 0.103125 0.190625
0 0.075 0.54296875 0.09765625 0.17734375
0 0.37109375 0.2140625 0.0921875 0.21484375
0 0.37578125 0.54296875 0.09765625 0.17734375
0 0.47109375 0.209375 0.0921875 0.21484375
0 0.47734375 0.54921875 0.09765625 0.17734375
0 0.09375 0.8359375 0.09765625 0.18828125
1 0.859375 0.82578125 0.09765625 0.17734375
2 0.56953125 0.83828125 0.09765625 0.18828125
2 0.67265625 0.83359375 0.09765625 0.18828125
2 0.2765625 0.8296875 0.09765625 0.18828125
2 0.378125 0.82734375 0.09765625 0.18828125
2 0.4703125 0.82265625 0.09765625 0.18828125