0 0.5375 0.84765625 0.07109375 0.128125
0 0.5375 0.6203125 0.07109375 0.13984375
0 0.5625 0.38125 0.06953125 0.1234375
0 0.56875 0.11640625 0.0671875 0.13515625
0 0.59609375 0.840625 0.07109375 0.128125
0 0.6 0.615625 0.07109375 0.13984375
0 0.6234375 0.38125 0.053125 0.1234375
0 0.64296875 0.11640625 0.0671875 0.13515625
0 0.6515625 0.846875 0.065625 0.12109375
0 0.65859375 0.61953125 0.065625 0.1140625
0 0.70390625 0.846875 0.065625 0.12109375
0 0.72265625 0.61953125 0.065625 0.1140625
0 0.109375 0.11171875 0.0765625 0.13515625
0 0.7640625 0.84453125 0.065625 0.12109375
0 0.765625 0.11640625 0.0671875 0.13515625
0 0.775 0.61328125 0.06953125 0.12578125
0 0.82421875 0.84453125 0.065625 0.12109375
0 0.82890625 0.11640625 0.06015625 0.13515625
0 0.840625 0.6109375 0.06953125 0.12578125
0 0.83984375 0.36875 0.0640625 0.13046875
0 0.87890625 0.8328125 0.065625 0.12109375
0 0.89609375 0.11640625 0.075 0.13515625
0 0.89140625 0.61796875 0.065625 0.11640625
0 0.909375 0.36875 0.0640625 0.13046875
0 0.12265625 0.38125 0.0671875 0.1234375
0 0.1265625 0.625 0.0640625 0.12109375
0 0.14921875 0.85390625 0.065625 0.11640625
0 0.1765625 0.109375 0.0765625 0.13515625
0 0.1921875 0.38125 0.07109375 0.1234375
0 0.19375 0.6203125 0.0640625 0.12109375
0 0.2109375 0.85859375 0.065625 0.10703125
0 0.253125 0.61015625 0.07265625 0.128125
0 0.271875 0.84765625 0.07109375 0.1234375
0 0.31640625 0.109375 0.0765625 0.13515625
0 0.325 0.62265625 0.07109375 0.12109375
0 0.33359375 0.85 0.07109375 0.1234375
0 0.3890625 0.1140625 0.0765625 0.13515625
0 0.403125 0.62265625 0.07109375 0.12109375
0 0.4109375 0.38125 0.065625 0.1234375
0 0.45625 0.1140625 0.05625 0.13515625
0 0.4859375 0.38125 0.08359375 0.1234375
0 0.4828125 0.6203125 0.07109375 0.12109375
3 0.25078125 0.1140625 0.0765625 0.13515625
6 0.26640625 0.38125 0.078125 0.1234375
6 0.3421875 0.38125 0.07265625 0.1234375
9 0.696875 0.38125 0.05859375 0.1234375
9 0.7671875 0.3765625 0.08203125 0.1140625
10 0.42109375 0.8546875 0.07109375 0.1140625
10 0.471875 0.85 0.07109375 0.1140625