0 0.68671875 0.8484375 0.120654296875 0.2033203125
0 0.784375 0.85390625 0.127783203125 0.20625
0 0.0609375 0.84296875 0.115283203125 0.2013671875
0 0.05 0.17421875 0.087841796875 0.223388671875
0 0.8875 0.85625 0.109033203125 0.1970703125
0 0.90703125 0.19296875 0.1205078125 0.210888671875
0 0.15078125 0.16953125 0.1171875 0.223779296875
0 0.146875 0.5078125 0.11220703125 0.212158203125
0 0.05703125 0.5125 0.101220703125 0.209228515625
0 0.1609375 0.84296875 0.127783203125 0.20625
0 0.24765625 0.5078125 0.103125 0.209228515625
0 0.2578125 0.19296875 0.127734375 0.21396484375
0 0.26640625 0.840625 0.117138671875 0.200390625
0 0.35703125 0.83828125 0.111279296875 0.1986328125
0 0.35703125 0.5125 0.103125 0.209228515625
0 0.47890625 0.84296875 0.117138671875 0.2015625
0 0.57890625 0.84609375 0.11083984375 0.1984375
1 0.67578125 0.19296875 0.1236328125 0.21123046875
1 0.78359375 0.18515625 0.115625 0.207958984375
1 0.35625 0.19765625 0.13740234375 0.217529296875
1 0.465625 0.1953125 0.13740234375 0.218408203125
1 0.5640625 0.18984375 0.12470703125 0.211083984375
5 0.67734375 0.53125 0.129638671875 0.20625
5 0.79140625 0.52578125 0.110888671875 0.1984375
5 0.9015625 0.52890625 0.11845703125 0.2017578125
5 0.46015625 0.51796875 0.114404296875 0.2013671875
5 0.56953125 0.52578125 0.126513671875 0.2048828125