0 0.47734375 0.36875 0.07890625 0.12578125
0 0.08125 0.621875 0.075 0.11953125
0 0.5265625 0.853125 0.06796875 0.128125
0 0.53515625 0.61484375 0.075 0.134375
0 0.56328125 0.375 0.07890625 0.12578125
0 0.590625 0.853125 0.06796875 0.128125
0 0.59765625 0.61640625 0.075 0.134375
0 0.62734375 0.375 0.07890625 0.12578125
0 0.65703125 0.85625 0.06796875 0.121875
0 0.6671875 0.625 0.0625 0.109375
0 0.71875 0.85 0.06796875 0.121875
0 0.7265625 0.625 0.0625 0.109375
0 0.10546875 0.853125 0.06796875 0.12421875
0 0.778125 0.85234375 0.06796875 0.11796875
0 0.79140625 0.1046875 0.07890625 0.12578125
0 0.7953125 0.61328125 0.06796875 0.12421875
0 0.83515625 0.85 0.06796875 0.11796875
0 0.86015625 0.609375 0.06796875 0.12421875
0 0.86484375 0.365625 0.07890625 0.13671875
0 0.8671875 0.1046875 0.07890625 0.12578125
0 0.9015625 0.83984375 0.06796875 0.11796875
0 0.92109375 0.621875 0.06796875 0.12421875
0 0.93125 0.10859375 0.07890625 0.12578125
0 0.93828125 0.365625 0.07890625 0.13671875
0 0.1390625 0.0875 0.07890625 0.12578125
0 0.14765625 0.3625 0.07890625 0.12578125
0 0.15078125 0.621875 0.075 0.11953125
0 0.17578125 0.86484375 0.06796875 0.10546875
0 0.20859375 0.0859375 0.07890625 0.12578125
0 0.22265625 0.60625 0.075 0.13828125
0 0.05859375 0.08984375 0.07890625 0.12578125
0 0.2328125 0.846875 0.06796875 0.128125
0 0.2890625 0.09375 0.07890625 0.12578125
0 0.29453125 0.62421875 0.075 0.11953125
0 0.30625 0.853125 0.06796875 0.128125
0 0.3671875 0.0921875 0.07890625 0.12578125
0 0.38125 0.61953125 0.075 0.11953125
0 0.38671875 0.37265625 0.07890625 0.12578125
0 0.07421875 0.36484375 0.07890625 0.12578125
0 0.44609375 0.09375 0.07890625 0.12578125
0 0.4671875 0.61953125 0.075 0.11953125
3 0.571875 0.0984375 0.07890625 0.12578125
3 0.6484375 0.1 0.07890625 0.12578125
6 0.23125 0.36484375 0.07890625 0.12578125
6 0.31875 0.36640625 0.07890625 0.12578125
9 0.71328125 0.37890625 0.07890625 0.12578125
9 0.78515625 0.37109375 0.07890625 0.12578125
10 0.39375 0.8578125 0.06796875 0.11953125
10 0.465625 0.8515625 0.06796875 0.11953125