0 0.4265625 0.31015625 0.093603515625 0.195068359375
0 0.48671875 0.31328125 0.080029296875 0.191943359375
0 0.5484375 0.31640625 0.078173828125 0.189404296875
0 0.57265625 0.74921875 0.076611328125 0.188818359375
0 0.61015625 0.31953125 0.089013671875 0.192529296875
0 0.6359375 0.75859375 0.06865234375 0.18583984375
0 0.675 0.32265625 0.08408203125 0.19208984375
0 0.69609375 0.75234375 0.070361328125 0.186083984375
0 0.10546875 0.30703125 0.089013671875 0.192529296875
0 0.73671875 0.31953125 0.080029296875 0.191943359375
0 0.753125 0.75546875 0.084130859375 0.189208984375
0 0.7984375 0.328125 0.080908203125 0.190478515625
0 0.81484375 0.75546875 0.070361328125 0.186083984375
0 0.86953125 0.30703125 0.079833984375 0.209375
0 0.9234375 0.31328125 0.08134765625 0.209375
0 0.92890625 0.74921875 0.073486328125 0.186279296875
0 0.046875 0.28359375 0.09375 0.2203125
0 0.1703125 0.30703125 0.084033203125 0.192138671875
0 0.23671875 0.31328125 0.076513671875 0.189208984375
0 0.303125 0.31640625 0.087158203125 0.192333984375
0 0.37109375 0.30390625 0.095458984375 0.195263671875
8 0.45078125 0.75234375 0.085791015625 0.189404296875
8 0.07890625 0.73828125 0.098486328125 0.2236328125
8 0.5125 0.74609375 0.069091796875 0.185888671875
8 0.8765625 0.74921875 0.090380859375 0.191943359375
8 0.1453125 0.75390625 0.093896484375 0.207568359375
8 0.20859375 0.75390625 0.092041015625 0.205029296875
8 0.26875 0.76328125 0.084130859375 0.204443359375
8 0.33671875 0.75078125 0.082666015625 0.204443359375
8 0.3921875 0.75859375 0.072216796875 0.186279296875