0 0.16875 0.26328125 0.1126953125 0.126806640625
0 0.190625 0.43828125 0.1216796875 0.111083984375
0 0.190625 0.60625 0.121875 0.11220703125
0 0.06953125 0.26015625 0.1232421875 0.12060546875
0 0.2078125 0.76015625 0.112353515625 0.110693359375
0 0.22890625 0.91796875 0.1203125 0.11708984375
0 0.2640625 0.07421875 0.1248046875 0.12353515625
0 0.26796875 0.26015625 0.1171875 0.129931640625
0 0.28984375 0.4359375 0.1203125 0.109423828125
0 0.28984375 0.6109375 0.1125 0.100048828125
0 0.315625 0.76640625 0.14052734375 0.1125
0 0.33046875 0.91953125 0.1169921875 0.1294921875
0 0.08671875 0.60859375 0.1142578125 0.104443359375
0 0.3890625 0.26015625 0.1189453125 0.132861328125
0 0.39765625 0.44140625 0.11875 0.107958984375
0 0.40234375 0.61640625 0.1138671875 0.10166015625
0 0.090625 0.4359375 0.112890625 0.102783203125
0 0.4234375 0.7640625 0.13408203125 0.10341796875
0 0.42578125 0.91953125 0.1173828125 0.1298828125
0 0.49765625 0.6140625 0.1138671875 0.10029296875
0 0.5015625 0.44140625 0.115234375 0.101904296875
0 0.52109375 0.91171875 0.1125 0.1263671875
0 0.53203125 0.7640625 0.121875 0.10908203125
0 0.60078125 0.44921875 0.11875 0.107958984375
0 0.60078125 0.6140625 0.1140625 0.102783203125
0 0.6140625 0.775 0.121484375 0.10927734375
0 0.61875 0.925 0.119140625 0.119091796875
0 0.70078125 0.44921875 0.1201171875 0.108154296875
0 0.709375 0.771875 0.1220703125 0.112109375
0 0.709375 0.925 0.1220703125 0.122021484375
0 0.71328125 0.6140625 0.1169921875 0.10595703125
0 0.8046875 0.91953125 0.1154296875 0.113916015625
0 0.8046875 0.61640625 0.11875 0.107958984375
0 0.81328125 0.775 0.1173828125 0.10615234375
0 0.81328125 0.2765625 0.1169921875 0.105908203125
0 0.8171875 0.446875 0.1158203125 0.105908203125
0 0.134375 0.92109375 0.118359375 0.110693359375
0 0.90390625 0.9171875 0.1234375 0.12216796875
0 0.90390625 0.090625 0.1232421875 0.122021484375
0 0.90390625 0.446875 0.1138671875 0.100244140625
0 0.90390625 0.61953125 0.1171875 0.107568359375
0 0.9125 0.76953125 0.119140625 0.1078125
0 0.13203125 0.76015625 0.0734375 0.10146484375
0 0.0578125 0.0671875 0.1125 0.134375
0 0.15546875 0.07734375 0.1140625 0.129345703125
1 0.371875 0.0796875 0.124609375 0.122216796875
1 0.4796875 0.08515625 0.115234375 0.113720703125
1 0.58359375 0.090625 0.1232421875 0.122021484375
1 0.6921875 0.08203125 0.1220703125 0.120556640625
1 0.8046875 0.0875 0.122265625 0.122216796875
5 0.484375 0.265625 0.115625 0.103173828125
5 0.60078125 0.26875 0.1140625 0.102783203125
5 0.7046875 0.27109375 0.1216796875 0.111083984375
5 0.89921875 0.28203125 0.1203125 0.110693359375