0 0.4796875 0.31328125 0.100244140625 0.235791015625
0 0.5625 0.3328125 0.103125 0.23466796875
0 0.63671875 0.3234375 0.0890625 0.231201171875
0 0.7984375 0.79765625 0.090234375 0.2265625
0 0.86875 0.80703125 0.087890625 0.2265625
0 0.8765625 0.31484375 0.11552734375 0.276416015625
0 0.93984375 0.80703125 0.0890625 0.2265625
0 0.94921875 0.31484375 0.096875 0.270556640625
0 0.15546875 0.78203125 0.1142578125 0.2330078125
0 0.228125 0.30546875 0.087841796875 0.235791015625
0 0.234375 0.78515625 0.1029296875 0.23125
0 0.04609375 0.30234375 0.0890625 0.245361328125
0 0.3171875 0.28984375 0.087451171875 0.254345703125
0 0.0734375 0.78203125 0.0908203125 0.2267578125
0 0.403125 0.28984375 0.09072265625 0.25458984375
3 0.48046875 0.78515625 0.0923828125 0.228125
3 0.5578125 0.78828125 0.1033203125 0.23125
3 0.63671875 0.79453125 0.0919921875 0.2267578125
3 0.72109375 0.79453125 0.0890625 0.2265625
3 0.3125 0.78828125 0.1029296875 0.23125
3 0.39453125 0.77890625 0.0923828125 0.228125
6 0.15234375 0.30546875 0.107861328125 0.239111328125
9 0.7171875 0.3328125 0.115234375 0.237646484375
9 0.8 0.3359375 0.0875 0.23115234375