0 0.04140625 0.31796875 0.0828125 0.2453125
0 0.475 0.3125 0.09296875 0.2765625
0 0.571875 0.32734375 0.09140625 0.22890625
0 0.6578125 0.33046875 0.09140625 0.22890625
0 0.8078125 0.728125 0.08515625 0.24609375
0 0.88515625 0.73359375 0.08515625 0.24609375
0 0.89453125 0.31796875 0.08828125 0.27109375
0 0.1265625 0.321875 0.08359375 0.24609375
0 0.12890625 0.753125 0.08515625 0.2515625
0 0.96171875 0.72734375 0.0765625 0.2453125
0 0.9640625 0.3125 0.06953125 0.27109375
0 0.22421875 0.746875 0.08515625 0.2515625
0 0.04375 0.75859375 0.08515625 0.2515625
0 0.30703125 0.321875 0.08359375 0.24609375
0 0.396875 0.2984375 0.09296875 0.2765625
3 0.48515625 0.74453125 0.08515625 0.2515625
3 0.5671875 0.7390625 0.08515625 0.2515625
3 0.64765625 0.7390625 0.08515625 0.2515625
3 0.73046875 0.74140625 0.08515625 0.24609375
3 0.31875 0.75 0.08515625 0.2515625
3 0.40390625 0.74453125 0.08515625 0.2515625
6 0.21875 0.31875 0.08359375 0.24609375
9 0.73671875 0.34140625 0.09140625 0.22890625
9 0.815625 0.3328125 0.09140625 0.22890625