0 0.5734375 0.85859375 0.090625 0.1482421875
0 0.57421875 0.20546875 0.0828125 0.1265625
0 0.09609375 0.65 0.08125 0.131396484375
0 0.096875 0.41640625 0.0970703125 0.14560546875
0 0.1015625 0.18203125 0.08740234375 0.145654296875
0 0.6453125 0.859375 0.09365234375 0.143896484375
0 0.64609375 0.203125 0.0734375 0.121875
0 0.103125 0.88515625 0.09365234375 0.135986328125
0 0.7125 0.85546875 0.0939453125 0.14248046875
0 0.7671875 0.64140625 0.0935546875 0.13623046875
0 0.78046875 0.8390625 0.0859375 0.140576171875
0 0.78515625 0.42890625 0.0857421875 0.129443359375
0 0.83671875 0.64140625 0.0861328125 0.133056640625
0 0.84453125 0.840625 0.0828125 0.137841796875
0 0.85234375 0.42578125 0.076708984375 0.123486328125
0 0.86484375 0.2078125 0.0857421875 0.143603515625
0 0.90234375 0.63984375 0.0861328125 0.13310546875
0 0.91796875 0.8515625 0.08125 0.12509765625
0 0.91953125 0.42734375 0.080029296875 0.126416015625
0 0.92265625 0.21171875 0.0763671875 0.139208984375
0 0.18046875 0.18203125 0.0888671875 0.14833984375
0 0.1796875 0.41875 0.0841796875 0.137744140625
0 0.18046875 0.6515625 0.0828125 0.13154296875
0 0.18828125 0.88125 0.09375 0.137646484375
0 0.26015625 0.65390625 0.090625 0.135986328125
0 0.265625 0.875 0.08134765625 0.131201171875
0 0.2671875 0.4203125 0.090234375 0.140869140625
0 0.34140625 0.65 0.0798828125 0.131201171875
0 0.34296875 0.18984375 0.0953125 0.142431640625
0 0.346875 0.86015625 0.09658203125 0.157763671875
0 0.4203125 0.18203125 0.0875 0.1546875
0 0.4203125 0.87109375 0.0779296875 0.1451171875
0 0.4921875 0.18984375 0.08720703125 0.1544921875
0 0.4921875 0.6515625 0.078515625 0.13115234375
0 0.4984375 0.86484375 0.08408203125 0.1451171875
3 0.56796875 0.64765625 0.0890625 0.135595703125
3 0.5703125 0.42890625 0.091015625 0.132763671875
3 0.63359375 0.6453125 0.0888671875 0.13466796875
3 0.63984375 0.4265625 0.084375 0.127783203125
3 0.70078125 0.64765625 0.0828125 0.132470703125
3 0.71796875 0.4265625 0.0826171875 0.125048828125
3 0.35 0.4203125 0.0966796875 0.143994140625
3 0.41328125 0.64765625 0.0892578125 0.135791015625
3 0.42578125 0.42890625 0.0890625 0.130029296875
3 0.49921875 0.42421875 0.08125 0.12646484375
6 0.26015625 0.18359375 0.0982421875 0.151708984375
9 0.715625 0.215625 0.07841796875 0.1248046875
9 0.7875 0.2140625 0.08095703125 0.125