0 0.47734375 0.78203125 0.10234375 0.26328125
0 0.47734375 0.3015625 0.09921875 0.26328125
0 0.58046875 0.78203125 0.10234375 0.26328125
0 0.58828125 0.28984375 0.09921875 0.26328125
0 0.68046875 0.78203125 0.09765625 0.26328125
0 0.684375 0.2953125 0.09921875 0.26328125
0 0.78984375 0.78203125 0.1125 0.26328125
0 0.8 0.28984375 0.09921875 0.26328125
0 0.8921875 0.29296875 0.09921875 0.26328125
0 0.896875 0.78203125 0.10078125 0.26328125
0 0.165625 0.30390625 0.09921875 0.26328125
0 0.171875 0.78203125 0.09921875 0.26328125
0 0.26796875 0.2984375 0.09921875 0.26328125
0 0.07109375 0.309375 0.09921875 0.26328125
0 0.27265625 0.78203125 0.10234375 0.26328125
0 0.36875 0.2953125 0.09921875 0.26328125
0 0.375 0.78203125 0.10234375 0.26328125
0 0.08125 0.78515625 0.0921875 0.26328125