0 0.578125 0.24296875 0.112109375 0.183154296875
0 0.65703125 0.54453125 0.115625 0.1857421875
0 0.66328125 0.84375 0.111083984375 0.187451171875
0 0.68203125 0.24609375 0.1138671875 0.1830078125
0 0.75625 0.84140625 0.103369140625 0.182861328125
0 0.7625 0.528125 0.12177734375 0.1875
0 0.7859375 0.24609375 0.11259765625 0.1830078125
0 0.85390625 0.5328125 0.1015625 0.178125
0 0.85625 0.85078125 0.100244140625 0.182666015625
0 0.87734375 0.24609375 0.1080078125 0.1826171875
0 0.17578125 0.53515625 0.1142578125 0.184375
0 0.1796875 0.83828125 0.12197265625 0.1875
0 0.26875 0.5375 0.11884765625 0.1873046875
0 0.27890625 0.840625 0.1142578125 0.184375
0 0.078125 0.84296875 0.10654296875 0.1826171875
0 0.0796875 0.53046875 0.10595703125 0.1796875
0 0.36875 0.5421875 0.1189453125 0.1873046875
0 0.3765625 0.83359375 0.1001953125 0.203125
0 0.4703125 0.546875 0.11533203125 0.184375
0 0.4703125 0.82890625 0.090625 0.2
0 0.48125 0.23203125 0.10302734375 0.1861328125
0 0.56328125 0.84609375 0.10166015625 0.18271484375
0 0.56796875 0.5515625 0.1017578125 0.1783203125
5 0.1796875 0.22734375 0.1095703125 0.1705078125
5 0.06953125 0.22734375 0.11875 0.1763671875
5 0.28515625 0.23671875 0.11875 0.1763671875
5 0.3859375 0.225 0.10302734375 0.190625