0 0.08203125 0.1875 0.092236328125 0.168994140625
0 0.08359375 0.515625 0.098291015625 0.1904296875
0 0.47578125 0.81953125 0.098388671875 0.1888671875
0 0.4890625 0.18984375 0.10322265625 0.2078125
0 0.5671875 0.21171875 0.099658203125 0.173388671875
0 0.64453125 0.22109375 0.095458984375 0.173193359375
0 0.7703125 0.81953125 0.099755859375 0.190625
0 0.78515625 0.52265625 0.101806640625 0.1826171875
0 0.84375 0.80625 0.09033203125 0.1876953125
0 0.85703125 0.21484375 0.104443359375 0.1982421875
0 0.85390625 0.51875 0.082763671875 0.1625
0 0.9015625 0.80859375 0.084326171875 0.1861328125
0 0.91875 0.5171875 0.09052734375 0.165625
0 0.928125 0.21953125 0.096923828125 0.1955078125
0 0.1640625 0.8328125 0.10615234375 0.1908203125
0 0.16328125 0.515625 0.10146484375 0.190625
0 0.16796875 0.18671875 0.08896484375 0.17958984375
0 0.24765625 0.8328125 0.098388671875 0.1876953125
0 0.25 0.515625 0.09091796875 0.1875
0 0.33671875 0.2 0.083056640625 0.178076171875
0 0.075 0.8375 0.097119140625 0.1876953125
0 0.41328125 0.18515625 0.085986328125 0.2017578125
3 0.4890625 0.515625 0.100341796875 0.18125
3 0.5578125 0.8265625 0.10341796875 0.190625
3 0.56171875 0.515625 0.082861328125 0.175
3 0.6296875 0.821875 0.09384765625 0.1904296875
3 0.6421875 0.51796875 0.099951171875 0.18125
3 0.69921875 0.81328125 0.085595703125 0.1861328125
3 0.71171875 0.525 0.101220703125 0.18125
3 0.325 0.83046875 0.096923828125 0.1888671875
3 0.33984375 0.515625 0.095556640625 0.187890625
3 0.40234375 0.83046875 0.101318359375 0.1890625
3 0.41328125 0.51328125 0.092041015625 0.178125
6 0.2484375 0.1953125 0.090771484375 0.181201171875
9 0.71875 0.225 0.100048828125 0.172119140625
9 0.79375 0.22734375 0.10009765625 0.17353515625