0 0.68359375 0.8484375 0.128125 0.18759765625
0 0.6921875 0.53359375 0.11865234375 0.184375
0 0.78984375 0.84375 0.1236328125 0.1875
0 0.8015625 0.528125 0.11591796875 0.18447265625
0 0.8984375 0.8515625 0.121875 0.1845703125
0 0.9078125 0.52578125 0.10966796875 0.1798828125
0 0.91171875 0.2 0.110595703125 0.190771484375
0 0.05703125 0.19609375 0.1138671875 0.223486328125
0 0.1578125 0.19140625 0.11845703125 0.207861328125
0 0.16640625 0.84140625 0.1201171875 0.184375
0 0.16875 0.53046875 0.11259765625 0.1798828125
0 0.07421875 0.84609375 0.1138671875 0.18125
0 0.07421875 0.52578125 0.1169921875 0.1828125
0 0.259375 0.19140625 0.12216796875 0.226220703125
0 0.26640625 0.84375 0.1173828125 0.18447265625
0 0.27109375 0.52578125 0.128125 0.1890625
0 0.3703125 0.84609375 0.115234375 0.1826171875
0 0.3703125 0.18828125 0.11591796875 0.223291015625
0 0.3796875 0.5234375 0.115625 0.1814453125
0 0.4796875 0.53046875 0.11865234375 0.184375
0 0.48671875 0.84375 0.1265625 0.19033203125
0 0.57890625 0.84375 0.1298828125 0.19072265625
0 0.58828125 0.53046875 0.1265625 0.1888671875
5 0.6890625 0.20546875 0.122216796875 0.195556640625
5 0.80234375 0.2078125 0.11103515625 0.19091796875
5 0.47109375 0.2015625 0.11396484375 0.191015625
5 0.5828125 0.20234375 0.125341796875 0.204443359375