0 0.0828125 0.4703125 0.093994140625 0.184521484375
0 0.46015625 0.82578125 0.085595703125 0.192041015625
0 0.534375 0.84765625 0.080908203125 0.165625
0 0.60078125 0.83984375 0.073193359375 0.1625
0 0.09609375 0.821875 0.079638671875 0.162451171875
0 0.67109375 0.83515625 0.076611328125 0.195458984375
0 0.7453125 0.83515625 0.094091796875 0.201318359375
0 0.77421875 0.50859375 0.10498046875 0.18623046875
0 0.7890625 0.140625 0.099853515625 0.187255859375
0 0.82265625 0.85703125 0.079541015625 0.1732421875
0 0.85078125 0.515625 0.101318359375 0.187255859375
0 0.86796875 0.14765625 0.092333984375 0.182861328125
0 0.8875 0.859375 0.078271484375 0.17158203125
0 0.925 0.52265625 0.087353515625 0.179931640625
0 0.95 0.1453125 0.093994140625 0.184521484375
0 0.15078125 0.090625 0.0984375 0.18125
0 0.1578125 0.4703125 0.093994140625 0.184521484375
0 0.16640625 0.82421875 0.079345703125 0.160791015625
0 0.23515625 0.0921875 0.08896484375 0.18134765625
0 0.23515625 0.47734375 0.085888671875 0.179736328125
0 0.23828125 0.8125 0.09228515625 0.187109375
0 0.31640625 0.83203125 0.07958984375 0.15810546875
0 0.390625 0.83671875 0.093896484375 0.164111328125
0 0.0796875 0.0921875 0.090869140625 0.184326171875
3 0.47265625 0.49140625 0.08876953125 0.17998046875
3 0.47421875 0.1140625 0.086279296875 0.181201171875
3 0.5453125 0.50625 0.096728515625 0.184716796875
3 0.5578125 0.11171875 0.097119140625 0.185791015625
3 0.61640625 0.50625 0.101708984375 0.187451171875
3 0.63515625 0.1265625 0.098583984375 0.187255859375
3 0.6984375 0.50390625 0.093994140625 0.183056640625
3 0.715625 0.13125 0.096728515625 0.184716796875
3 0.3203125 0.10234375 0.09677734375 0.18564453125
3 0.3203125 0.4796875 0.09052734375 0.18408203125
3 0.39765625 0.1 0.104638671875 0.187646484375
3 0.39765625 0.48203125 0.086083984375 0.179736328125