0 0.446875 0.19765625 0.09375 0.18828125
0 0.4484375 0.521875 0.09375 0.18828125
0 0.08984375 0.16953125 0.09296875 0.2109375
0 0.52109375 0.84296875 0.08515625 0.1984375
0 0.090625 0.846875 0.08515625 0.1984375
0 0.53125 0.52265625 0.09296875 0.18203125
0 0.5390625 0.19296875 0.09375 0.18828125
0 0.61015625 0.8515625 0.08515625 0.1984375
0 0.625 0.51875 0.09296875 0.18203125
0 0.62890625 0.1953125 0.09375 0.18828125
0 0.696875 0.83046875 0.08515625 0.1984375
0 0.70859375 0.52265625 0.09296875 0.18203125
0 0.7171875 0.19921875 0.09375 0.18828125
0 0.78125 0.8265625 0.08515625 0.1984375
0 0.79140625 0.525 0.09296875 0.18203125
0 0.8125 0.2015625 0.09375 0.18828125
0 0.175 0.1890625 0.09375 0.18828125
0 0.175 0.846875 0.08515625 0.1984375
0 0.25859375 0.840625 0.08515625 0.1984375
0 0.26484375 0.1890625 0.09375 0.18828125
0 0.34765625 0.8390625 0.08515625 0.1984375
0 0.36171875 0.1890625 0.09375 0.18828125
0 0.4265625 0.8453125 0.08515625 0.1984375
5 0.0859375 0.50546875 0.09375 0.18828125
5 0.18125 0.515625 0.09375 0.18828125
5 0.26953125 0.515625 0.09375 0.18828125
5 0.3734375 0.50390625 0.08046875 0.1984375