0 0.48984375 0.5421875 0.08828125 0.19140625
0 0.5015625 0.85625 0.07734375 0.19140625
0 0.09375 0.5421875 0.08828125 0.19140625
0 0.09453125 0.20703125 0.08515625 0.20078125
0 0.57890625 0.84140625 0.07734375 0.2078125
0 0.1015625 0.875 0.08359375 0.19140625
0 0.64765625 0.84609375 0.07890625 0.1890625
0 0.71875 0.834375 0.07890625 0.1890625
0 0.775 0.5328125 0.08046875 0.18203125
0 0.7890625 0.81875 0.07890625 0.20078125
0 0.796875 0.2125 0.08515625 0.1890625
0 0.84140625 0.53515625 0.08046875 0.18203125
0 0.85234375 0.828125 0.07890625 0.20078125
0 0.8625 0.21640625 0.07734375 0.17265625
0 0.91328125 0.5234375 0.08046875 0.18203125
0 0.92265625 0.8296875 0.07109375 0.1796875
0 0.93515625 0.21640625 0.07734375 0.17265625
0 0.171875 0.19453125 0.08515625 0.19609375
0 0.1796875 0.53984375 0.08828125 0.19140625
0 0.18515625 0.86796875 0.08359375 0.19140625
0 0.25703125 0.54453125 0.08828125 0.19140625
0 0.26171875 0.20703125 0.08515625 0.19609375
0 0.2640625 0.86796875 0.08359375 0.19140625
0 0.34609375 0.84375 0.08203125 0.2125
0 0.421875 0.85390625 0.07578125 0.19609375
3 0.50078125 0.21015625 0.08515625 0.1890625
3 0.5671875 0.5375 0.08828125 0.19140625
3 0.575 0.2078125 0.08515625 0.1890625
3 0.640625 0.5375 0.08046875 0.18203125
3 0.65078125 0.2078125 0.08515625 0.1890625
3 0.71171875 0.53515625 0.08046875 0.18203125
3 0.72578125 0.21015625 0.08515625 0.1890625
3 0.3375 0.5421875 0.08828125 0.19140625
3 0.34453125 0.2046875 0.08515625 0.19609375
3 0.4125 0.53984375 0.08828125 0.19140625
3 0.4203125 0.2078125 0.08515625 0.1890625