0 0.56640625 0.796875 0.1046875 0.2564453125
0 0.0578125 0.78359375 0.115625 0.2609375
0 0.66640625 0.8015625 0.121875 0.2625
0 0.78203125 0.8046875 0.1203125 0.2623046875
0 0.88046875 0.8125 0.1046875 0.2564453125
0 0.13984375 0.325 0.1267578125 0.30302734375
0 0.1546875 0.7859375 0.134375 0.2654296875
0 0.234375 0.3328125 0.1095703125 0.299951171875
0 0.25 0.7859375 0.125390625 0.2626953125
0 0.053125 0.3265625 0.10625 0.303125
0 0.34609375 0.325 0.113818359375 0.297021484375
0 0.353125 0.78828125 0.1310546875 0.2640625
0 0.45859375 0.796875 0.103125 0.25625
5 0.56171875 0.34609375 0.129443359375 0.28125
5 0.66875 0.3484375 0.13740234375 0.283984375
5 0.775 0.3515625 0.137353515625 0.283984375
5 0.890625 0.3515625 0.13095703125 0.28125
5 0.453125 0.34375 0.143603515625 0.306005859375