0 0.09765625 0.53203125 0.096875 0.19609375
0 0.56875 0.8421875 0.09140625 0.1671875
0 0.58125 0.228125 0.11015625 0.18828125
0 0.57890625 0.540625 0.09140625 0.1671875
0 0.10546875 0.8296875 0.09140625 0.1671875
0 0.66875 0.82421875 0.09140625 0.17734375
0 0.6796875 0.22421875 0.11015625 0.18828125
0 0.67734375 0.53828125 0.09140625 0.1671875
0 0.759375 0.82421875 0.09140625 0.17734375
0 0.77265625 0.2140625 0.11015625 0.18828125
0 0.7703125 0.534375 0.09140625 0.1671875
0 0.84921875 0.82265625 0.09140625 0.17734375
0 0.86328125 0.534375 0.09140625 0.1671875
0 0.86875 0.209375 0.09140625 0.20859375
0 0.18359375 0.228125 0.11015625 0.18828125
0 0.18671875 0.5296875 0.096875 0.19609375
0 0.196875 0.83984375 0.09140625 0.1671875
0 0.278125 0.2265625 0.11015625 0.18828125
0 0.28671875 0.540625 0.096875 0.17578125
0 0.2859375 0.83984375 0.09140625 0.1671875
0 0.08515625 0.228125 0.11015625 0.18828125
0 0.3765625 0.2203125 0.11015625 0.18828125
0 0.384375 0.8421875 0.09140625 0.1671875
0 0.3859375 0.52890625 0.0875 0.1859375
0 0.4796875 0.22421875 0.11015625 0.18828125
0 0.47890625 0.84375 0.09140625 0.1671875
0 0.48046875 0.5328125 0.0875 0.1859375