0 0.07890625 0.50703125 0.08046875 0.1859375
0 0.46015625 0.50625 0.08046875 0.1984375
0 0.51953125 0.828125 0.07890625 0.1859375
0 0.53828125 0.521875 0.06796875 0.1765625
0 0.5921875 0.83828125 0.07890625 0.1859375
0 0.6015625 0.521875 0.06796875 0.1765625
0 0.65390625 0.8625 0.07890625 0.1859375
0 0.6765625 0.5125 0.07890625 0.20625
0 0.72734375 0.84765625 0.07890625 0.1859375
0 0.74921875 0.51953125 0.07890625 0.20625
0 0.778125 0.1640625 0.08046875 0.1859375
0 0.79375 0.84765625 0.07890625 0.1859375
0 0.821875 0.540625 0.07578125 0.17421875
0 0.85625 0.1640625 0.08046875 0.1859375
0 0.86796875 0.84765625 0.07890625 0.1859375
0 0.89140625 0.53515625 0.07578125 0.17421875
0 0.93515625 0.16640625 0.08046875 0.1859375
0 0.1375 0.12265625 0.08046875 0.1859375
0 0.153125 0.5046875 0.08046875 0.1859375
0 0.1703125 0.84921875 0.07578125 0.17421875
0 0.05390625 0.125 0.08046875 0.1859375
0 0.21875 0.13515625 0.08046875 0.1859375
0 0.2296875 0.49375 0.08046875 0.21328125
0 0.23359375 0.8359375 0.07890625 0.1859375
0 0.31015625 0.50859375 0.08046875 0.17421875
0 0.3125 0.82578125 0.07890625 0.1859375
0 0.384375 0.52109375 0.08046875 0.17421875
0 0.38828125 0.83359375 0.07890625 0.1859375
3 0.46796875 0.1375 0.08046875 0.1859375
3 0.54609375 0.146875 0.08046875 0.1859375
3 0.61875 0.15703125 0.08046875 0.1859375
3 0.70390625 0.15703125 0.08046875 0.1859375
3 0.30546875 0.13203125 0.08046875 0.1859375
3 0.3890625 0.1296875 0.08046875 0.1859375
10 0.4578125 0.840625 0.07890625 0.1859375