0 0.790625 0.87734375 0.115771484375 0.170068359375
0 0.79453125 0.4 0.117431640625 0.1625
0 0.79296875 0.6578125 0.11064453125 0.14697265625
0 0.8109375 0.15546875 0.121533203125 0.1611328125
0 0.12734375 0.90234375 0.10751953125 0.14521484375
0 0.875 0.39453125 0.11865234375 0.1625
0 0.8765625 0.87734375 0.11279296875 0.16748046875
0 0.88984375 0.6609375 0.104345703125 0.143701171875
0 0.903125 0.1578125 0.099658203125 0.1591796875
0 0.19609375 0.40234375 0.107958984375 0.1611328125
0 0.20703125 0.659375 0.114111328125 0.1595703125
0 0.22109375 0.90234375 0.101416015625 0.141845703125
0 0.30078125 0.4125 0.117431640625 0.1625
0 0.31171875 0.66171875 0.107861328125 0.1576171875
0 0.31796875 0.8953125 0.09853515625 0.14052734375
0 0.39765625 0.41015625 0.117236328125 0.1625
0 0.409375 0.9 0.115380859375 0.149951171875
0 0.41328125 0.1359375 0.117236328125 0.184033203125
0 0.41484375 0.6546875 0.1044921875 0.16533203125
0 0.496875 0.41015625 0.103076171875 0.153125
0 0.50703125 0.14765625 0.11396484375 0.1576171875
0 0.50625 0.90234375 0.106591796875 0.145166015625
0 0.50859375 0.6515625 0.1080078125 0.16591796875
0 0.09375 0.40703125 0.10322265625 0.159375
0 0.5984375 0.16015625 0.109228515625 0.1546875
0 0.60390625 0.40703125 0.11689453125 0.1611328125
0 0.60234375 0.6578125 0.110595703125 0.147021484375
0 0.60546875 0.8921875 0.110595703125 0.147021484375
0 0.1125 0.659375 0.118896484375 0.1626953125
0 0.70078125 0.40234375 0.108056640625 0.1578125
0 0.70234375 0.88203125 0.110791015625 0.167138671875
0 0.70859375 0.1578125 0.120068359375 0.159765625
0 0.70703125 0.653125 0.114306640625 0.150146484375
5 0.190625 0.14296875 0.11220703125 0.1609375
5 0.2953125 0.1453125 0.109228515625 0.15966796875
5 0.08046875 0.1453125 0.117333984375 0.16552734375