0 0.42734375 0.753125 0.086181640625 0.19345703125
0 0.4875 0.746875 0.087255859375 0.19345703125
0 0.55234375 0.753125 0.089306640625 0.19365234375
0 0.59296875 0.309375 0.101611328125 0.215673828125
0 0.61875 0.759375 0.084716796875 0.19345703125
0 0.6546875 0.325 0.087841796875 0.19716796875
0 0.7203125 0.315625 0.072216796875 0.19404296875
0 0.78359375 0.31875 0.076220703125 0.19658203125
0 0.1109375 0.75 0.068701171875 0.18759765625
0 0.84375 0.31875 0.090576171875 0.19716796875
0 0.8625 0.746875 0.087255859375 0.19345703125
0 0.91953125 0.765625 0.07041015625 0.187890625
0 0.96640625 0.3171875 0.0671875 0.225048828125
0 0.17109375 0.746875 0.06728515625 0.1876953125
0 0.04765625 0.746875 0.07314453125 0.1904296875
0 0.2359375 0.75625 0.07841796875 0.1908203125
0 0.30546875 0.753125 0.07353515625 0.1904296875
0 0.365625 0.753125 0.087255859375 0.19345703125
4 0.68046875 0.765625 0.085986328125 0.19345703125
4 0.7421875 0.75625 0.075341796875 0.19052734375
4 0.80703125 0.75 0.085595703125 0.19345703125
8 0.45859375 0.315625 0.09208984375 0.21279296875
8 0.53125 0.309375 0.099951171875 0.215478515625
8 0.90859375 0.3140625 0.076611328125 0.227978515625
8 0.13125 0.28203125 0.097216796875 0.214404296875
8 0.19921875 0.28828125 0.094970703125 0.214208984375
8 0.05859375 0.2578125 0.082470703125 0.209423828125
8 0.25625 0.296875 0.09033203125 0.21259765625
8 0.32734375 0.303125 0.104345703125 0.215673828125
8 0.3828125 0.309375 0.099951171875 0.215478515625