0 0.68359375 0.53828125 0.071875 0.07265625
0 0.69375 0.16640625 0.071875 0.0765625
0 0.69921875 0.71875 0.06640625 0.0828125
0 0.7171875 0.35625 0.071875 0.0765625
0 0.73203125 0.53828125 0.071875 0.07265625
0 0.75 0.16875 0.071875 0.0765625
0 0.1078125 0.1578125 0.071875 0.0765625
0 0.7609375 0.7125 0.06640625 0.0828125
0 0.7734375 0.36015625 0.071875 0.0765625
0 0.79921875 0.5359375 0.071875 0.07265625
0 0.8140625 0.17265625 0.071875 0.0765625
0 0.81953125 0.7125 0.06640625 0.0828125
0 0.8296875 0.35859375 0.071875 0.0765625
0 0.115625 0.53828125 0.071875 0.08046875
0 0.85 0.884375 0.06640625 0.0828125
0 0.865625 0.528125 0.071875 0.08046875
0 0.878125 0.70859375 0.06640625 0.0828125
0 0.89140625 0.36015625 0.071875 0.0765625
0 0.91171875 0.884375 0.06640625 0.0828125
0 0.92734375 0.53203125 0.071875 0.08046875
0 0.9375 0.70625 0.06640625 0.0828125
0 0.95234375 0.35859375 0.071875 0.0765625
0 0.12578125 0.90078125 0.06640625 0.0828125
0 0.14375 0.35 0.071875 0.0765625
0 0.04609375 0.15625 0.071875 0.0765625
0 0.171875 0.1625 0.071875 0.0765625
0 0.17890625 0.53828125 0.071875 0.08046875
0 0.18671875 0.8984375 0.06640625 0.0828125
0 0.2046875 0.35234375 0.071875 0.0765625
0 0.24296875 0.1640625 0.071875 0.0765625
0 0.24296875 0.53828125 0.071875 0.08046875
0 0.2484375 0.89453125 0.06640625 0.07421875
0 0.05859375 0.528125 0.071875 0.08046875
0 0.27421875 0.35625 0.071875 0.0765625
0 0.3046875 0.896875 0.06640625 0.07421875
0 0.30703125 0.5359375 0.071875 0.08046875
0 0.31015625 0.16640625 0.071875 0.0765625
0 0.33515625 0.35625 0.071875 0.0765625
0 0.36875 0.8921875 0.06640625 0.07421875
0 0.37109375 0.1640625 0.071875 0.0765625
0 0.37109375 0.534375 0.071875 0.08046875
0 0.06640625 0.8921875 0.06640625 0.0828125
0 0.39921875 0.3546875 0.071875 0.0765625
0 0.43046875 0.890625 0.06640625 0.07421875
0 0.43515625 0.16640625 0.071875 0.0765625
0 0.43828125 0.540625 0.071875 0.08046875
0 0.0765625 0.35 0.071875 0.0765625
0 0.4609375 0.35859375 0.071875 0.0765625
0 0.49140625 0.5421875 0.071875 0.08046875
0 0.49140625 0.890625 0.06640625 0.07421875
0 0.49921875 0.16875 0.071875 0.0765625
0 0.52265625 0.36015625 0.071875 0.0765625
0 0.553125 0.884375 0.06640625 0.07421875
0 0.55546875 0.5359375 0.071875 0.08046875
0 0.5609375 0.17265625 0.071875 0.0765625
0 0.57890625 0.71484375 0.06640625 0.0828125
0 0.58671875 0.35859375 0.071875 0.0765625
0 0.6171875 0.5359375 0.071875 0.08046875
0 0.6171875 0.88203125 0.06640625 0.07421875
0 0.62734375 0.16640625 0.071875 0.0765625
0 0.63984375 0.71484375 0.06640625 0.0828125
0 0.64765625 0.36015625 0.071875 0.0765625
4 0.67890625 0.88671875 0.06640625 0.07421875
4 0.7375 0.88671875 0.06640625 0.07421875
4 0.79609375 0.88828125 0.06640625 0.07421875
8 0.15078125 0.71796875 0.06640625 0.084375
8 0.21015625 0.71875 0.06640625 0.0828125
8 0.27109375 0.72109375 0.06640625 0.0828125
8 0.33515625 0.7171875 0.06640625 0.0828125
8 0.3921875 0.7171875 0.06640625 0.0828125
8 0.45078125 0.7171875 0.06640625 0.0828125
8 0.0796875 0.709375 0.071875 0.09296875
8 0.5171875 0.7125 0.06640625 0.0828125