0 0.43125 0.92578125 0.0375 0.07578125
0 0.45 0.809375 0.0390625 0.078125
0 0.453125 0.09765625 0.0421875 0.09375
0 0.453125 0.54375 0.0390625 0.078125
0 0.4546875 0.671875 0.0390625 0.078125
0 0.45546875 0.39140625 0.0375 0.09375
0 0.45703125 0.25 0.0375 0.0875
0 0.4640625 0.934375 0.0375 0.07578125
0 0.484375 0.80703125 0.0390625 0.078125
0 0.4875 0.54609375 0.0390625 0.078125
0 0.4890625 0.671875 0.0390625 0.078125
0 0.49296875 0.39765625 0.0375 0.09375
0 0.4953125 0.10234375 0.0421875 0.09375
0 0.49609375 0.9296875 0.0375 0.07578125
0 0.49765625 0.259375 0.0375 0.0875
0 0.06640625 0.803125 0.0359375 0.0875
0 0.521875 0.6671875 0.0390625 0.078125
0 0.5234375 0.8046875 0.0390625 0.078125
0 0.5265625 0.5484375 0.0390625 0.078125
0 0.06484375 0.66640625 0.02890625 0.08515625
0 0.53203125 0.4 0.040625 0.07578125
0 0.53515625 0.928125 0.0375 0.07578125
0 0.5375 0.1 0.0421875 0.09375
0 0.53828125 0.26171875 0.0375 0.0875
0 0.56015625 0.55078125 0.0390625 0.078125
0 0.5625 0.80078125 0.0390625 0.078125
0 0.5640625 0.66953125 0.0390625 0.078125
0 0.56640625 0.93671875 0.0375 0.07578125
0 0.56796875 0.4046875 0.040625 0.07578125
0 0.5734375 0.1 0.0421875 0.09375
0 0.57421875 0.26171875 0.0375 0.0875
0 0.075 0.93671875 0.0390625 0.07578125
0 0.0765625 0.2328125 0.0421875 0.1078125
0 0.075 0.07109375 0.0390625 0.10546875
0 0.59453125 0.66953125 0.0390625 0.078125
0 0.59609375 0.553125 0.0390625 0.078125
0 0.596875 0.934375 0.0375 0.07578125
0 0.60546875 0.40703125 0.040625 0.07578125
0 0.60859375 0.2640625 0.0375 0.0875
0 0.6171875 0.1046875 0.0421875 0.09375
0 0.6296875 0.93203125 0.0375 0.07578125
0 0.6421875 0.6765625 0.0375 0.078125
0 0.6421875 0.809375 0.0375 0.09140625
0 0.65078125 0.54921875 0.0375 0.08046875
0 0.65703125 0.40859375 0.0375 0.09140625
0 0.6640625 0.93203125 0.0375 0.07578125
0 0.6703125 0.8046875 0.0375 0.09140625
0 0.6734375 0.10703125 0.0375 0.1078125
0 0.68125 0.67890625 0.0375 0.078125
0 0.68515625 0.54921875 0.0375 0.08046875
0 0.0875 0.3890625 0.0421875 0.0890625
0 0.08671875 0.53984375 0.040625 0.08515625
0 0.69296875 0.4109375 0.0375 0.09140625
0 0.69765625 0.928125 0.0375 0.07578125
0 0.7109375 0.6859375 0.0375 0.078125
0 0.71171875 0.11484375 0.0390625 0.09140625
0 0.721875 0.54921875 0.0375 0.08046875
0 0.72578125 0.4109375 0.0375 0.09140625
0 0.72890625 0.9296875 0.0375 0.07578125
0 0.7453125 0.6859375 0.0375 0.078125
0 0.74921875 0.1171875 0.0390625 0.09140625
0 0.7578125 0.546875 0.0375 0.08515625
0 0.76171875 0.93203125 0.0328125 0.07578125
0 0.76640625 0.4125 0.0375 0.09140625
0 0.09296875 0.66640625 0.0359375 0.09375
0 0.77890625 0.68828125 0.0375 0.078125
0 0.78203125 0.26171875 0.0375 0.09140625
0 0.78984375 0.121875 0.0390625 0.09140625
0 0.78828125 0.9296875 0.0328125 0.07578125
0 0.790625 0.546875 0.0375 0.08515625
0 0.7953125 0.4109375 0.0375 0.09140625
0 0.81484375 0.27265625 0.0375 0.09140625
0 0.81953125 0.6859375 0.0375 0.078125
0 0.821875 0.12421875 0.0390625 0.09140625
0 0.82109375 0.93203125 0.0375 0.07578125
0 0.828125 0.54921875 0.0375 0.08515625
0 0.834375 0.41484375 0.0375 0.09140625
0 0.84921875 0.27734375 0.0375 0.09140625
0 0.85078125 0.678125 0.0375 0.08515625
0 0.8609375 0.12421875 0.0421875 0.09140625
0 0.86015625 0.928125 0.0375 0.07578125
0 0.86484375 0.55390625 0.0375 0.08515625
0 0.10234375 0.803125 0.0359375 0.0875
0 0.8734375 0.80859375 0.0375 0.07578125
0 0.8734375 0.41484375 0.0375 0.09140625
0 0.88125 0.68203125 0.0375 0.08515625
0 0.88828125 0.2796875 0.0375 0.09140625
0 0.896875 0.128125 0.0421875 0.09140625
0 0.89453125 0.91875 0.0375 0.07578125
0 0.89609375 0.5515625 0.0375 0.08515625
0 0.90703125 0.40625 0.0375 0.09140625
0 0.10859375 0.93203125 0.0390625 0.08515625
0 0.91875 0.68203125 0.0375 0.08515625
0 0.9203125 0.28203125 0.0375 0.09140625
0 0.93046875 0.55390625 0.0375 0.08515625
0 0.9375 0.13046875 0.0421875 0.09140625
0 0.93671875 0.4125 0.0375 0.09140625
0 0.9578125 0.2796875 0.0375 0.09140625
0 0.96640625 0.12578125 0.0421875 0.09140625
0 0.1140625 0.08125 0.0359375 0.103125
0 0.11875 0.2328125 0.0421875 0.1078125
0 0.1234375 0.3890625 0.0421875 0.0890625
0 0.125 0.53984375 0.0421875 0.09375
0 0.13125 0.6734375 0.0421875 0.08046875
0 0.13984375 0.8046875 0.0359375 0.0875
0 0.14765625 0.9296875 0.0390625 0.08515625
0 0.0328125 0.06875 0.0390625 0.10546875
0 0.1578125 0.23515625 0.0421875 0.1078125
0 0.1640625 0.5421875 0.0421875 0.09375
0 0.165625 0.3953125 0.0421875 0.0890625
0 0.16875 0.6734375 0.0421875 0.08046875
0 0.1703125 0.8046875 0.0359375 0.0875
0 0.18359375 0.934375 0.0390625 0.08515625
0 0.2015625 0.53984375 0.0421875 0.09375
0 0.2046875 0.3953125 0.0421875 0.0890625
0 0.2109375 0.678125 0.0421875 0.08046875
0 0.2109375 0.803125 0.0359375 0.0875
0 0.21796875 0.93203125 0.0390625 0.08515625
0 0.0390625 0.23515625 0.0390625 0.1078125
0 0.240625 0.54453125 0.0421875 0.09375
0 0.2421875 0.39765625 0.0421875 0.0890625
0 0.2453125 0.67578125 0.0421875 0.08046875
0 0.24375 0.81171875 0.0359375 0.0734375
0 0.253125 0.934375 0.0390625 0.08515625
0 0.2796875 0.5421875 0.0421875 0.09375
0 0.28125 0.3953125 0.0421875 0.0890625
0 0.284375 0.67578125 0.0421875 0.08046875
0 0.28125 0.80703125 0.0359375 0.0734375
0 0.046875 0.3890625 0.0421875 0.0890625
0 0.2921875 0.928125 0.0390625 0.08515625
0 0.0484375 0.5390625 0.0390625 0.0828125
0 0.31875 0.5421875 0.0421875 0.09375
0 0.3203125 0.39765625 0.0421875 0.0890625
0 0.321875 0.6734375 0.0421875 0.08046875
0 0.31875 0.80703125 0.0359375 0.0734375
0 0.325 0.928125 0.0328125 0.08515625
0 0.35234375 0.8046875 0.0359375 0.0734375
0 0.35546875 0.5375 0.0421875 0.09375
0 0.3578125 0.4 0.0421875 0.0890625
0 0.359375 0.67109375 0.0421875 0.08046875
0 0.3578125 0.93203125 0.0359375 0.08515625
0 0.3625 0.09609375 0.0453125 0.09609375
0 0.39921875 0.9390625 0.0375 0.06640625
0 0.4140625 0.81875 0.0390625 0.078125
0 0.415625 0.67421875 0.0390625 0.078125
0 0.4171875 0.09296875 0.0421875 0.09375
0 0.41796875 0.3953125 0.0375 0.09375
0 0.4203125 0.24765625 0.0375 0.0875
0 0.421875 0.52734375 0.0375 0.078125
1 0.90703125 0.80859375 0.0375 0.07578125
1 0.15234375 0.08515625 0.0453125 0.09609375
1 0.19296875 0.0890625 0.0453125 0.09609375
1 0.2359375 0.0875 0.0453125 0.09609375
1 0.2765625 0.09140625 0.0453125 0.09609375
1 0.3203125 0.09609375 0.0453125 0.09609375
5 0.659375 0.26640625 0.0421875 0.09140625
5 0.7 0.2640625 0.0421875 0.09140625
5 0.7390625 0.26796875 0.0421875 0.09140625
5 0.196875 0.23984375 0.0390625 0.0890625
5 0.2375 0.2453125 0.0390625 0.09140625
5 0.2796875 0.246875 0.0421875 0.0890625
5 0.31875 0.24453125 0.0421875 0.0890625
5 0.35546875 0.25078125 0.0421875 0.0890625
2 0.7078125 0.80703125 0.0375 0.0875
2 0.74140625 0.809375 0.0375 0.0875
2 0.77578125 0.80703125 0.0375 0.0875
2 0.81328125 0.80859375 0.0375 0.07578125
2 0.84375 0.80859375 0.0375 0.07578125