0 0.48515625 0.14140625 0.08251953125 0.15478515625
0 0.48828125 0.81328125 0.07021484375 0.1388671875
0 0.54375 0.81328125 0.06865234375 0.1375
0 0.553125 0.1390625 0.084716796875 0.156103515625
0 0.57265625 0.49453125 0.07314453125 0.15498046875
0 0.61015625 0.815625 0.073486328125 0.140625
0 0.615625 0.146875 0.084130859375 0.155908203125
0 0.6328125 0.503125 0.072216796875 0.155908203125
0 0.67421875 0.14453125 0.085986328125 0.157568359375
0 0.69375 0.49453125 0.07197265625 0.15498046875
0 0.103125 0.125 0.074755859375 0.150244140625
0 0.73828125 0.15 0.08623046875 0.15634765625
0 0.75625 0.496875 0.084130859375 0.159228515625
0 0.04296875 0.1234375 0.076611328125 0.187841796875
0 0.80390625 0.146875 0.088916015625 0.156298828125
0 0.81640625 0.49453125 0.076416015625 0.157763671875
0 0.84453125 0.81015625 0.0763671875 0.1517578125
0 0.8703125 0.49140625 0.077880859375 0.157763671875
0 0.87578125 0.13984375 0.076611328125 0.167041015625
0 0.90078125 0.82421875 0.0703125 0.1392578125
0 0.9359375 0.1390625 0.068896484375 0.17197265625
0 0.94375 0.4890625 0.072021484375 0.155908203125
0 0.125 0.82109375 0.077880859375 0.157763671875
0 0.1515625 0.4890625 0.08466796875 0.15927734375
0 0.1625 0.1390625 0.07197265625 0.15009765625
0 0.18515625 0.83203125 0.079345703125 0.157958984375
0 0.23359375 0.1390625 0.086181640625 0.156298828125
0 0.24765625 0.8265625 0.082861328125 0.159228515625
0 0.29921875 0.1390625 0.070556640625 0.150048828125
0 0.31171875 0.82109375 0.073486328125 0.157568359375
0 0.0640625 0.81328125 0.068896484375 0.154638671875
0 0.3671875 0.1390625 0.084716796875 0.156103515625
0 0.3671875 0.8265625 0.078271484375 0.1408203125
0 0.4265625 0.14140625 0.084326171875 0.155029296875
0 0.4265625 0.81875 0.072216796875 0.137890625
4 0.66875 0.815625 0.084521484375 0.14375
4 0.72734375 0.82421875 0.079736328125 0.1421875
4 0.78671875 0.82421875 0.07685546875 0.1419921875
8 0.078125 0.4671875 0.081201171875 0.159033203125
8 0.51015625 0.4890625 0.067236328125 0.153173828125
8 0.203125 0.48359375 0.074951171875 0.157568359375
8 0.2640625 0.49453125 0.078466796875 0.157958984375
8 0.328125 0.49140625 0.077880859375 0.157763671875
8 0.38515625 0.49453125 0.07060546875 0.15498046875
8 0.44921875 0.4890625 0.073486328125 0.156103515625