0 0.05234375 0.55078125 0.1046875 0.1796875
0 0.6734375 0.86875 0.12529296875 0.184375
0 0.66875 0.56171875 0.11591796875 0.1828125
0 0.68515625 0.23984375 0.1201171875 0.1830078125
0 0.77734375 0.86640625 0.1111328125 0.1763671875
0 0.78203125 0.559375 0.1171875 0.181640625
0 0.79609375 0.2375 0.1201171875 0.1841796875
0 0.88125 0.8734375 0.1279296875 0.1841796875
0 0.890625 0.56171875 0.10966796875 0.1796875
0 0.9 0.23984375 0.11572265625 0.1828125
0 0.1484375 0.2375 0.1125 0.1810546875
0 0.1484375 0.54921875 0.11552734375 0.18125
0 0.16328125 0.83984375 0.119970703125 0.205029296875
0 0.25234375 0.2375 0.1107421875 0.180859375
0 0.259375 0.55390625 0.11591796875 0.1828125
0 0.2703125 0.8484375 0.12802734375 0.184375
0 0.053125 0.23359375 0.10625 0.1796875
0 0.35390625 0.23203125 0.1048828125 0.1767578125
0 0.35859375 0.54921875 0.1125 0.1798828125
0 0.36796875 0.85078125 0.125 0.1828125
0 0.08203125 0.83359375 0.09208984375 0.1705078125
0 0.46484375 0.55703125 0.1107421875 0.1796875
0 0.471875 0.2421875 0.11572265625 0.183984375
0 0.47890625 0.85390625 0.125 0.1828125
0 0.57109375 0.86328125 0.1296875 0.1857421875
0 0.57109375 0.55390625 0.1173828125 0.1830078125
0 0.5828125 0.2375 0.10634765625 0.1779296875