0 0.76015625 0.625 0.1203125 0.1421875
0 0.79609375 0.1828125 0.12265625 0.1421875
0 0.80859375 0.85 0.1203125 0.1421875
0 0.80390625 0.396875 0.10703125 0.1609375
0 0.88828125 0.62265625 0.1203125 0.1421875
0 0.8953125 0.3921875 0.10703125 0.1609375
0 0.90859375 0.18671875 0.10703125 0.1421875
0 0.90703125 0.81953125 0.09375 0.1546875
0 0.15390625 0.83125 0.1203125 0.1421875
0 0.16171875 0.62109375 0.1203125 0.1421875
0 0.159375 0.390625 0.11484375 0.153125
0 0.17109375 0.165625 0.13359375 0.1484375
0 0.26875 0.8484375 0.1203125 0.1421875
0 0.27421875 0.62109375 0.1203125 0.1421875
0 0.28359375 0.165625 0.13359375 0.1484375
0 0.27890625 0.3921875 0.11484375 0.1609375
0 0.378125 0.8484375 0.1203125 0.1421875
0 0.396875 0.38828125 0.1359375 0.1609375
0 0.39140625 0.61640625 0.1203125 0.1421875
0 0.40859375 0.165625 0.13359375 0.1484375
0 0.4875 0.8484375 0.1203125 0.1421875
0 0.5171875 0.39453125 0.1359375 0.1609375
0 0.51953125 0.61875 0.1203125 0.1421875
0 0.55546875 0.16953125 0.13359375 0.1484375
0 0.6015625 0.83359375 0.1125 0.16328125
0 0.61953125 0.39453125 0.10703125 0.1609375
0 0.63984375 0.625 0.1203125 0.1421875
0 0.67578125 0.1796875 0.13359375 0.1484375
0 0.70546875 0.3921875 0.10703125 0.1609375
0 0.71484375 0.8484375 0.1203125 0.1421875