0 0.50859375 0.84609375 0.06953125 0.12578125
0 0.5140625 0.62109375 0.06953125 0.12578125
0 0.5265625 0.37578125 0.078125 0.1484375
0 0.08359375 0.61640625 0.06953125 0.12578125
0 0.55078125 0.103125 0.075 0.128125
0 0.56953125 0.8375 0.06953125 0.12578125
0 0.578125 0.62265625 0.06953125 0.12578125
0 0.59140625 0.38046875 0.078125 0.1484375
0 0.63125 0.10546875 0.075 0.128125
0 0.63359375 0.83359375 0.06953125 0.12578125
0 0.64453125 0.62734375 0.06953125 0.12578125
0 0.6609375 0.38828125 0.078125 0.13203125
0 0.09765625 0.83984375 0.06953125 0.12578125
0 0.6875 0.8359375 0.06953125 0.12578125
0 0.70703125 0.63515625 0.06953125 0.12578125
0 0.725 0.390625 0.078125 0.13203125
0 0.7484375 0.83984375 0.06953125 0.12578125
0 0.76953125 0.63515625 0.06953125 0.12578125
0 0.7953125 0.390625 0.078125 0.1484375
0 0.809375 0.8359375 0.06953125 0.12578125
0 0.83203125 0.63359375 0.06953125 0.12578125
0 0.1171875 0.08671875 0.075 0.128125
0 0.86640625 0.378125 0.078125 0.1484375
0 0.87421875 0.8359375 0.06953125 0.12578125
0 0.8765625 0.11171875 0.075 0.1484375
0 0.12421875 0.36796875 0.078125 0.140625
0 0.90234375 0.62109375 0.06953125 0.12578125
0 0.9296875 0.39375 0.06953125 0.12578125
0 0.04765625 0.365625 0.078125 0.140625
0 0.953125 0.11328125 0.075 0.1484375
0 0.14453125 0.61484375 0.06953125 0.12578125
0 0.16171875 0.83984375 0.06953125 0.12578125
0 0.19921875 0.35859375 0.078125 0.1421875
0 0.2109375 0.6125 0.06953125 0.12578125
0 0.228125 0.83984375 0.06953125 0.12578125
0 0.2796875 0.378125 0.078125 0.115625
0 0.28046875 0.61484375 0.06953125 0.12578125
0 0.31484375 0.84609375 0.06953125 0.12578125
0 0.36796875 0.37578125 0.078125 0.115625
0 0.371875 0.0953125 0.075 0.128125
0 0.378125 0.83984375 0.06953125 0.12578125
0 0.040625 0.08671875 0.075 0.128125
0 0.440625 0.84375 0.06953125 0.12578125
0 0.45859375 0.37578125 0.078125 0.115625
0 0.4609375 0.09921875 0.075 0.128125
6 0.20625 0.08671875 0.075 0.128125
6 0.29140625 0.0953125 0.075 0.128125
9 0.71328125 0.109375 0.075 0.128125
9 0.79296875 0.11953125 0.075 0.128125
10 0.3828125 0.62890625 0.06953125 0.12578125
10 0.38515625 0.63125 0.06953125 0.12578125
10 0.44375 0.62265625 0.06953125 0.12578125