0 0.56640625 0.796875 0.103125 0.25625
0 0.05703125 0.78359375 0.103125 0.25625
0 0.66640625 0.8015625 0.103125 0.25625
0 0.78203125 0.8046875 0.103125 0.25625
0 0.88046875 0.8125 0.103125 0.25625
0 0.13984375 0.325 0.1 0.29609375
0 0.1546875 0.7859375 0.103125 0.25625
0 0.234375 0.3328125 0.1 0.29609375
0 0.25 0.7859375 0.103125 0.25625
0 0.04609375 0.32734375 0.08828125 0.29609375
0 0.34609375 0.325 0.11015625 0.29609375
0 0.353125 0.78828125 0.103125 0.25625
0 0.45859375 0.796875 0.103125 0.25625
5 0.56171875 0.34609375 0.11015625 0.275
5 0.66875 0.3484375 0.11015625 0.275
5 0.775 0.3515625 0.11015625 0.275
5 0.890625 0.3515625 0.11015625 0.275
5 0.453125 0.34375 0.11015625 0.29609375