0 0.10859375 0.33046875 0.1375 0.26875
0 0.48359375 0.74765625 0.128125 0.3015625
0 0.50703125 0.3453125 0.1375 0.26875
0 0.6 0.73828125 0.1015625 0.29140625
0 0.640625 0.35 0.1234375 0.24140625
0 0.69609375 0.73828125 0.1015625 0.29140625
0 0.771875 0.35625 0.1234375 0.24140625
0 0.78515625 0.73671875 0.1015625 0.29140625
0 0.88125 0.728125 0.1015625 0.29140625
0 0.8859375 0.35625 0.1109375 0.24140625
0 0.21484375 0.75 0.1171875 0.3015625
0 0.23515625 0.3265625 0.1375 0.26875
0 0.34921875 0.75625 0.128125 0.3015625
0 0.36796875 0.3328125 0.1375 0.26875
0 0.0953125 0.75625 0.1171875 0.3015625