0 0.478125 0.603125 0.075 0.12783203125
0 0.5234375 0.8453125 0.068505859375 0.14697265625
0 0.54765625 0.5984375 0.0826171875 0.1314453125
0 0.584375 0.8359375 0.068701171875 0.14716796875
0 0.6125 0.60078125 0.0841796875 0.1326171875
0 0.640625 0.85078125 0.069140625 0.12685546875
0 0.6984375 0.853125 0.07177734375 0.128466796875
0 0.7453125 0.3515625 0.0814453125 0.13154296875
0 0.1078125 0.07265625 0.0751953125 0.1294921875
0 0.75546875 0.83671875 0.079931640625 0.145068359375
0 0.76953125 0.09375 0.0796875 0.12841796875
0 0.79921875 0.3515625 0.071875 0.1279296875
0 0.81484375 0.59609375 0.0798828125 0.1392578125
0 0.81875 0.8390625 0.06845703125 0.13779296875
0 0.83828125 0.09765625 0.0734375 0.1267578125
0 0.11640625 0.34453125 0.0861328125 0.1330078125
0 0.87265625 0.84921875 0.073095703125 0.125
0 0.878125 0.35390625 0.081640625 0.1326171875
0 0.878125 0.59375 0.0748046875 0.13759765625
0 0.9046875 0.1046875 0.0845703125 0.13427734375
0 0.1234375 0.603125 0.084375 0.13134765625
0 0.125 0.8484375 0.06552734375 0.11884765625
0 0.1859375 0.84609375 0.072216796875 0.123583984375
0 0.19140625 0.60546875 0.0794921875 0.1298828125
0 0.24765625 0.06796875 0.0830078125 0.1326171875
0 0.24765625 0.84375 0.070361328125 0.137255859375
0 0.31875 0.35390625 0.0814453125 0.13125
0 0.32578125 0.0703125 0.0796875 0.13134765625
0 0.31875 0.85390625 0.06552734375 0.125
0 0.390625 0.35390625 0.081640625 0.1326171875
0 0.390625 0.85625 0.077880859375 0.1279296875
0 0.40078125 0.084375 0.0798828125 0.13095703125
0 0.403125 0.603125 0.0751953125 0.12802734375
0 0.453125 0.346875 0.0814453125 0.13095703125
0 0.4625 0.8453125 0.075341796875 0.127734375
0 0.47109375 0.0890625 0.084375 0.13408203125
3 0.56015625 0.35390625 0.0826171875 0.13125
3 0.61796875 0.0890625 0.084375 0.133984375
3 0.62265625 0.34921875 0.0763671875 0.1294921875
3 0.6875 0.0890625 0.0720703125 0.12802734375
3 0.17890625 0.0703125 0.0794921875 0.1310546875
3 0.19140625 0.34921875 0.0826171875 0.13125
3 0.2578125 0.346875 0.077734375 0.128125
6 0.259375 0.60078125 0.087109375 0.1328125
6 0.33671875 0.59609375 0.0859375 0.1328125
9 0.67890625 0.60546875 0.0859375 0.1328125
9 0.74375 0.603125 0.075390625 0.128125