0 0.74140625 0.915625 0.08583984375 0.10927734375
0 0.7421875 0.73203125 0.072119140625 0.101611328125
0 0.7515625 0.5265625 0.087353515625 0.124951171875
0 0.765625 0.3296875 0.081103515625 0.11240234375
0 0.76796875 0.0984375 0.082958984375 0.11279296875
0 0.81171875 0.91328125 0.079638671875 0.104541015625
0 0.815625 0.7265625 0.084033203125 0.109521484375
0 0.82109375 0.53203125 0.0671875 0.0986328125
0 0.83828125 0.09296875 0.079833984375 0.1109375
0 0.84375 0.3296875 0.077978515625 0.10966796875
0 0.8765625 0.9078125 0.07529296875 0.10302734375
0 0.89140625 0.72421875 0.073779296875 0.101806640625
0 0.89140625 0.5265625 0.0671875 0.0998046875
0 0.9140625 0.32734375 0.08427734375 0.1138671875
0 0.921875 0.090625 0.087158203125 0.11279296875
0 0.128125 0.915625 0.071923828125 0.103076171875
0 0.13828125 0.08828125 0.079443359375 0.109375
0 0.1515625 0.32421875 0.078173828125 0.1107421875
0 0.17578125 0.5265625 0.079833984375 0.11240234375
0 0.17734375 0.734375 0.080029296875 0.109130859375
0 0.19375 0.92109375 0.081494140625 0.107861328125
0 0.21640625 0.090625 0.079833984375 0.10947265625
0 0.23828125 0.321875 0.076513671875 0.10634765625
0 0.240625 0.52421875 0.08095703125 0.1109375
0 0.25859375 0.91328125 0.07685546875 0.10478515625
0 0.059375 0.08828125 0.084423828125 0.1138671875
0 0.2609375 0.72109375 0.072119140625 0.1078125
0 0.31875 0.53984375 0.084033203125 0.1125
0 0.3203125 0.71640625 0.08154296875 0.1140625
0 0.32578125 0.91328125 0.08251953125 0.10771484375
0 0.39453125 0.5375 0.086279296875 0.11279296875
0 0.39921875 0.7265625 0.079443359375 0.11240234375
0 0.39921875 0.9109375 0.07626953125 0.10341796875
0 0.078125 0.32421875 0.08447265625 0.1138671875
0 0.46484375 0.5265625 0.079833984375 0.11240234375
0 0.4703125 0.91328125 0.07783203125 0.10185546875
0 0.08671875 0.53984375 0.076708984375 0.1078125
0 0.5328125 0.54296875 0.081298828125 0.1111328125
0 0.534375 0.73046875 0.07529296875 0.09814453125
0 0.540625 0.9109375 0.081103515625 0.106396484375
0 0.603125 0.53984375 0.081298828125 0.1111328125
0 0.60703125 0.71875 0.08310546875 0.10947265625
0 0.60859375 0.91328125 0.085888671875 0.107861328125
0 0.675 0.73203125 0.081103515625 0.107666015625
0 0.67890625 0.91328125 0.080029296875 0.104736328125
0 0.684375 0.52421875 0.07783203125 0.11748046875
3 0.29765625 0.08828125 0.089013671875 0.115625
3 0.30859375 0.32421875 0.086279296875 0.1142578125
3 0.37578125 0.090625 0.07998046875 0.1095703125
3 0.384375 0.31953125 0.07841796875 0.1107421875
3 0.45703125 0.31640625 0.086083984375 0.1140625
3 0.45703125 0.090625 0.082568359375 0.10966796875
3 0.521875 0.090625 0.084423828125 0.11240234375
3 0.53828125 0.31640625 0.085888671875 0.1140625
3 0.6140625 0.32421875 0.084619140625 0.1140625
3 0.6140625 0.090625 0.08095703125 0.1095703125
3 0.68671875 0.32734375 0.08291015625 0.1125
3 0.68984375 0.09609375 0.076708984375 0.1078125
10 0.46953125 0.73359375 0.07626953125 0.09560546875