0 0.10859375 0.33046875 0.159375 0.278125
0 0.48359375 0.74765625 0.1625 0.3125
0 0.50703125 0.3453125 0.1419921875 0.271484375
0 0.6 0.73828125 0.12783203125 0.298388671875
0 0.640625 0.35 0.12529296875 0.240869140625
0 0.69609375 0.73828125 0.1205078125 0.298193359375
0 0.771875 0.35625 0.13779296875 0.246923828125
0 0.78515625 0.73671875 0.1044921875 0.292333984375
0 0.88125 0.728125 0.10009765625 0.290673828125
0 0.8859375 0.35625 0.12841796875 0.247119140625
0 0.21484375 0.75 0.146875 0.30927734375
0 0.23515625 0.3265625 0.1513671875 0.275
0 0.34921875 0.75625 0.140625 0.30595703125
0 0.36796875 0.3328125 0.1638671875 0.278515625
0 0.0953125 0.75625 0.12216796875 0.30302734375