0 0.46171875 0.2015625 0.07109375 0.15859375
0 0.53359375 0.2140625 0.07109375 0.15859375
0 0.09609375 0.171875 0.08515625 0.16328125
0 0.5984375 0.21875 0.07109375 0.15859375
0 0.71171875 0.86796875 0.07109375 0.15859375
0 0.7140625 0.5484375 0.06640625 0.15390625
0 0.7734375 0.86796875 0.07109375 0.15859375
0 0.109375 0.8265625 0.07109375 0.15859375
0 0.7828125 0.553125 0.06640625 0.15390625
0 0.80234375 0.21640625 0.07109375 0.1734375
0 0.83515625 0.865625 0.07109375 0.15859375
0 0.84453125 0.56171875 0.07890625 0.15625
0 0.1171875 0.5015625 0.07109375 0.15859375
0 0.8671875 0.2234375 0.07109375 0.1734375
0 0.17265625 0.83671875 0.07109375 0.15859375
0 0.18046875 0.509375 0.07109375 0.15859375
0 0.24609375 0.17734375 0.07578125 0.1734375
0 0.2453125 0.83671875 0.07109375 0.15859375
0 0.2515625 0.51640625 0.07109375 0.15859375
0 0.328125 0.17578125 0.07265625 0.190625
0 0.3953125 0.1859375 0.07109375 0.18046875
3 0.44453125 0.85078125 0.07109375 0.15859375
3 0.44921875 0.53125 0.07109375 0.15859375
3 0.5109375 0.853125 0.07109375 0.15859375
3 0.515625 0.53359375 0.07109375 0.15859375
3 0.57265625 0.85859375 0.07109375 0.15859375
3 0.58515625 0.540625 0.07109375 0.15859375
3 0.640625 0.865625 0.07109375 0.15859375
3 0.653125 0.54609375 0.07109375 0.15859375
3 0.31484375 0.83359375 0.07109375 0.15859375
3 0.31953125 0.51640625 0.07109375 0.15859375
3 0.3796875 0.84140625 0.07109375 0.15859375
3 0.3875 0.5234375 0.07109375 0.15859375
6 0.184375 0.17421875 0.07265625 0.15859375
9 0.66484375 0.2109375 0.07109375 0.15859375
9 0.728125 0.22109375 0.07109375 0.15859375