0 0.4546875 0.3453125 0.06953125 0.16484375
0 0.48046875 0.7671875 0.06640625 0.1703125
0 0.078125 0.77265625 0.06640625 0.1703125
0 0.52265625 0.33671875 0.06953125 0.16484375
0 0.54375 0.7671875 0.06640625 0.1703125
0 0.575 0.33125 0.06953125 0.16484375
0 0.61171875 0.7671875 0.06640625 0.1703125
0 0.64453125 0.334375 0.06953125 0.16484375
0 0.675 0.7703125 0.06640625 0.1703125
0 0.040625 0.33125 0.06953125 0.16484375
0 0.709375 0.33671875 0.06953125 0.16484375
0 0.74296875 0.7703125 0.06640625 0.1703125
0 0.77578125 0.33671875 0.06953125 0.16484375
0 0.80625 0.77265625 0.06640625 0.1703125
0 0.840625 0.328125 0.06953125 0.16484375
0 0.11484375 0.32578125 0.06953125 0.16484375
0 0.88515625 0.74765625 0.06640625 0.18203125
0 0.89921875 0.33984375 0.06953125 0.16484375
0 0.94375 0.75078125 0.06640625 0.18203125
0 0.9609375 0.3421875 0.06953125 0.16484375
0 0.14765625 0.77265625 0.06640625 0.1703125
0 0.18125 0.328125 0.06953125 0.16484375
0 0.2140625 0.77265625 0.06640625 0.1703125
0 0.02578125 0.74375 0.04765625 0.1953125
0 0.24765625 0.32265625 0.06953125 0.16484375
0 0.2859375 0.77265625 0.06640625 0.1703125
0 0.3046875 0.334375 0.06953125 0.16484375
0 0.34921875 0.7671875 0.06640625 0.1703125
0 0.37734375 0.334375 0.06953125 0.16484375
0 0.4171875 0.76484375 0.06640625 0.1703125