0 0.4796875 0.31328125 0.07890625 0.23046875
0 0.5625 0.3328125 0.0875 0.23046875
0 0.63671875 0.3234375 0.0875 0.23046875
0 0.7984375 0.79765625 0.0875 0.2265625
0 0.86875 0.80703125 0.0875 0.2265625
0 0.8765625 0.31484375 0.0921875 0.27109375
0 0.93984375 0.80703125 0.0875 0.2265625
0 0.94921875 0.31484375 0.0921875 0.27109375
0 0.15546875 0.78203125 0.0875 0.2265625
0 0.228125 0.30546875 0.08046875 0.23359375
0 0.234375 0.78515625 0.0875 0.2265625
0 0.04609375 0.30234375 0.0890625 0.24609375
0 0.3171875 0.28984375 0.08046875 0.25234375
0 0.0734375 0.78203125 0.0875 0.2265625
0 0.403125 0.28984375 0.08046875 0.25234375
3 0.48046875 0.78515625 0.0875 0.2265625
3 0.5578125 0.78828125 0.0875 0.2265625
3 0.63671875 0.79453125 0.0875 0.2265625
3 0.72109375 0.79453125 0.0875 0.2265625
3 0.3125 0.78828125 0.0875 0.2265625
3 0.39453125 0.77890625 0.0875 0.2265625
6 0.15234375 0.30546875 0.08046875 0.23359375
9 0.7171875 0.3328125 0.0875 0.23046875
9 0.8 0.3359375 0.0875 0.23046875