0 0.45625 0.83203125 0.0814453125 0.1484375
0 0.52109375 0.8171875 0.0888671875 0.171484375
0 0.084375 0.83359375 0.0783203125 0.148486328125
0 0.54765625 0.51484375 0.089013671875 0.157763671875
0 0.55625 0.18671875 0.093798828125 0.160693359375
0 0.584375 0.81953125 0.081640625 0.1673828125
0 0.609375 0.5171875 0.081494140625 0.153173828125
0 0.62578125 0.184375 0.098779296875 0.159619140625
0 0.65 0.82734375 0.068603515625 0.1486328125
0 0.71015625 0.8296875 0.076513671875 0.15029296875
0 0.75625 0.18984375 0.090478515625 0.157958984375
0 0.7703125 0.81015625 0.08115234375 0.164111328125
0 0.8265625 0.196875 0.096923828125 0.159619140625
0 0.8375 0.49140625 0.096923828125 0.161083984375
0 0.8421875 0.8078125 0.07197265625 0.162451171875
0 0.89765625 0.18984375 0.08896484375 0.15771484375
0 0.89921875 0.821875 0.079736328125 0.15341796875
0 0.9125 0.503125 0.093408203125 0.171533203125
0 0.1375 0.18203125 0.08720703125 0.15751953125
0 0.14921875 0.5125 0.098779296875 0.159619140625
0 0.14609375 0.83125 0.0732421875 0.14677734375
0 0.2125 0.81328125 0.0875 0.16708984375
0 0.21953125 0.18671875 0.091943359375 0.157958984375
0 0.0609375 0.18203125 0.090283203125 0.157763671875
0 0.290625 0.18671875 0.093798828125 0.160693359375
0 0.29765625 0.83515625 0.0767578125 0.1455078125
0 0.35234375 0.18671875 0.101318359375 0.161279296875
0 0.37109375 0.83515625 0.0736328125 0.1451171875
0 0.384375 0.51484375 0.093798828125 0.160693359375
0 0.07578125 0.51484375 0.09541015625 0.16083984375
0 0.45625 0.51484375 0.09970703125 0.16103515625
3 0.4328125 0.18203125 0.090478515625 0.157958984375
6 0.2359375 0.525 0.084619140625 0.155908203125
6 0.315625 0.5125 0.093798828125 0.159228515625
9 0.68984375 0.51953125 0.09873046875 0.16103515625
9 0.7625 0.5171875 0.08720703125 0.15615234375