0 0.06015625 0.7140625 0.1203125 0.284375
0 0.1390625 0.7 0.127734375 0.281640625
0 0.9296875 0.2984375 0.140625 0.2875
0 0.15390625 0.2875 0.129443359375 0.2720703125
0 0.24921875 0.290625 0.107958984375 0.268359375
0 0.25546875 0.7046875 0.1142578125 0.2783203125
0 0.3625 0.71484375 0.1189453125 0.2798828125
0 0.05546875 0.2828125 0.107958984375 0.266015625
1 0.584375 0.3015625 0.1154296875 0.2783203125
1 0.696875 0.309375 0.13125 0.284375
1 0.81328125 0.29140625 0.1421875 0.2861328125
1 0.35390625 0.2953125 0.1109375 0.2658203125
1 0.48046875 0.29765625 0.13125 0.2732421875
5 0.578125 0.7359375 0.125244140625 0.265673828125
5 0.69296875 0.73828125 0.13623046875 0.27001953125
5 0.79453125 0.7359375 0.135693359375 0.268603515625
5 0.91953125 0.74609375 0.111083984375 0.261279296875
5 0.46953125 0.73203125 0.12060546875 0.2828125