0 0.45546875 0.7984375 0.0798828125 0.1564453125
0 0.45859375 0.1625 0.084375 0.1591796875
0 0.53125 0.79375 0.084375 0.1591796875
0 0.553125 0.484375 0.0873046875 0.1595703125
0 0.6078125 0.79375 0.0783203125 0.15625
0 0.7421875 0.48671875 0.078125 0.15625
0 0.78046875 0.171875 0.0826171875 0.156640625
0 0.81875 0.48671875 0.087109375 0.159375
0 0.83203125 0.78125 0.0861328125 0.17490234375
0 0.8453125 0.175 0.091015625 0.1623046875
0 0.88671875 0.4890625 0.0861328125 0.1595703125
0 0.903125 0.7890625 0.087890625 0.175146484375
0 0.92265625 0.175 0.090625 0.1623046875
0 0.1453125 0.79140625 0.0935546875 0.1625
0 0.21328125 0.15 0.0861328125 0.1595703125
0 0.2890625 0.4765625 0.0873046875 0.1595703125
0 0.29921875 0.15 0.0888671875 0.1595703125
0 0.0671875 0.13984375 0.084375 0.1580078125
0 0.0703125 0.47890625 0.0904296875 0.1609375
0 0.3640625 0.484375 0.0783203125 0.15625
0 0.3703125 0.79375 0.0876953125 0.1595703125
0 0.071875 0.79375 0.0814453125 0.156640625
0 0.38046875 0.1546875 0.0953125 0.1626953125
0 0.43203125 0.48203125 0.0921875 0.1611328125
3 0.61640625 0.159375 0.0951171875 0.1625
3 0.62265625 0.4890625 0.0859375 0.159375
3 0.690625 0.1625 0.078125 0.15625
3 0.14375 0.14765625 0.0935546875 0.1625
3 0.1453125 0.4765625 0.096484375 0.1626953125
3 0.21640625 0.4765625 0.0951171875 0.1625
6 0.23125 0.79609375 0.0876953125 0.1607421875
6 0.30078125 0.79375 0.0951171875 0.1625
9 0.67734375 0.79140625 0.0828125 0.1580078125
9 0.75390625 0.79375 0.0923828125 0.1625