0 0.50390625 0.31796875 0.151611328125 0.30625
0 0.51171875 0.75703125 0.1671875 0.298681640625
0 0.11796875 0.76796875 0.13564453125 0.29501953125
0 0.6421875 0.76171875 0.1625 0.298291015625
0 0.61875 0.3140625 0.102880859375 0.30009765625
0 0.12578125 0.30703125 0.136083984375 0.3015625
0 0.7171875 0.3140625 0.112451171875 0.30283203125
0 0.775 0.75703125 0.1466796875 0.289306640625
0 0.8109375 0.3203125 0.103466796875 0.30029296875
0 0.8953125 0.7484375 0.124951171875 0.262548828125
0 0.9015625 0.315625 0.115380859375 0.30595703125
0 0.23671875 0.76171875 0.155029296875 0.298681640625
0 0.25625 0.3046875 0.140673828125 0.30283203125
0 0.37421875 0.309375 0.139208984375 0.30322265625
0 0.384375 0.76796875 0.1689453125 0.301220703125