0 0.56171875 0.41328125 0.079833984375 0.128125
0 0.565625 0.1953125 0.08740234375 0.1375
0 0.63671875 0.2015625 0.0951171875 0.140625
0 0.63671875 0.4234375 0.08623046875 0.133984375
0 0.10078125 0.1625 0.084375 0.131396484375
0 0.70390625 0.21171875 0.0892578125 0.1263671875
0 0.76328125 0.84921875 0.089013671875 0.129541015625
0 0.77109375 0.2203125 0.0892578125 0.1251953125
0 0.7703125 0.63984375 0.08740234375 0.13564453125
0 0.8265625 0.846875 0.080908203125 0.125146484375
0 0.8390625 0.63984375 0.090771484375 0.136181640625
0 0.8421875 0.221875 0.072216796875 0.1220703125
0 0.85 0.4171875 0.081201171875 0.137158203125
0 0.89140625 0.8390625 0.083154296875 0.128076171875
0 0.90234375 0.6375 0.089306640625 0.137451171875
0 0.9078125 0.23046875 0.07783203125 0.125
0 0.9171875 0.4171875 0.072216796875 0.131494140625
0 0.159375 0.8625 0.0876953125 0.13115234375
0 0.1625 0.63359375 0.096630859375 0.135595703125
0 0.175 0.39765625 0.084375 0.1359375
0 0.18203125 0.1625 0.0859375 0.131591796875
0 0.2421875 0.86015625 0.0908203125 0.12998046875
0 0.2546875 0.63125 0.087646484375 0.131201171875
0 0.259375 0.1703125 0.08134765625 0.131201171875
0 0.3359375 0.17421875 0.09345703125 0.135595703125
0 0.33515625 0.4 0.096875 0.143359375
0 0.078125 0.86484375 0.09970703125 0.136181640625
0 0.41015625 0.4015625 0.0951171875 0.156298828125
0 0.4171875 0.17421875 0.09404296875 0.140625
0 0.08515625 0.625 0.092041015625 0.134326171875
0 0.46953125 0.85859375 0.1015625 0.138720703125
0 0.48828125 0.18046875 0.0888671875 0.1375
0 0.4875 0.4 0.0841796875 0.15029296875
0 0.08828125 0.39375 0.0923828125 0.140625
3 0.55078125 0.8546875 0.0953125 0.13447265625
3 0.5609375 0.63515625 0.087255859375 0.135595703125
3 0.621875 0.8515625 0.096875 0.13095703125
3 0.6359375 0.63515625 0.090966796875 0.136181640625
3 0.6890625 0.84921875 0.1029296875 0.13271484375
3 0.703125 0.6375 0.090966796875 0.137646484375
3 0.31953125 0.85859375 0.096875 0.135791015625
3 0.334375 0.62890625 0.100146484375 0.138720703125
3 0.3984375 0.85859375 0.096484375 0.13291015625
3 0.40703125 0.63359375 0.095556640625 0.135986328125
3 0.48671875 0.63515625 0.092041015625 0.132861328125
6 0.25390625 0.4 0.0826171875 0.134375
9 0.71015625 0.42578125 0.089013671875 0.1328125
9 0.77734375 0.42734375 0.082958984375 0.1298828125