0 0.478125 0.603125 0.071875 0.1265625
0 0.5234375 0.8453125 0.06484375 0.1453125
0 0.54765625 0.5984375 0.071875 0.1265625
0 0.584375 0.8359375 0.06484375 0.1453125
0 0.6125 0.60078125 0.071875 0.1265625
0 0.640625 0.85078125 0.0609375 0.12421875
0 0.6984375 0.853125 0.0609375 0.12421875
0 0.7453125 0.3515625 0.071875 0.1265625
0 0.1078125 0.07265625 0.071875 0.1265625
0 0.75546875 0.83671875 0.06484375 0.13828125
0 0.76953125 0.09375 0.071875 0.1265625
0 0.79921875 0.3515625 0.071875 0.1265625
0 0.81484375 0.59609375 0.071875 0.1359375
0 0.81875 0.8390625 0.06484375 0.13828125
0 0.83828125 0.09765625 0.071875 0.1265625
0 0.11640625 0.34453125 0.071875 0.1265625
0 0.87265625 0.84921875 0.06484375 0.121875
0 0.878125 0.35390625 0.071875 0.1265625
0 0.878125 0.59375 0.071875 0.1359375
0 0.9046875 0.1046875 0.071875 0.1265625
0 0.1234375 0.603125 0.071875 0.1265625
0 0.125 0.8484375 0.06484375 0.11953125
0 0.1859375 0.84609375 0.06484375 0.11953125
0 0.19140625 0.60546875 0.071875 0.1265625
0 0.24765625 0.06796875 0.071875 0.1265625
0 0.24765625 0.84375 0.06484375 0.13359375
0 0.31875 0.35390625 0.071875 0.1265625
0 0.32578125 0.0703125 0.071875 0.1265625
0 0.31875 0.85390625 0.0578125 0.121875
0 0.390625 0.35390625 0.071875 0.1265625
0 0.390625 0.85625 0.06484375 0.121875
0 0.40078125 0.084375 0.071875 0.1265625
0 0.403125 0.603125 0.071875 0.1265625
0 0.453125 0.346875 0.071875 0.1265625
0 0.4625 0.8453125 0.06484375 0.121875
0 0.47109375 0.0890625 0.071875 0.1265625
3 0.56015625 0.35390625 0.071875 0.1265625
3 0.61796875 0.0890625 0.071875 0.1265625
3 0.62265625 0.34921875 0.071875 0.1265625
3 0.6875 0.0890625 0.071875 0.1265625
3 0.17890625 0.0703125 0.071875 0.1265625
3 0.19140625 0.34921875 0.071875 0.1265625
3 0.2578125 0.346875 0.071875 0.1265625
6 0.259375 0.60078125 0.071875 0.1265625
6 0.33671875 0.59609375 0.071875 0.1265625
9 0.67890625 0.60546875 0.071875 0.1265625
9 0.74375 0.603125 0.071875 0.1265625