0 0.4875 0.40703125 0.09296875 0.228125
0 0.49609375 0.75859375 0.08828125 0.24296875
0 0.56953125 0.40703125 0.09296875 0.228125
0 0.58125 0.775 0.08828125 0.20078125
0 0.64921875 0.4015625 0.07890625 0.228125
0 0.6578125 0.7703125 0.09140625 0.20078125
0 0.721875 0.41796875 0.08359375 0.19609375
0 0.80546875 0.425 0.08359375 0.19609375
0 0.875 0.425 0.08359375 0.19609375
0 0.88984375 0.74921875 0.08515625 0.21328125
0 0.95078125 0.425 0.08359375 0.19609375
0 0.959375 0.74140625 0.0796875 0.21328125
0 0.15625 0.42421875 0.09296875 0.21328125
0 0.16328125 0.7875 0.08359375 0.20546875
0 0.246875 0.41875 0.09296875 0.21328125
0 0.07421875 0.42421875 0.09296875 0.21328125
0 0.33203125 0.7796875 0.0953125 0.2109375
0 0.33671875 0.421875 0.09296875 0.21328125
0 0.41328125 0.40390625 0.09296875 0.228125
0 0.41796875 0.75625 0.0953125 0.228125
0 0.07890625 0.7921875 0.08359375 0.20546875
6 0.2515625 0.78203125 0.0953125 0.2109375
9 0.73671875 0.7703125 0.09140625 0.20078125
9 0.809375 0.7703125 0.09140625 0.20078125