0 0.4265625 0.31015625 0.07265625 0.18828125
0 0.48671875 0.31328125 0.07265625 0.18828125
0 0.5484375 0.31640625 0.07265625 0.18828125
0 0.57265625 0.74921875 0.06796875 0.18515625
0 0.61015625 0.31953125 0.07265625 0.18828125
0 0.6359375 0.75859375 0.06796875 0.18515625
0 0.675 0.32265625 0.07265625 0.18828125
0 0.69609375 0.75234375 0.06796875 0.18515625
0 0.10546875 0.30703125 0.07265625 0.18828125
0 0.73671875 0.31953125 0.07265625 0.18828125
0 0.753125 0.75546875 0.06796875 0.18515625
0 0.7984375 0.328125 0.07265625 0.18828125
0 0.81484375 0.75546875 0.06796875 0.18515625
0 0.86953125 0.30703125 0.06640625 0.20625
0 0.9234375 0.31328125 0.06640625 0.20625
0 0.92890625 0.74921875 0.06796875 0.18515625
0 0.046875 0.28359375 0.07265625 0.215625
0 0.1703125 0.30703125 0.07265625 0.18828125
0 0.23671875 0.31328125 0.07265625 0.18828125
0 0.303125 0.31640625 0.07265625 0.18828125
0 0.37109375 0.30390625 0.07265625 0.18828125
8 0.45078125 0.75234375 0.06796875 0.18515625
8 0.07890625 0.73828125 0.07421875 0.21875
8 0.5125 0.74609375 0.06796875 0.18515625
8 0.8765625 0.74921875 0.06796875 0.18515625
8 0.1453125 0.75390625 0.07421875 0.20078125
8 0.20859375 0.75390625 0.07421875 0.20078125
8 0.26875 0.76328125 0.07421875 0.20078125
8 0.33671875 0.75078125 0.07421875 0.20078125
8 0.3921875 0.75859375 0.06796875 0.18515625