0 0.56171875 0.41328125 0.07890625 0.128125
0 0.565625 0.1953125 0.0828125 0.134375
0 0.63671875 0.2015625 0.0828125 0.134375
0 0.63671875 0.4234375 0.07890625 0.128125
0 0.10078125 0.1625 0.0828125 0.13046875
0 0.70390625 0.21171875 0.0828125 0.121875
0 0.76328125 0.84921875 0.07890625 0.12421875
0 0.77109375 0.2203125 0.0828125 0.121875
0 0.7703125 0.63984375 0.07734375 0.13046875
0 0.8265625 0.846875 0.07890625 0.12421875
0 0.8390625 0.63984375 0.07734375 0.13046875
0 0.8421875 0.221875 0.07109375 0.121875
0 0.85 0.4171875 0.07109375 0.13203125
0 0.89140625 0.8390625 0.07890625 0.12421875
0 0.90234375 0.6375 0.07734375 0.13046875
0 0.9078125 0.23046875 0.07109375 0.121875
0 0.9171875 0.4171875 0.07109375 0.13203125
0 0.159375 0.8625 0.0890625 0.13046875
0 0.1625 0.63359375 0.08671875 0.13046875
0 0.175 0.39765625 0.08125 0.134375
0 0.18203125 0.1625 0.0828125 0.13046875
0 0.2421875 0.86015625 0.0890625 0.13046875
0 0.2546875 0.63125 0.08671875 0.13046875
0 0.259375 0.1703125 0.0828125 0.13046875
0 0.3359375 0.17421875 0.0828125 0.13046875
0 0.33515625 0.4 0.08125 0.134375
0 0.078125 0.86484375 0.0890625 0.13046875
0 0.41015625 0.4015625 0.08125 0.15078125
0 0.4171875 0.17421875 0.0828125 0.134375
0 0.08515625 0.625 0.08671875 0.13046875
0 0.46953125 0.85859375 0.0890625 0.13046875
0 0.48828125 0.18046875 0.0828125 0.134375
0 0.4875 0.4 0.08125 0.15078125
0 0.08828125 0.39375 0.08125 0.134375
3 0.55078125 0.8546875 0.0890625 0.13046875
3 0.5609375 0.63515625 0.07734375 0.13046875
3 0.621875 0.8515625 0.0890625 0.12421875
3 0.6359375 0.63515625 0.07734375 0.13046875
3 0.6890625 0.84921875 0.0890625 0.12421875
3 0.703125 0.6375 0.07734375 0.13046875
3 0.31953125 0.85859375 0.0890625 0.13046875
3 0.334375 0.62890625 0.08671875 0.13046875
3 0.3984375 0.85859375 0.0890625 0.13046875
3 0.40703125 0.63359375 0.08671875 0.13046875
3 0.48671875 0.63515625 0.08671875 0.13046875
6 0.25390625 0.4 0.08125 0.134375
9 0.71015625 0.42578125 0.07890625 0.128125
9 0.77734375 0.42734375 0.07890625 0.128125