0 0.47734375 0.78203125 0.101611328125 0.264013671875
0 0.47734375 0.3015625 0.116845703125 0.268603515625
0 0.58046875 0.78203125 0.119970703125 0.270068359375
0 0.58828125 0.28984375 0.104736328125 0.266943359375
0 0.68046875 0.78203125 0.107568359375 0.266943359375
0 0.684375 0.2953125 0.12509765625 0.26904296875
0 0.78984375 0.78203125 0.1140625 0.264208984375
0 0.8 0.28984375 0.10908203125 0.26708984375
0 0.8921875 0.29296875 0.109130859375 0.267138671875
0 0.896875 0.78203125 0.106298828125 0.266943359375
0 0.165625 0.30390625 0.10322265625 0.26435546875
0 0.171875 0.78203125 0.13134765625 0.27060546875
0 0.26796875 0.2984375 0.129345703125 0.271533203125
0 0.07109375 0.309375 0.126611328125 0.268994140625
0 0.27265625 0.78203125 0.133056640625 0.273193359375
0 0.36875 0.2953125 0.106201171875 0.265478515625
0 0.375 0.78203125 0.103466796875 0.264208984375
0 0.08125 0.78515625 0.10341796875 0.267138671875