0 0.43046875 0.621875 0.06796875 0.1453125
0 0.45859375 0.28359375 0.06484375 0.13203125
0 0.49375 0.61953125 0.06796875 0.1453125
0 0.528125 0.27890625 0.06484375 0.13203125
0 0.55703125 0.62421875 0.06796875 0.1453125
0 0.584375 0.93515625 0.06953125 0.12734375
0 0.59140625 0.27890625 0.06484375 0.13203125
0 0.621875 0.61953125 0.06796875 0.1453125
0 0.64140625 0.94765625 0.06953125 0.10234375
0 0.65703125 0.27890625 0.06484375 0.13203125
0 0.68359375 0.61953125 0.06796875 0.1453125
0 0.7109375 0.93984375 0.06953125 0.10859375
0 0.72265625 0.2859375 0.06953125 0.140625
0 0.7453125 0.61953125 0.06796875 0.1453125
0 0.76953125 0.93984375 0.06953125 0.10859375
0 0.1078125 0.6171875 0.06796875 0.1453125
0 0.7859375 0.28828125 0.06953125 0.140625
0 0.81640625 0.61953125 0.06796875 0.1453125
0 0.8296875 0.9375 0.06953125 0.10859375
0 0.84609375 0.27890625 0.06953125 0.140625
0 0.8765625 0.60625 0.06796875 0.1453125
0 0.90625 0.28515625 0.06484375 0.125
0 0.9484375 0.934375 0.06953125 0.125
0 0.9671875 0.29296875 0.065625 0.1390625
0 0.13125 0.27734375 0.06484375 0.13203125
0 0.04453125 0.60625 0.06796875 0.16328125
0 0.17421875 0.61953125 0.06796875 0.1453125
0 0.20078125 0.2703125 0.06484375 0.13203125
0 0.2390625 0.61953125 0.06796875 0.1453125
0 0.2640625 0.27734375 0.06484375 0.13203125
0 0.27265625 0.93515625 0.06953125 0.12734375
0 0.31015625 0.6171875 0.06796875 0.1453125
0 0.33046875 0.28125 0.06484375 0.13203125
0 0.3734375 0.6171875 0.06796875 0.1453125
0 0.06640625 0.275 0.06484375 0.13203125
0 0.39375 0.27734375 0.06484375 0.13203125
8 0.4515625 0.9328125 0.06953125 0.12734375
8 0.0765625 0.93046875 0.06953125 0.12734375
8 0.51796875 0.93046875 0.06953125 0.12734375
8 0.89296875 0.928125 0.06953125 0.10859375
8 0.94140625 0.61484375 0.06171875 0.1453125
8 0.15078125 0.9328125 0.06953125 0.12734375
8 0.20625 0.93671875 0.06953125 0.12578125
8 0.325 0.93515625 0.06953125 0.12734375
8 0.38984375 0.93515625 0.06953125 0.12734375