0 0.59765625 0.915625 0.08125 0.12578125
0 0.6078125 0.6890625 0.0734375 0.13046875
0 0.675 0.91796875 0.08125 0.12578125
0 0.6875 0.68359375 0.09453125 0.1421875
0 0.7421875 0.9203125 0.08125 0.12578125
0 0.75859375 0.68359375 0.09453125 0.1421875
0 0.77265625 0.44765625 0.08828125 0.1328125
0 0.79296875 0.17421875 0.08828125 0.1328125
0 0.8171875 0.925 0.08125 0.12578125
0 0.8296875 0.69765625 0.0859375 0.11953125
0 0.8515625 0.44296875 0.08828125 0.1328125
0 0.86640625 0.16953125 0.08828125 0.1328125
0 0.89453125 0.92265625 0.08125 0.12578125
0 0.89921875 0.69296875 0.0859375 0.11953125
0 0.9296875 0.44765625 0.08828125 0.1328125
0 0.94609375 0.1671875 0.08828125 0.1328125
0 0.1359375 0.134375 0.08828125 0.1328125
0 0.140625 0.421875 0.08828125 0.1328125
0 0.1546875 0.68203125 0.08828125 0.12578125
0 0.1625 0.921875 0.0859375 0.11953125
0 0.05625 0.134375 0.08828125 0.1328125
0 0.0609375 0.41953125 0.08828125 0.1328125
0 0.221875 0.14375 0.08828125 0.1328125
0 0.22421875 0.42421875 0.08828125 0.1328125
0 0.23046875 0.6765625 0.08828125 0.1421875
0 0.23359375 0.90546875 0.08125 0.1375
0 0.30546875 0.68359375 0.08828125 0.128125
0 0.3109375 0.90546875 0.08125 0.1375
0 0.3828125 0.69296875 0.08828125 0.128125
0 0.390625 0.9171875 0.08125 0.1375
0 0.0796875 0.6890625 0.08828125 0.12578125
0 0.46015625 0.6796875 0.08828125 0.13984375
0 0.52421875 0.915625 0.08125 0.12578125
0 0.53671875 0.6890625 0.0734375 0.13046875
3 0.621875 0.440625 0.08828125 0.1328125
3 0.6296875 0.1625 0.08828125 0.1328125
3 0.6953125 0.44296875 0.08828125 0.1328125
3 0.715625 0.16484375 0.08828125 0.1328125
3 0.3078125 0.14609375 0.08828125 0.1328125
3 0.31171875 0.43359375 0.08828125 0.1328125
3 0.3890625 0.14375 0.08828125 0.1328125
3 0.39140625 0.43125 0.08828125 0.1328125
3 0.47109375 0.15078125 0.08828125 0.1328125
3 0.4734375 0.43359375 0.08828125 0.1328125
3 0.55078125 0.43359375 0.08828125 0.1328125
3 0.55234375 0.1578125 0.08828125 0.1328125
10 0.45703125 0.92265625 0.08125 0.12578125