0 0.16796875 0.28359375 0.121875 0.117431640625
0 0.17265625 0.11796875 0.111083984375 0.132568359375
0 0.19296875 0.4546875 0.11875 0.0935546875
0 0.19765625 0.61875 0.107568359375 0.09072265625
0 0.21796875 0.76328125 0.10458984375 0.0892578125
0 0.221875 0.91328125 0.112158203125 0.111279296875
0 0.07265625 0.28359375 0.1232421875 0.11435546875
0 0.06640625 0.10859375 0.098193359375 0.1236328125
0 0.2765625 0.13046875 0.115234375 0.126904296875
0 0.28046875 0.2859375 0.121875 0.118701171875
0 0.30546875 0.4546875 0.1138671875 0.084765625
0 0.30078125 0.61640625 0.10751953125 0.0921875
0 0.31328125 0.7734375 0.10478515625 0.0908203125
0 0.32578125 0.9109375 0.10771484375 0.10634765625
0 0.38828125 0.28828125 0.1205078125 0.12314453125
0 0.4046875 0.4546875 0.115625 0.090234375
0 0.409375 0.62109375 0.10966796875 0.0982421875
0 0.41328125 0.7734375 0.111279296875 0.09990234375
0 0.42578125 0.91328125 0.107763671875 0.107763671875
0 0.09765625 0.45 0.1140625 0.094140625
0 0.50859375 0.459375 0.1171875 0.090625
0 0.50859375 0.62109375 0.110888671875 0.096875
0 0.09765625 0.62109375 0.107568359375 0.0875
0 0.52578125 0.915625 0.11123046875 0.11220703125
0 0.5296875 0.76875 0.109228515625 0.09384765625
0 0.6125 0.46171875 0.1216796875 0.096875
0 0.60859375 0.61875 0.104638671875 0.08779296875
0 0.625 0.9203125 0.112353515625 0.10009765625
0 0.62890625 0.77109375 0.11103515625 0.0982421875
0 0.70390625 0.61875 0.104833984375 0.09033203125
0 0.70859375 0.9203125 0.107763671875 0.09384765625
0 0.71640625 0.76328125 0.11083984375 0.0955078125
0 0.7203125 0.459375 0.1125 0.084375
0 0.1265625 0.7609375 0.112158203125 0.09990234375
0 0.81171875 0.91796875 0.107568359375 0.0921875
0 0.81640625 0.62578125 0.111083984375 0.0982421875
0 0.82421875 0.46171875 0.096875 0.0861328125
0 0.8328125 0.76328125 0.11240234375 0.1
0 0.13515625 0.91328125 0.10478515625 0.10478515625
0 0.89921875 0.91796875 0.105029296875 0.0919921875
0 0.915625 0.46171875 0.103369140625 0.0859375
0 0.915625 0.62578125 0.105908203125 0.0919921875
0 0.92421875 0.12578125 0.11875 0.1046875
0 0.928125 0.76328125 0.112353515625 0.1
1 0.371875 0.13046875 0.1251953125 0.138818359375
1 0.48828125 0.121875 0.115625 0.10634765625
1 0.59609375 0.121875 0.1203125 0.11240234375
1 0.7203125 0.121875 0.121484375 0.112353515625
1 0.82421875 0.12578125 0.1138671875 0.0982421875
5 0.49609375 0.3 0.1142578125 0.115478515625
5 0.60859375 0.30390625 0.121875 0.1169921875
5 0.7125 0.29921875 0.124609375 0.1173828125
5 0.81640625 0.30546875 0.115625 0.096875
5 0.9203125 0.303125 0.115625 0.096875