0 0.046875 0.3171875 0.09375 0.25
0 0.475 0.3125 0.106591796875 0.27841796875
0 0.571875 0.32734375 0.115869140625 0.236083984375
0 0.6578125 0.33046875 0.11552734375 0.23603515625
0 0.8078125 0.728125 0.099658203125 0.250146484375
0 0.88515625 0.73359375 0.089208984375 0.245556640625
0 0.89453125 0.31796875 0.092529296875 0.270556640625
0 0.1265625 0.321875 0.10966796875 0.25302734375
0 0.12890625 0.753125 0.092138671875 0.25283203125
0 0.95703125 0.7265625 0.0859375 0.25
0 0.959375 0.31171875 0.08125 0.2734375
0 0.22421875 0.746875 0.098388671875 0.25322265625
0 0.04765625 0.7578125 0.0953125 0.25625
0 0.30703125 0.321875 0.107666015625 0.252880859375
0 0.396875 0.2984375 0.12216796875 0.2841796875
3 0.48515625 0.74453125 0.10458984375 0.25625
3 0.5671875 0.7390625 0.10615234375 0.2564453125
3 0.64765625 0.7390625 0.09501953125 0.253515625
3 0.73046875 0.74140625 0.098388671875 0.248486328125
3 0.31875 0.75 0.10947265625 0.25625
3 0.40390625 0.74453125 0.104638671875 0.25625
6 0.21875 0.31875 0.097216796875 0.250146484375
9 0.73671875 0.34140625 0.098193359375 0.230029296875
9 0.815625 0.3328125 0.10009765625 0.23134765625