0 0.60703125 0.61171875 0.06875 0.095166015625
0 0.609375 0.15234375 0.071875 0.1044921875
0 0.615625 0.83515625 0.0751953125 0.1015625
0 0.63125 0.3765625 0.0748046875 0.0966796875
0 0.6640625 0.609375 0.071484375 0.096826171875
0 0.66640625 0.14765625 0.0671875 0.1013671875
0 0.09609375 0.13359375 0.075 0.1048828125
0 0.68359375 0.8296875 0.0763671875 0.109130859375
0 0.69453125 0.38125 0.06875 0.0935546875
0 0.0984375 0.609375 0.071484375 0.09677734375
0 0.72109375 0.61640625 0.0705078125 0.095556640625
0 0.72578125 0.15 0.0705078125 0.103125
0 0.73828125 0.83203125 0.0732421875 0.104931640625
0 0.0390625 0.596875 0.0685546875 0.115283203125
0 0.7453125 0.3859375 0.0748046875 0.0966796875
0 0.778125 0.61171875 0.0685546875 0.09501953125
0 0.79375 0.15234375 0.075 0.1048828125
0 0.8 0.834375 0.0716796875 0.106201171875
0 0.8109375 0.37890625 0.0658203125 0.0953125
0 0.84609375 0.60078125 0.0734375 0.10751953125
0 0.8703125 0.38828125 0.0720703125 0.0986328125
0 0.91796875 0.825 0.0736328125 0.10654296875
0 0.925 0.38828125 0.071875 0.0986328125
0 0.12734375 0.3703125 0.0701171875 0.09375
0 0.1578125 0.6046875 0.0751953125 0.099951171875
0 0.16015625 0.1359375 0.0736328125 0.103515625
0 0.1953125 0.37265625 0.071875 0.0951171875
0 0.2234375 0.6046875 0.06875 0.094091796875
0 0.228125 0.1359375 0.069140625 0.103125
0 0.25390625 0.37421875 0.0673828125 0.0921875
0 0.2875 0.609375 0.0685546875 0.094091796875
0 0.2890625 0.140625 0.0751953125 0.1060546875
0 0.059375 0.3703125 0.0720703125 0.096484375
0 0.315625 0.38125 0.069140625 0.09375
0 0.3546875 0.140625 0.071875 0.1033203125
0 0.35703125 0.609375 0.0701171875 0.096630859375
0 0.375 0.38125 0.0658203125 0.090625
0 0.41640625 0.14765625 0.0767578125 0.10625
0 0.42109375 0.6140625 0.0703125 0.096826171875
0 0.43828125 0.8375 0.075 0.1
0 0.44296875 0.37890625 0.0701171875 0.09375
0 0.478125 0.1453125 0.075390625 0.10625
0 0.48203125 0.6046875 0.0671875 0.093896484375
0 0.50859375 0.38125 0.0734375 0.094140625
0 0.03828125 0.1328125 0.067431640625 0.096923828125
0 0.5390625 0.60703125 0.071875 0.095556640625
0 0.54140625 0.1453125 0.0736328125 0.103515625
0 0.55703125 0.8328125 0.075 0.10283203125
0 0.56796875 0.38359375 0.0736328125 0.0955078125
8 0.859375 0.82265625 0.074609375 0.107470703125
8 0.903125 0.60078125 0.06875 0.10439453125
8 0.13359375 0.83515625 0.0732421875 0.0986328125
8 0.20390625 0.8421875 0.06875 0.0970703125
8 0.25625 0.83515625 0.06875 0.096875
8 0.31328125 0.83515625 0.0669921875 0.0953125
8 0.065625 0.83203125 0.069140625 0.10478515625
8 0.375 0.83984375 0.0716796875 0.0984375
8 0.5015625 0.8328125 0.071875 0.10009765625