0 0.05078125 0.5515625 0.1015625 0.175
0 0.6734375 0.86875 0.1109375 0.175
0 0.66875 0.56171875 0.1015625 0.175
0 0.68515625 0.23984375 0.1015625 0.175
0 0.77734375 0.86640625 0.1109375 0.175
0 0.78203125 0.559375 0.1015625 0.175
0 0.79609375 0.2375 0.1015625 0.175
0 0.88125 0.8734375 0.1109375 0.175
0 0.890625 0.56171875 0.1015625 0.175
0 0.9 0.23984375 0.1015625 0.175
0 0.1484375 0.2375 0.1015625 0.175
0 0.1484375 0.54921875 0.1015625 0.175
0 0.16328125 0.83984375 0.09921875 0.19765625
0 0.25234375 0.2375 0.1015625 0.175
0 0.259375 0.55390625 0.1015625 0.175
0 0.2703125 0.8484375 0.1109375 0.175
0 0.053125 0.234375 0.1015625 0.175
0 0.35390625 0.23203125 0.1015625 0.175
0 0.35859375 0.54921875 0.1015625 0.175
0 0.36796875 0.85078125 0.1109375 0.175
0 0.08203125 0.83359375 0.08984375 0.1703125
0 0.46484375 0.55703125 0.1015625 0.175
0 0.471875 0.2421875 0.1015625 0.175
0 0.47890625 0.85390625 0.1109375 0.175
0 0.57109375 0.86328125 0.1109375 0.175
0 0.57109375 0.55390625 0.1015625 0.175
0 0.5828125 0.2375 0.1015625 0.175