0 0.43046875 0.621875 0.073095703125 0.14658203125
0 0.45859375 0.28359375 0.079736328125 0.138818359375
0 0.49375 0.61953125 0.081591796875 0.1513671875
0 0.528125 0.27890625 0.078076171875 0.136279296875
0 0.55703125 0.62421875 0.070361328125 0.146875
0 0.58359375 0.934375 0.0765625 0.13125
0 0.59140625 0.27890625 0.067236328125 0.133154296875
0 0.621875 0.61953125 0.071826171875 0.146875
0 0.640625 0.946875 0.075 0.10625
0 0.65703125 0.27890625 0.06416015625 0.13271484375
0 0.68359375 0.61953125 0.073291015625 0.1482421875
0 0.7109375 0.93984375 0.075048828125 0.110986328125
0 0.72265625 0.2859375 0.076904296875 0.14375
0 0.7453125 0.61953125 0.084130859375 0.1513671875
0 0.76953125 0.93984375 0.079638671875 0.113916015625
0 0.1078125 0.6171875 0.07158203125 0.146875
0 0.7859375 0.28828125 0.071728515625 0.1419921875
0 0.81640625 0.61953125 0.07666015625 0.1486328125
0 0.8296875 0.9375 0.071728515625 0.109716796875
0 0.84609375 0.27890625 0.07041015625 0.140625
0 0.8765625 0.60625 0.075146484375 0.14697265625
0 0.90625 0.28515625 0.078076171875 0.1298828125
0 0.9484375 0.934375 0.074658203125 0.1279296875
0 0.9640625 0.2921875 0.071875 0.14375
0 0.13125 0.27734375 0.081005859375 0.138818359375
0 0.04453125 0.60625 0.067431640625 0.162548828125
0 0.17421875 0.61953125 0.076416015625 0.1484375
0 0.20078125 0.2703125 0.070361328125 0.134228515625
0 0.2390625 0.61953125 0.074755859375 0.1482421875
0 0.2640625 0.27734375 0.081005859375 0.138818359375
0 0.271875 0.93359375 0.084375 0.1328125
0 0.31015625 0.6171875 0.073681640625 0.14970703125
0 0.33046875 0.28125 0.07353515625 0.13466796875
0 0.3734375 0.6171875 0.084326171875 0.15283203125
0 0.06640625 0.275 0.07978515625 0.13740234375
0 0.39375 0.27734375 0.077880859375 0.136279296875
8 0.4515625 0.9328125 0.078369140625 0.131591796875
8 0.0765625 0.93046875 0.080908203125 0.132470703125
8 0.51796875 0.93046875 0.070654296875 0.126806640625
8 0.89296875 0.928125 0.073388671875 0.109716796875
8 0.94140625 0.61484375 0.07021484375 0.1484375
8 0.15078125 0.9328125 0.076904296875 0.131396484375
8 0.20546875 0.93515625 0.0828125 0.1296875
8 0.32421875 0.934375 0.0828125 0.13125
8 0.3890625 0.93359375 0.084375 0.1328125