0 0.75078125 0.87578125 0.1044921875 0.1423828125
0 0.74921875 0.625 0.1107421875 0.1623046875
0 0.7609375 0.4 0.09345703125 0.131396484375
0 0.76875 0.159375 0.112744140625 0.153173828125
0 0.83671875 0.625 0.1046875 0.159375
0 0.84296875 0.87109375 0.1201171875 0.1517578125
0 0.85078125 0.40703125 0.1017578125 0.135986328125
0 0.8640625 0.16640625 0.112548828125 0.154638671875
0 0.18359375 0.6375 0.1138671875 0.15283203125
0 0.18671875 0.140625 0.1046875 0.1529296875
0 0.19296875 0.87578125 0.1109375 0.1482421875
0 0.28046875 0.87578125 0.1044921875 0.1423828125
0 0.28125 0.63515625 0.1001953125 0.1423828125
0 0.284375 0.14453125 0.10625 0.15791015625
0 0.37890625 0.63984375 0.1109375 0.1486328125
0 0.390625 0.15390625 0.11572265625 0.14814453125
0 0.3828125 0.86640625 0.090625 0.153125
0 0.471875 0.6375 0.1029296875 0.14404296875
0 0.48359375 0.15625 0.129638671875 0.155908203125
0 0.47265625 0.8640625 0.103125 0.15966796875
0 0.484375 0.39765625 0.09970703125 0.13876953125
0 0.08984375 0.87578125 0.1048828125 0.15
0 0.09375 0.625 0.1125 0.15029296875
0 0.09609375 0.13515625 0.1076171875 0.1703125
0 0.56796875 0.8734375 0.1111328125 0.1470703125
0 0.571875 0.6375 0.1095703125 0.14990234375
0 0.58359375 0.15625 0.12978515625 0.15615234375
0 0.5734375 0.40234375 0.1060546875 0.13896484375
0 0.659375 0.6375 0.1064453125 0.14716796875
0 0.665625 0.86640625 0.11875 0.1517578125
0 0.67578125 0.159375 0.11064453125 0.15029296875
0 0.6734375 0.4046875 0.10615234375 0.140576171875
5 0.19296875 0.39609375 0.107568359375 0.1388671875
5 0.28828125 0.39609375 0.107568359375 0.1388671875
5 0.40078125 0.39375 0.0951171875 0.149609375
5 0.0875 0.39140625 0.112158203125 0.1421875