0 0.06953125 0.78984375 0.06171875 0.1828125
0 0.4328125 0.55390625 0.07265625 0.178125
0 0.453125 0.81796875 0.06328125 0.17265625
0 0.50078125 0.55703125 0.07265625 0.178125
0 0.5078125 0.21953125 0.07109375 0.2140625
0 0.5640625 0.55703125 0.07265625 0.178125
0 0.57734375 0.240625 0.07109375 0.19375
0 0.5765625 0.84453125 0.06328125 0.1671875
0 0.62890625 0.56484375 0.07265625 0.178125
0 0.63828125 0.85234375 0.06328125 0.1671875
0 0.64609375 0.2421875 0.07578125 0.190625
0 0.7015625 0.8625 0.06328125 0.1671875
0 0.715625 0.25 0.07578125 0.190625
0 0.1046875 0.215625 0.07109375 0.18046875
0 0.76953125 0.8484375 0.07578125 0.1859375
0 0.7859375 0.246875 0.07578125 0.190625
0 0.8125 0.58046875 0.07265625 0.178125
0 0.840625 0.85078125 0.07578125 0.1859375
0 0.85234375 0.25234375 0.07578125 0.190625
0 0.90078125 0.86640625 0.07578125 0.1859375
0 0.928125 0.2546875 0.07578125 0.190625
0 0.1421875 0.79609375 0.06171875 0.1703125
0 0.16640625 0.215625 0.07109375 0.18046875
0 0.19609375 0.8 0.07109375 0.18828125
0 0.234375 0.215625 0.07109375 0.18046875
0 0.265625 0.80546875 0.07109375 0.18828125
0 0.3296875 0.82890625 0.07265625 0.15703125
0 0.39296875 0.8234375 0.06328125 0.17265625
1 0.43828125 0.22890625 0.07109375 0.18046875
1 0.03984375 0.21015625 0.07109375 0.18046875
1 0.30390625 0.21796875 0.07109375 0.18046875
1 0.3703125 0.2234375 0.07109375 0.18046875
5 0.690625 0.5671875 0.07265625 0.178125
5 0.74921875 0.58046875 0.07265625 0.178125
5 0.11015625 0.50703125 0.07265625 0.1828125
5 0.8796875 0.575 0.06171875 0.1828125
5 0.0484375 0.51484375 0.07265625 0.1828125
5 0.171875 0.53046875 0.07265625 0.1828125
5 0.23828125 0.54140625 0.07265625 0.1828125
5 0.3 0.5359375 0.07265625 0.1828125
5 0.36953125 0.54609375 0.07265625 0.178125