0 0.16796875 0.28359375 0.1125 0.10859375
0 0.17265625 0.11796875 0.10390625 0.12578125
0 0.19296875 0.4546875 0.1125 0.084375
0 0.19765625 0.61875 0.10390625 0.0890625
0 0.21796875 0.76328125 0.10390625 0.0890625
0 0.221875 0.91328125 0.10390625 0.10390625
0 0.07265625 0.28359375 0.1125 0.10390625
0 0.06640625 0.10859375 0.09140625 0.1203125
0 0.2765625 0.13046875 0.1125 0.12578125
0 0.28046875 0.2859375 0.1125 0.10859375
0 0.30546875 0.4546875 0.1125 0.084375
0 0.30078125 0.61640625 0.10390625 0.0890625
0 0.31328125 0.7734375 0.10390625 0.0890625
0 0.32578125 0.9109375 0.10390625 0.10390625
0 0.38828125 0.28828125 0.1125 0.11328125
0 0.4046875 0.4546875 0.1125 0.084375
0 0.409375 0.62109375 0.10390625 0.0890625
0 0.41328125 0.7734375 0.10390625 0.0890625
0 0.42578125 0.91328125 0.10390625 0.10390625
0 0.09765625 0.45 0.1125 0.09375
0 0.50859375 0.459375 0.1125 0.084375
0 0.50859375 0.62109375 0.10390625 0.0890625
0 0.09765625 0.62109375 0.10390625 0.084375
0 0.52578125 0.915625 0.10390625 0.10390625
0 0.5296875 0.76875 0.10390625 0.0890625
0 0.6125 0.46171875 0.1125 0.084375
0 0.60859375 0.61875 0.10390625 0.0890625
0 0.625 0.9203125 0.10390625 0.0890625
0 0.62890625 0.77109375 0.10390625 0.0890625
0 0.70390625 0.61875 0.10390625 0.0890625
0 0.70859375 0.9203125 0.10390625 0.0890625
0 0.71640625 0.76328125 0.10390625 0.0890625
0 0.7203125 0.459375 0.1125 0.084375
0 0.1265625 0.7609375 0.10390625 0.0890625
0 0.81171875 0.91796875 0.10390625 0.0890625
0 0.81640625 0.62578125 0.10390625 0.0890625
0 0.82421875 0.46171875 0.0953125 0.084375
0 0.8328125 0.76328125 0.10390625 0.0890625
0 0.13515625 0.91328125 0.10390625 0.10390625
0 0.89921875 0.91796875 0.10390625 0.0890625
0 0.915625 0.46171875 0.10390625 0.084375
0 0.915625 0.62578125 0.10390625 0.0890625
0 0.92421875 0.12578125 0.1125 0.096875
0 0.928125 0.76328125 0.10390625 0.0890625
1 0.371875 0.13046875 0.1125 0.12578125
1 0.48828125 0.121875 0.1125 0.10390625
1 0.59609375 0.121875 0.1125 0.10390625
1 0.7203125 0.121875 0.1125 0.10390625
1 0.82421875 0.12578125 0.1125 0.096875
5 0.49609375 0.3 0.1125 0.11328125
5 0.60859375 0.30390625 0.1125 0.10625
5 0.7125 0.29921875 0.1125 0.10625
5 0.81640625 0.30546875 0.1125 0.09375
5 0.9203125 0.303125 0.1125 0.09375