0 0.04453125 0.12578125 0.0890625 0.17109375
0 0.80546875 0.909375 0.10859375 0.153125
0 0.80703125 0.66171875 0.11171875 0.140625
0 0.81328125 0.40234375 0.10625 0.140625
0 0.1359375 0.11796875 0.11171875 0.17578125
0 0.91640625 0.6640625 0.11171875 0.140625
0 0.9203125 0.909375 0.10859375 0.153125
0 0.921875 0.40234375 0.11171875 0.140625
0 0.1546875 0.3921875 0.1203125 0.140625
0 0.15078125 0.6515625 0.11171875 0.140625
0 0.1734375 0.89296875 0.10625 0.17109375
0 0.2421875 0.12109375 0.11171875 0.17578125
0 0.26640625 0.3984375 0.1203125 0.153125
0 0.26796875 0.65390625 0.11171875 0.140625
0 0.28125 0.90703125 0.10859375 0.153125
0 0.3625 0.1234375 0.11171875 0.17578125
0 0.37578125 0.39609375 0.1203125 0.153125
0 0.37734375 0.65625 0.11171875 0.140625
0 0.08046875 0.88671875 0.09765625 0.15859375
0 0.38125 0.9015625 0.10859375 0.153125
0 0.06328125 0.3953125 0.1203125 0.140625
0 0.05859375 0.66171875 0.11171875 0.140625
0 0.4890625 0.65625 0.11171875 0.140625
0 0.49140625 0.39609375 0.11171875 0.153125
0 0.49609375 0.90703125 0.10859375 0.153125
0 0.58046875 0.659375 0.11171875 0.140625
0 0.60234375 0.90703125 0.10859375 0.153125
0 0.60078125 0.39609375 0.10625 0.153125
0 0.6953125 0.659375 0.11171875 0.140625
0 0.70546875 0.91171875 0.10859375 0.153125
0 0.70703125 0.39609375 0.10625 0.153125
5 0.81171875 0.1359375 0.1203125 0.1609375
5 0.92890625 0.13046875 0.1203125 0.1609375
5 0.4734375 0.13359375 0.1203125 0.1609375
5 0.5875 0.1359375 0.1203125 0.1609375
5 0.696875 0.13828125 0.1203125 0.1609375