0 0.68671875 0.8484375 0.10703125 0.196875
0 0.784375 0.85390625 0.10703125 0.196875
0 0.0609375 0.84296875 0.10703125 0.196875
0 0.05 0.17421875 0.08671875 0.22265625
0 0.8875 0.85625 0.10703125 0.196875
0 0.90703125 0.19296875 0.1140625 0.20703125
0 0.15078125 0.16953125 0.1140625 0.22265625
0 0.146875 0.5078125 0.0984375 0.20703125
0 0.05703125 0.5125 0.09609375 0.20703125
0 0.1609375 0.84296875 0.10703125 0.196875
0 0.24765625 0.5078125 0.0984375 0.20703125
0 0.2578125 0.19296875 0.1140625 0.20703125
0 0.26640625 0.840625 0.10703125 0.196875
0 0.35703125 0.83828125 0.10703125 0.196875
0 0.35703125 0.5125 0.0984375 0.20703125
0 0.47890625 0.84296875 0.10703125 0.196875
0 0.57890625 0.84609375 0.10703125 0.196875
1 0.67578125 0.19296875 0.1140625 0.20703125
1 0.78359375 0.18515625 0.1140625 0.20703125
1 0.35625 0.19765625 0.1140625 0.20703125
1 0.465625 0.1953125 0.1140625 0.20703125
1 0.5640625 0.18984375 0.1140625 0.20703125
5 0.67734375 0.53125 0.10703125 0.196875
5 0.79140625 0.52578125 0.10703125 0.196875
5 0.9015625 0.52890625 0.10703125 0.196875
5 0.46015625 0.51796875 0.10703125 0.196875
5 0.56953125 0.52578125 0.10703125 0.196875