0 0.0484375 0.2125 0.096875 0.184375
0 0.65390625 0.821875 0.104736328125 0.193896484375
0 0.6625 0.5375 0.106201171875 0.177783203125
0 0.6671875 0.2171875 0.106005859375 0.184619140625
0 0.75234375 0.8171875 0.114306640625 0.197216796875
0 0.7609375 0.53984375 0.10283203125 0.17646484375
0 0.771875 0.196875 0.11591796875 0.19052734375
0 0.84453125 0.8171875 0.104736328125 0.193896484375
0 0.86328125 0.53515625 0.104541015625 0.176708984375
0 0.86796875 0.19453125 0.10498046875 0.18623046875
0 0.14609375 0.21171875 0.104541015625 0.186083984375
0 0.1609375 0.525 0.112451171875 0.187744140625
0 0.1671875 0.8328125 0.115966796875 0.181298828125
0 0.06328125 0.52265625 0.111181640625 0.189208984375
0 0.06484375 0.83046875 0.10458984375 0.17666015625
0 0.24453125 0.21171875 0.11416015625 0.18935546875
0 0.2546875 0.5296875 0.10595703125 0.18466796875
0 0.26171875 0.8328125 0.110595703125 0.178173828125
0 0.35546875 0.2171875 0.098486328125 0.184033203125
0 0.3640625 0.83046875 0.103271484375 0.176513671875
0 0.36171875 0.52265625 0.114208984375 0.210595703125
0 0.45390625 0.2265625 0.11708984375 0.19052734375
0 0.46640625 0.82578125 0.113916015625 0.180029296875
0 0.4640625 0.5203125 0.09384765625 0.20322265625
0 0.56015625 0.53203125 0.09873046875 0.17626953125
0 0.5625 0.8328125 0.11220703125 0.17841796875
0 0.56484375 0.221875 0.110791015625 0.187548828125