0 0.42734375 0.753125 0.06796875 0.1890625
0 0.4875 0.746875 0.06796875 0.1890625
0 0.55234375 0.753125 0.06796875 0.1890625
0 0.59296875 0.309375 0.08046875 0.21015625
0 0.61875 0.759375 0.06796875 0.1890625
0 0.6546875 0.325 0.06796875 0.1921875
0 0.7203125 0.315625 0.06796875 0.1921875
0 0.78359375 0.31875 0.06796875 0.1921875
0 0.1109375 0.75 0.06796875 0.1890625
0 0.84375 0.31875 0.06796875 0.1921875
0 0.8625 0.746875 0.06796875 0.1890625
0 0.91953125 0.765625 0.06796875 0.1890625
0 0.96640625 0.3171875 0.065625 0.22578125
0 0.17109375 0.746875 0.06796875 0.1890625
0 0.04765625 0.746875 0.06796875 0.1890625
0 0.2359375 0.75625 0.06796875 0.1890625
0 0.30546875 0.753125 0.06796875 0.1890625
0 0.365625 0.753125 0.06796875 0.1890625
4 0.68046875 0.765625 0.06796875 0.1890625
4 0.7421875 0.75625 0.06796875 0.1890625
4 0.80703125 0.75 0.06796875 0.1890625
8 0.45859375 0.315625 0.08046875 0.21015625
8 0.53125 0.309375 0.08046875 0.21015625
8 0.90859375 0.3140625 0.06796875 0.22578125
8 0.13125 0.28203125 0.08046875 0.21015625
8 0.19921875 0.28828125 0.08046875 0.21015625
8 0.05859375 0.2578125 0.08046875 0.21015625
8 0.25625 0.296875 0.08046875 0.21015625
8 0.32734375 0.303125 0.08046875 0.21015625
8 0.3828125 0.309375 0.08046875 0.21015625