0 0.440625 0.88828125 0.065283203125 0.1201171875
0 0.44765625 0.4140625 0.07626953125 0.15654296875
0 0.46875 0.65390625 0.084033203125 0.1544921875
0 0.07734375 0.63125 0.07060546875 0.17216796875
0 0.49921875 0.8953125 0.073388671875 0.12177734375
0 0.5140625 0.4203125 0.072021484375 0.156201171875
0 0.5265625 0.10859375 0.078076171875 0.203125
0 0.58046875 0.425 0.085595703125 0.159716796875
0 0.590625 0.675 0.07783203125 0.1408203125
0 0.5984375 0.11953125 0.09091796875 0.19375
0 0.6453125 0.42265625 0.081396484375 0.158056640625
0 0.65078125 0.684375 0.073193359375 0.1404296875
0 0.09453125 0.1046875 0.073583984375 0.1716796875
0 0.67265625 0.12890625 0.088720703125 0.1923828125
0 0.675 0.89375 0.068798828125 0.130908203125
0 0.09375 0.86015625 0.06591796875 0.1419921875
0 0.715625 0.684375 0.068798828125 0.137890625
0 0.7453125 0.12890625 0.096826171875 0.1951171875
0 0.74609375 0.903125 0.070263671875 0.130908203125
0 0.7796875 0.425 0.081005859375 0.159326171875
0 0.79296875 0.6796875 0.08271484375 0.15927734375
0 0.81796875 0.13046875 0.079345703125 0.1890625
0 0.84375 0.4359375 0.087646484375 0.162255859375
0 0.85546875 0.6734375 0.07353515625 0.15654296875
0 0.86796875 0.91015625 0.07314453125 0.13251953125
0 0.89375 0.13515625 0.084716796875 0.1919921875
0 0.91015625 0.43515625 0.09501953125 0.17646484375
0 0.91875 0.6890625 0.071728515625 0.156396484375
0 0.96015625 0.14375 0.0796875 0.190625
0 0.1453125 0.628125 0.084130859375 0.14970703125
0 0.15234375 0.865625 0.060888671875 0.11865234375
0 0.16328125 0.10234375 0.07373046875 0.1703125
0 0.20390625 0.6328125 0.082861328125 0.159130859375
0 0.20625 0.8703125 0.065869140625 0.11884765625
0 0.2359375 0.10703125 0.071826171875 0.16875
0 0.26484375 0.875 0.073583984375 0.12470703125
0 0.278125 0.63671875 0.087646484375 0.158056640625
0 0.321875 0.86171875 0.06240234375 0.1173828125
0 0.3390625 0.65859375 0.078369140625 0.13125
0 0.38515625 0.86796875 0.070654296875 0.121875
0 0.40546875 0.65390625 0.070263671875 0.145263671875
1 0.45078125 0.1140625 0.098095703125 0.17822265625
1 0.0328125 0.1 0.065625 0.171875
1 0.30703125 0.1046875 0.076806640625 0.1716796875
1 0.378125 0.11171875 0.093701171875 0.1794921875
5 0.71171875 0.42734375 0.073681640625 0.157470703125
5 0.1140625 0.37890625 0.084716796875 0.1921875
5 0.04765625 0.38125 0.08564453125 0.1908203125
5 0.18046875 0.4 0.073681640625 0.156591796875
5 0.2484375 0.40234375 0.081396484375 0.158056640625
5 0.31015625 0.409375 0.079931640625 0.159521484375
5 0.3765625 0.415625 0.081396484375 0.159521484375
2 0.5578125 0.890625 0.059423828125 0.11865234375
2 0.61328125 0.8859375 0.066943359375 0.11865234375
2 0.8109375 0.90546875 0.065869140625 0.129638671875