0 0.0828125 0.4703125 0.08515625 0.18046875
0 0.46015625 0.82578125 0.07734375 0.18984375
0 0.534375 0.84765625 0.06640625 0.1609375
0 0.60078125 0.83984375 0.06640625 0.1609375
0 0.09609375 0.821875 0.06953125 0.15859375
0 0.67109375 0.83515625 0.07421875 0.19453125
0 0.7453125 0.83515625 0.07421875 0.19453125
0 0.77421875 0.50859375 0.08515625 0.18046875
0 0.7890625 0.140625 0.08515625 0.18046875
0 0.82265625 0.85703125 0.07421875 0.1703125
0 0.85078125 0.515625 0.08515625 0.18046875
0 0.86796875 0.14765625 0.08515625 0.18046875
0 0.8875 0.859375 0.07421875 0.1703125
0 0.925 0.52265625 0.08515625 0.18046875
0 0.95 0.1453125 0.08515625 0.18046875
0 0.1515625 0.08984375 0.084375 0.1796875
0 0.1578125 0.4703125 0.08515625 0.18046875
0 0.16640625 0.82421875 0.07421875 0.15859375
0 0.23515625 0.0921875 0.08515625 0.18046875
0 0.23515625 0.47734375 0.08515625 0.18046875
0 0.23828125 0.8125 0.08203125 0.1828125
0 0.31640625 0.83203125 0.07734375 0.15859375
0 0.390625 0.83671875 0.07734375 0.15859375
0 0.0796875 0.0921875 0.08515625 0.18046875
3 0.47265625 0.49140625 0.08515625 0.18046875
3 0.47421875 0.1140625 0.08515625 0.18046875
3 0.5453125 0.50625 0.08515625 0.18046875
3 0.5578125 0.11171875 0.08515625 0.18046875
3 0.61640625 0.50625 0.08515625 0.18046875
3 0.63515625 0.1265625 0.08515625 0.18046875
3 0.6984375 0.50390625 0.08515625 0.18046875
3 0.715625 0.13125 0.08515625 0.18046875
3 0.3203125 0.10234375 0.08515625 0.18046875
3 0.3203125 0.4796875 0.08515625 0.18046875
3 0.39765625 0.1 0.08515625 0.18046875
3 0.39765625 0.48203125 0.08515625 0.18046875