0 0.05390625 0.8984375 0.1078125 0.14921875
0 0.05390625 0.4046875 0.1078125 0.1703125
0 0.78515625 0.915625 0.1078125 0.14921875
0 0.7875 0.6640625 0.1078125 0.14921875
0 0.88203125 0.9109375 0.1078125 0.14921875
0 0.884375 0.66640625 0.1078125 0.14921875
0 0.91484375 0.15859375 0.1078125 0.1375
0 0.1421875 0.15 0.1078125 0.16796875
0 0.0625 0.6546875 0.1078125 0.14921875
0 0.1484375 0.40703125 0.1078125 0.1703125
0 0.16484375 0.6546875 0.1078125 0.14921875
0 0.1671875 0.8984375 0.1078125 0.14921875
0 0.25078125 0.40703125 0.1078125 0.1703125
0 0.25625 0.165625 0.1078125 0.1375
0 0.25859375 0.8984375 0.1078125 0.14921875
0 0.2640625 0.65234375 0.1078125 0.14921875
0 0.3640625 0.8984375 0.1078125 0.14921875
0 0.36640625 0.409375 0.1078125 0.1703125
0 0.36953125 0.659375 0.1078125 0.14921875
0 0.0484375 0.14921875 0.09140625 0.1609375
0 0.46640625 0.90078125 0.1078125 0.14921875
0 0.475 0.6546875 0.1078125 0.14921875
0 0.56640625 0.90625 0.1078125 0.14921875
0 0.5828125 0.66640625 0.1078125 0.14921875
0 0.6765625 0.90859375 0.1078125 0.14921875
0 0.6796875 0.66640625 0.1078125 0.14921875
1 0.7984375 0.1609375 0.1078125 0.1375
1 0.353125 0.1609375 0.1078125 0.1375
1 0.4609375 0.15859375 0.1078125 0.1375
1 0.56640625 0.15859375 0.1078125 0.1375
1 0.68203125 0.15859375 0.1078125 0.1375
5 0.7875 0.415625 0.1078125 0.14921875
5 0.88984375 0.40859375 0.1078125 0.14921875
5 0.46640625 0.415625 0.1078125 0.14921875
5 0.571875 0.41796875 0.1078125 0.14921875
5 0.6796875 0.41328125 0.1078125 0.14921875