0 0.16875 0.26328125 0.1125 0.12734375
0 0.190625 0.43828125 0.1125 0.10078125
0 0.190625 0.60625 0.1125 0.10078125
0 0.06953125 0.26015625 0.1125 0.11171875
0 0.2078125 0.76015625 0.10390625 0.10078125
0 0.22890625 0.91796875 0.1125 0.10859375
0 0.2640625 0.07421875 0.1125 0.11171875
0 0.26796875 0.26015625 0.1125 0.12734375
0 0.28984375 0.4359375 0.1125 0.10078125
0 0.28984375 0.6109375 0.1125 0.10078125
0 0.315625 0.76640625 0.1296875 0.0984375
0 0.33046875 0.91953125 0.1078125 0.121875
0 0.08671875 0.60859375 0.1125 0.10078125
0 0.3890625 0.26015625 0.1125 0.12734375
0 0.39765625 0.44140625 0.1125 0.10078125
0 0.40234375 0.61640625 0.1125 0.10078125
0 0.090625 0.4359375 0.1125 0.10078125
0 0.4234375 0.7640625 0.1296875 0.0984375
0 0.42578125 0.91953125 0.1078125 0.121875
0 0.49765625 0.6140625 0.1125 0.10078125
0 0.5015625 0.44140625 0.1125 0.10078125
0 0.52109375 0.91171875 0.1078125 0.121875
0 0.53203125 0.7640625 0.1125 0.0984375
0 0.60078125 0.44921875 0.1125 0.10078125
0 0.60078125 0.6140625 0.1125 0.10078125
0 0.6140625 0.775 0.1125 0.0984375
0 0.61875 0.925 0.1125 0.11171875
0 0.70078125 0.44921875 0.1125 0.10078125
0 0.709375 0.771875 0.1125 0.0984375
0 0.709375 0.925 0.1125 0.11171875
0 0.71328125 0.6140625 0.1125 0.10078125
0 0.8046875 0.91953125 0.1125 0.11171875
0 0.8046875 0.61640625 0.1125 0.10078125
0 0.81328125 0.775 0.1125 0.0984375
0 0.81328125 0.2765625 0.1125 0.10078125
0 0.8171875 0.446875 0.1125 0.10078125
0 0.134375 0.92109375 0.1125 0.10390625
0 0.90390625 0.9171875 0.1125 0.11171875
0 0.90390625 0.090625 0.1125 0.11171875
0 0.90390625 0.446875 0.1125 0.10078125
0 0.90390625 0.61953125 0.1125 0.10078125
0 0.9125 0.76953125 0.1125 0.0984375
0 0.13203125 0.76015625 0.0734375 0.10078125
0 0.05859375 0.06640625 0.09921875 0.12734375
0 0.15546875 0.07734375 0.1125 0.12734375
1 0.371875 0.0796875 0.1125 0.11171875
1 0.4796875 0.08515625 0.1125 0.11171875
1 0.58359375 0.090625 0.1125 0.11171875
1 0.6921875 0.08203125 0.1125 0.11171875
1 0.8046875 0.0875 0.1125 0.11171875
5 0.484375 0.265625 0.1125 0.10078125
5 0.60078125 0.26875 0.1125 0.10078125
5 0.7046875 0.27109375 0.1125 0.10078125
5 0.89921875 0.28203125 0.1125 0.10078125