0 0.50390625 0.31796875 0.13046875 0.2984375
0 0.51171875 0.75703125 0.14375 0.28984375
0 0.11796875 0.76796875 0.12265625 0.28984375
0 0.6421875 0.76171875 0.14375 0.28984375
0 0.61875 0.3140625 0.08671875 0.2984375
0 0.12578125 0.30703125 0.12890625 0.2984375
0 0.7171875 0.3140625 0.08671875 0.2984375
0 0.775 0.75703125 0.14375 0.28984375
0 0.8109375 0.3203125 0.08671875 0.2984375
0 0.8953125 0.7484375 0.12421875 0.26328125
0 0.9015625 0.315625 0.08671875 0.2984375
0 0.23671875 0.76171875 0.12265625 0.28984375
0 0.25625 0.3046875 0.12890625 0.2984375
0 0.37421875 0.309375 0.12890625 0.2984375
0 0.384375 0.76796875 0.14375 0.28984375