0 0.4875 0.40703125 0.103466796875 0.2326171875
0 0.49609375 0.75859375 0.095263671875 0.244970703125
0 0.56953125 0.40703125 0.098291015625 0.2296875
0 0.58125 0.775 0.102978515625 0.206103515625
0 0.64921875 0.4015625 0.08896484375 0.2310546875
0 0.6578125 0.7703125 0.112744140625 0.209033203125
0 0.721875 0.41796875 0.099951171875 0.201416015625
0 0.80546875 0.425 0.107470703125 0.203271484375
0 0.875 0.425 0.093701171875 0.199951171875
0 0.88984375 0.74921875 0.092333984375 0.216943359375
0 0.94921875 0.42421875 0.1015625 0.2015625
0 0.95546875 0.740625 0.0890625 0.21875
0 0.15625 0.42421875 0.112646484375 0.220263671875
0 0.16328125 0.7875 0.089306640625 0.209130859375
0 0.246875 0.41875 0.09677734375 0.21533203125
0 0.07421875 0.42421875 0.095361328125 0.214208984375
0 0.33203125 0.7796875 0.1048828125 0.215234375
0 0.33671875 0.421875 0.11064453125 0.21884765625
0 0.41328125 0.40390625 0.094970703125 0.2294921875
0 0.41796875 0.75625 0.1125 0.2341796875
0 0.07890625 0.7921875 0.10439453125 0.21240234375
6 0.2515625 0.78203125 0.1001953125 0.2138671875
9 0.73671875 0.7703125 0.09873046875 0.20322265625
9 0.809375 0.7703125 0.096533203125 0.202783203125