0 0.47734375 0.36875 0.07978515625 0.12509765625
0 0.08125 0.621875 0.0779296875 0.12158203125
0 0.5265625 0.853125 0.072021484375 0.130859375
0 0.53515625 0.61484375 0.0828125 0.1388671875
0 0.56328125 0.375 0.091943359375 0.131298828125
0 0.590625 0.853125 0.07177734375 0.130859375
0 0.59765625 0.61640625 0.0859375 0.1392578125
0 0.62734375 0.375 0.08310546875 0.12822265625
0 0.65703125 0.85625 0.076611328125 0.125390625
0 0.6671875 0.625 0.072265625 0.1154296875
0 0.71875 0.85 0.069091796875 0.1220703125
0 0.7265625 0.625 0.06875 0.1125
0 0.10546875 0.853125 0.07060546875 0.12529296875
0 0.778125 0.85234375 0.078466796875 0.123291015625
0 0.79140625 0.1046875 0.08291015625 0.12802734375
0 0.7953125 0.61328125 0.068896484375 0.123486328125
0 0.83515625 0.85 0.07646484375 0.12197265625
0 0.86015625 0.609375 0.082666015625 0.131201171875
0 0.86484375 0.365625 0.09501953125 0.14384765625
0 0.8671875 0.1046875 0.090283203125 0.131298828125
0 0.9015625 0.83984375 0.081005859375 0.123291015625
0 0.92109375 0.621875 0.082470703125 0.131201171875
0 0.93125 0.10859375 0.090478515625 0.132763671875
0 0.93828125 0.365625 0.079833984375 0.137451171875
0 0.1390625 0.0875 0.084619140625 0.128369140625
0 0.14765625 0.3625 0.079833984375 0.125048828125
0 0.15078125 0.621875 0.084375 0.124853515625
0 0.17578125 0.86484375 0.067431640625 0.104736328125
0 0.20859375 0.0859375 0.089404296875 0.131298828125
0 0.22265625 0.60625 0.0861328125 0.143603515625
0 0.05859375 0.08984375 0.086083984375 0.129833984375
0 0.2328125 0.846875 0.074951171875 0.13125
0 0.2890625 0.09375 0.078173828125 0.125048828125
0 0.29453125 0.62421875 0.0888671875 0.126708984375
0 0.30625 0.853125 0.08408203125 0.134375
0 0.3671875 0.0921875 0.087158203125 0.130908203125
0 0.38125 0.61953125 0.0783203125 0.123193359375
0 0.38671875 0.37265625 0.08291015625 0.12939453125
0 0.07421875 0.36484375 0.080029296875 0.126708984375
0 0.44609375 0.09375 0.08310546875 0.12822265625
0 0.4671875 0.61953125 0.0814453125 0.123583984375
3 0.571875 0.0984375 0.090283203125 0.131298828125
3 0.6484375 0.1 0.084619140625 0.128369140625
6 0.23125 0.36484375 0.09052734375 0.13271484375
6 0.31875 0.36640625 0.08759765625 0.12998046875
9 0.71328125 0.37890625 0.086083984375 0.129833984375
9 0.78515625 0.37109375 0.082763671875 0.126904296875
10 0.39375 0.8578125 0.078271484375 0.124658203125
10 0.465625 0.8515625 0.078076171875 0.124658203125