0 0.42890625 0.35 0.079931640625 0.249755859375
0 0.47421875 0.7625 0.073388671875 0.269140625
0 0.49375 0.3390625 0.099951171875 0.250341796875
0 0.534375 0.7796875 0.081103515625 0.2529296875
0 0.55859375 0.3421875 0.073095703125 0.246826171875
0 0.59453125 0.7875 0.07958984375 0.2529296875
0 0.6265625 0.3484375 0.065576171875 0.27822265625
0 0.659375 0.79453125 0.087353515625 0.253125
0 0.68515625 0.3515625 0.08291015625 0.28125
0 0.04140625 0.29609375 0.0828125 0.2484375
0 0.7171875 0.79453125 0.078173828125 0.2517578125
0 0.103125 0.753125 0.097216796875 0.259619140625
0 0.746875 0.3765625 0.08134765625 0.259765625
0 0.10625 0.296875 0.099951171875 0.250341796875
0 0.78125 0.79453125 0.087744140625 0.2544921875
0 0.81328125 0.3765625 0.09560546875 0.265234375
0 0.84765625 0.79453125 0.079638671875 0.2517578125
0 0.8796875 0.38046875 0.090771484375 0.2640625
0 0.16796875 0.315625 0.09189453125 0.25009765625
0 0.16640625 0.75703125 0.06728515625 0.25771484375
0 0.228125 0.74921875 0.090380859375 0.261083984375
0 0.2359375 0.315625 0.09716796875 0.25029296875
0 0.29921875 0.31953125 0.076611328125 0.248095703125
0 0.3640625 0.3390625 0.09091796875 0.25009765625
1 0.04453125 0.74921875 0.079931640625 0.260693359375
1 0.28671875 0.76796875 0.082666015625 0.260888671875
1 0.3515625 0.75703125 0.078466796875 0.260693359375
1 0.41171875 0.771875 0.091845703125 0.259619140625