0 0.50859375 0.84609375 0.076513671875 0.129638671875
0 0.5140625 0.62109375 0.075244140625 0.129638671875
0 0.5265625 0.37578125 0.090234375 0.153125
0 0.08359375 0.61640625 0.079638671875 0.130029296875
0 0.55078125 0.103125 0.0796875 0.1310546875
0 0.56953125 0.8375 0.07353515625 0.12783203125
0 0.578125 0.62265625 0.075048828125 0.129638671875
0 0.59140625 0.38046875 0.0861328125 0.1517578125
0 0.63125 0.10546875 0.084375 0.1328125
0 0.63359375 0.83359375 0.070263671875 0.126513671875
0 0.64453125 0.62734375 0.070458984375 0.126513671875
0 0.6609375 0.38828125 0.0873046875 0.13623046875
0 0.09765625 0.83984375 0.07685546875 0.12978515625
0 0.6875 0.8359375 0.081103515625 0.131103515625
0 0.70703125 0.63515625 0.079638671875 0.130029296875
0 0.725 0.390625 0.084375 0.13447265625
0 0.7484375 0.83984375 0.075048828125 0.129638671875
0 0.76953125 0.63515625 0.076708984375 0.129638671875
0 0.7953125 0.390625 0.0904296875 0.15595703125
0 0.809375 0.8359375 0.077783203125 0.128369140625
0 0.83203125 0.63359375 0.073779296875 0.129443359375
0 0.1171875 0.08671875 0.0783203125 0.1298828125
0 0.86640625 0.378125 0.0921875 0.15615234375
0 0.87421875 0.8359375 0.07333984375 0.12783203125
0 0.8765625 0.11171875 0.0908203125 0.1546875
0 0.12421875 0.36796875 0.08125 0.1421875
0 0.90234375 0.62109375 0.073779296875 0.129443359375
0 0.9296875 0.39375 0.081298828125 0.131103515625
0 0.04765625 0.365625 0.0828125 0.1435546875
0 0.953125 0.11328125 0.0814453125 0.1515625
0 0.14453125 0.61484375 0.079833984375 0.130029296875
0 0.16171875 0.83984375 0.07333984375 0.12685546875
0 0.19921875 0.35859375 0.0923828125 0.1484375
0 0.2109375 0.6125 0.07841796875 0.13095703125
0 0.228125 0.83984375 0.06884765625 0.12646484375
0 0.2796875 0.378125 0.0841796875 0.11875
0 0.28046875 0.61484375 0.085693359375 0.132763671875
0 0.31484375 0.84609375 0.080029296875 0.132568359375
0 0.36796875 0.37578125 0.0875 0.1205078125
0 0.371875 0.0953125 0.087890625 0.1345703125
0 0.378125 0.83984375 0.078173828125 0.129833984375
0 0.04140625 0.0859375 0.0828125 0.134375
0 0.440625 0.84375 0.084033203125 0.131298828125
0 0.45859375 0.37578125 0.0857421875 0.1203125
0 0.4609375 0.09921875 0.0751953125 0.128125
6 0.20625 0.08671875 0.0873046875 0.134375
6 0.29140625 0.0953125 0.0763671875 0.128125
9 0.71328125 0.109375 0.0888671875 0.134375
9 0.79296875 0.11953125 0.0765625 0.1294921875
10 0.3828125 0.62890625 0.068994140625 0.126513671875
10 0.38515625 0.63125 0.08310546875 0.13134765625
10 0.44375 0.62265625 0.081103515625 0.132568359375