0 0.46015625 0.82265625 0.090625 0.15791015625
0 0.53828125 0.82734375 0.0796875 0.154541015625
0 0.61484375 0.82734375 0.0736328125 0.151611328125
0 0.7578125 0.5140625 0.08408203125 0.156396484375
0 0.79375 0.18671875 0.08125 0.151611328125
0 0.8296875 0.521875 0.0720703125 0.15302734375
0 0.8328125 0.82578125 0.07216796875 0.175
0 0.87734375 0.18671875 0.0859375 0.15458984375
0 0.903125 0.521875 0.0810546875 0.15595703125
0 0.9078125 0.82578125 0.09091796875 0.1798828125
0 0.94375 0.18671875 0.08125 0.151611328125
0 0.140625 0.14375 0.087109375 0.156005859375
0 0.14296875 0.82265625 0.0861328125 0.157666015625
0 0.15078125 0.5046875 0.0919921875 0.156591796875
0 0.21875 0.1515625 0.0998046875 0.15966796875
0 0.0640625 0.1515625 0.0875 0.15615234375
0 0.29375 0.496875 0.08125 0.153076171875
0 0.30234375 0.16171875 0.0859375 0.15458984375
0 0.07265625 0.496875 0.0859375 0.156005859375
0 0.3625 0.5015625 0.096875 0.159521484375
0 0.3796875 0.82734375 0.07822265625 0.154541015625
0 0.39375 0.1640625 0.099609375 0.159521484375
0 0.075 0.82265625 0.08447265625 0.154931640625
0 0.45546875 0.17109375 0.0982421875 0.158056640625
3 0.55078125 0.5171875 0.09375 0.159130859375
3 0.63203125 0.1765625 0.0892578125 0.156396484375
3 0.63203125 0.51171875 0.090625 0.157470703125
3 0.70390625 0.18359375 0.0826171875 0.15166015625
3 0.22578125 0.5015625 0.0986328125 0.159716796875
3 0.4375 0.50703125 0.090625 0.157470703125
6 0.23125 0.82265625 0.087890625 0.15771484375
6 0.30625 0.825 0.08125 0.15615234375
9 0.69296875 0.83203125 0.0859375 0.157470703125
9 0.759375 0.8296875 0.07490234375 0.153076171875