0 0.4453125 0.83828125 0.06953125 0.15703125
0 0.515625 0.85078125 0.06796875 0.140625
0 0.56953125 0.84609375 0.06796875 0.140625
0 0.6390625 0.83671875 0.07109375 0.159375
0 0.70078125 0.84609375 0.07109375 0.159375
0 0.7171875 0.56953125 0.06953125 0.15
0 0.72578125 0.2578125 0.06953125 0.15
0 0.76015625 0.859375 0.06328125 0.14296875
0 0.790625 0.57421875 0.06953125 0.15
0 0.79375 0.26484375 0.06953125 0.15
0 0.8203125 0.86171875 0.06328125 0.14296875
0 0.11328125 0.22265625 0.06953125 0.15
0 0.11484375 0.54375 0.06953125 0.15
0 0.84609375 0.57421875 0.06953125 0.15
0 0.86640625 0.2671875 0.06953125 0.15
0 0.12734375 0.834375 0.06953125 0.15
0 0.184375 0.225 0.06953125 0.15
0 0.184375 0.5390625 0.06953125 0.15
0 0.190625 0.83203125 0.06953125 0.15
0 0.24921875 0.825 0.06953125 0.1640625
0 0.25234375 0.54140625 0.06953125 0.15
0 0.25546875 0.2296875 0.06953125 0.15
0 0.31875 0.834375 0.06953125 0.1453125
0 0.38046875 0.84609375 0.06953125 0.1453125
3 0.4515625 0.553125 0.06953125 0.15
3 0.45625 0.23671875 0.06953125 0.15
3 0.52109375 0.553125 0.06953125 0.15
3 0.52265625 0.2484375 0.06953125 0.15
3 0.5890625 0.55078125 0.06953125 0.15
3 0.59453125 0.253125 0.06953125 0.15
3 0.64921875 0.55546875 0.06953125 0.15
3 0.6578125 0.253125 0.06953125 0.15
3 0.321875 0.2296875 0.06953125 0.15
3 0.3234375 0.5390625 0.06953125 0.15
3 0.39140625 0.5484375 0.06953125 0.15
3 0.39609375 0.23203125 0.06953125 0.15