0 0.58046875 0.66484375 0.08046875 0.0921875
0 0.5875 0.10390625 0.090625 0.11484375
0 0.58046875 0.88515625 0.0765625 0.0890625
0 0.58828125 0.4890625 0.08515625 0.10390625
0 0.59453125 0.3015625 0.08515625 0.11015625
0 0.103125 0.29453125 0.09296875 0.11171875
0 0.6734375 0.4875 0.08515625 0.10390625
0 0.67109375 0.65625 0.08046875 0.11171875
0 0.675 0.88359375 0.0765625 0.0890625
0 0.68828125 0.10703125 0.090625 0.11484375
0 0.68671875 0.30234375 0.08515625 0.10546875
0 0.75625 0.66640625 0.08046875 0.0984375
0 0.75625 0.88359375 0.0765625 0.0890625
0 0.76796875 0.4890625 0.08515625 0.10390625
0 0.77734375 0.30625 0.08515625 0.10546875
0 0.12109375 0.659375 0.08515625 0.10859375
0 0.83671875 0.88203125 0.07265625 0.09375
0 0.846875 0.66875 0.0765625 0.09375
0 0.86875 0.3078125 0.08515625 0.10546875
0 0.87734375 0.11328125 0.08671875 0.11171875
0 0.12734375 0.48046875 0.08515625 0.10546875
0 0.15078125 0.88046875 0.0765625 0.10390625
0 0.2 0.29609375 0.08515625 0.11171875
0 0.215625 0.47421875 0.08515625 0.1265625
0 0.215625 0.6609375 0.08515625 0.10234375
0 0.30859375 0.6625 0.08515625 0.10234375
0 0.3140625 0.4890625 0.08515625 0.10390625
0 0.39921875 0.29140625 0.08515625 0.13515625
0 0.403125 0.47578125 0.08515625 0.1265625
0 0.403125 0.6546875 0.08515625 0.11875
0 0.49375 0.484375 0.08515625 0.10390625
0 0.49375 0.6546875 0.08515625 0.11171875
0 0.49609375 0.28984375 0.08515625 0.13515625
0 0.49609375 0.88828125 0.0765625 0.0890625
3 0.784375 0.11015625 0.08671875 0.11171875
3 0.184375 0.090625 0.096875 0.121875
3 0.3921875 0.096875 0.090625 0.11484375
3 0.08359375 0.0875 0.096875 0.121875
3 0.48671875 0.1 0.090625 0.11484375
6 0.86015625 0.490625 0.08515625 0.096875
9 0.3046875 0.30078125 0.08515625 0.11171875
10 0.23359375 0.88203125 0.0765625 0.10390625
10 0.3265625 0.88515625 0.0765625 0.0890625
10 0.4109375 0.88671875 0.0765625 0.0890625