0 0.27109375 0.3828125 0.071875 0.20546875
0 0.27890625 0.81015625 0.07421875 0.20390625
0 0.353125 0.36171875 0.07578125 0.24765625
0 0.3515625 0.78515625 0.0640625 0.21875
0 0.4234375 0.36015625 0.07578125 0.24765625
0 0.42109375 0.77734375 0.0640625 0.21875
0 0.50234375 0.78359375 0.0640625 0.21875
0 0.565625 0.8078125 0.06640625 0.19609375
0 0.63046875 0.81015625 0.06640625 0.19609375
0 0.66171875 0.3578125 0.07578125 0.24765625
0 0.734375 0.35390625 0.07578125 0.24765625
0 0.1109375 0.37734375 0.071875 0.20546875
0 0.821875 0.37109375 0.065625 0.19765625
0 0.884375 0.77890625 0.07109375 0.22109375
0 0.8984375 0.37109375 0.065625 0.19765625
0 0.128125 0.815625 0.07421875 0.20390625
0 0.953125 0.77890625 0.07109375 0.22109375
0 0.965625 0.3671875 0.065625 0.19765625
0 0.18828125 0.37890625 0.071875 0.20546875
6 0.2109375 0.815625 0.07421875 0.20390625
9 0.6953125 0.81171875 0.06640625 0.19609375
9 0.759375 0.80625 0.06640625 0.19609375
9 0.8234375 0.8078125 0.06640625 0.19609375