0 0.41640625 0.771875 0.095458984375 0.299658203125
0 0.51328125 0.77578125 0.095458984375 0.298779296875
0 0.61171875 0.803125 0.107763671875 0.262158203125
0 0.7125 0.8015625 0.09677734375 0.25927734375
0 0.11953125 0.79140625 0.092333984375 0.2638671875
0 0.80859375 0.80703125 0.095263671875 0.258154296875
0 0.9015625 0.8109375 0.106298828125 0.262158203125
0 0.9140625 0.3484375 0.106494140625 0.266015625
0 0.21796875 0.796875 0.089013671875 0.2625
3 0.4140625 0.33046875 0.10029296875 0.265625
3 0.5109375 0.3359375 0.118408203125 0.26875
3 0.09921875 0.32109375 0.1076171875 0.2669921875
3 0.61328125 0.3359375 0.11376953125 0.2685546875
3 0.71640625 0.33359375 0.092333984375 0.2638671875
3 0.81796875 0.34296875 0.095263671875 0.2640625
3 0.2015625 0.3265625 0.1 0.265234375
9 0.321875 0.803125 0.115283203125 0.253076171875