0 0.26640625 0.19296875 0.057763671875 0.159375
0 0.05625 0.19140625 0.07177734375 0.1580078125
0 0.2765625 0.428125 0.0560546875 0.14970703125
0 0.284375 0.66171875 0.0560546875 0.11103515625
0 0.29140625 0.85859375 0.05 0.128125
0 0.32109375 0.19140625 0.07001953125 0.1625
0 0.33046875 0.42578125 0.0548828125 0.153125
0 0.3328125 0.66640625 0.053173828125 0.1263671875
0 0.33828125 0.871875 0.0640625 0.1314453125
0 0.37890625 0.18671875 0.060693359375 0.1607421875
0 0.38125 0.659375 0.062353515625 0.118701171875
0 0.38671875 0.8734375 0.0548828125 0.128515625
0 0.396875 0.42734375 0.053125 0.1517578125
0 0.434375 0.190625 0.065283203125 0.168505859375
0 0.43515625 0.66875 0.0576171875 0.13720703125
0 0.4390625 0.86875 0.05009765625 0.134619140625
0 0.45390625 0.42734375 0.0419921875 0.1515625
0 0.48515625 0.6703125 0.0515625 0.134521484375
0 0.48984375 0.190625 0.064208984375 0.165966796875
0 0.4890625 0.86640625 0.05341796875 0.142529296875
0 0.496875 0.42734375 0.046875 0.1548828125
0 0.53515625 0.6734375 0.0611328125 0.137451171875
0 0.53984375 0.86875 0.0640625 0.143798828125
0 0.55 0.18515625 0.0658203125 0.17646484375
0 0.55546875 0.4265625 0.040625 0.159375
0 0.078125 0.42734375 0.05302734375 0.148583984375
0 0.5859375 0.8734375 0.05595703125 0.140869140625
0 0.59921875 0.66015625 0.0611328125 0.14541015625
0 0.60390625 0.17578125 0.0703125 0.176611328125
0 0.60078125 0.43046875 0.05625 0.1611328125
0 0.64921875 0.65703125 0.05625 0.1515625
0 0.6484375 0.875 0.0529296875 0.1341796875
0 0.653125 0.18203125 0.0623046875 0.182568359375
0 0.09140625 0.63984375 0.061279296875 0.145654296875
0 0.6609375 0.43046875 0.0529296875 0.1609375
0 0.69609375 0.88125 0.0546875 0.146728515625
0 0.709375 0.66015625 0.0591796875 0.1517578125
0 0.71015625 0.428125 0.0546875 0.1623046875
0 0.72578125 0.1765625 0.0611328125 0.18115234375
0 0.75234375 0.88515625 0.073095703125 0.1611328125
0 0.76328125 0.65859375 0.0609375 0.1517578125
0 0.76953125 0.4265625 0.0544921875 0.159765625
0 0.778125 0.171875 0.059423828125 0.18408203125
0 0.1046875 0.853125 0.05634765625 0.134716796875
0 0.109375 0.190625 0.056640625 0.1529296875
0 0.12421875 0.43125 0.067333984375 0.150244140625
0 0.1375 0.6609375 0.0654296875 0.134375
0 0.153125 0.86171875 0.059716796875 0.117431640625
0 0.15859375 0.19296875 0.0625 0.1548828125
0 0.17734375 0.42890625 0.051416015625 0.148583984375
0 0.18984375 0.6578125 0.0576171875 0.1310546875
0 0.1984375 0.86328125 0.058984375 0.117236328125
0 0.2125 0.19296875 0.07197265625 0.1576171875
0 0.225 0.43203125 0.06845703125 0.148681640625
0 0.23671875 0.659375 0.053125 0.119140625
0 0.24453125 0.859375 0.0517578125 0.140771484375