0 0.26484375 0.62109375 0.0638671875 0.1375
0 0.26875 0.83828125 0.052783203125 0.1232421875
0 0.30390625 0.11328125 0.054931640625 0.178125
0 0.31171875 0.38046875 0.0673828125 0.167138671875
0 0.315625 0.6328125 0.06279296875 0.1375
0 0.31875 0.83671875 0.06572265625 0.148388671875
0 0.35859375 0.11328125 0.06083984375 0.1796875
0 0.365625 0.63671875 0.062109375 0.1388671875
0 0.36328125 0.3796875 0.0482421875 0.171875
0 0.36953125 0.846875 0.0609375 0.146728515625
0 0.41484375 0.64140625 0.0671875 0.148583984375
0 0.41875 0.115625 0.068359375 0.18720703125
0 0.41796875 0.85859375 0.0611328125 0.126611328125
0 0.41953125 0.38125 0.070068359375 0.175
0 0.46875 0.64375 0.062841796875 0.14052734375
0 0.4703125 0.8640625 0.05341796875 0.125146484375
0 0.4796875 0.11796875 0.072119140625 0.185888671875
0 0.49296875 0.3859375 0.054443359375 0.17822265625
0 0.51796875 0.86484375 0.0580078125 0.151416015625
0 0.525 0.65 0.053125 0.1408203125
0 0.5390625 0.11796875 0.06904296875 0.18583984375
0 0.55234375 0.390625 0.0673828125 0.178125
0 0.5734375 0.86953125 0.046875 0.148681640625
0 0.57890625 0.6546875 0.0544921875 0.143994140625
0 0.60078125 0.11796875 0.0767578125 0.18603515625
0 0.60625 0.3921875 0.055859375 0.178125
0 0.6296875 0.87734375 0.05302734375 0.164111328125
0 0.63203125 0.66171875 0.0576171875 0.14560546875
0 0.66328125 0.39609375 0.0705078125 0.185986328125
0 0.6703125 0.11953125 0.072265625 0.192138671875
0 0.6765625 0.88203125 0.071630859375 0.167236328125
0 0.69921875 0.6546875 0.064306640625 0.165380859375
0 0.715625 0.40078125 0.07470703125 0.185986328125
0 0.7265625 0.1171875 0.0748046875 0.206103515625
0 0.7453125 0.8921875 0.068701171875 0.168701171875
0 0.75703125 0.66328125 0.06748046875 0.16376953125
0 0.78046875 0.4078125 0.0625 0.184716796875
0 0.78359375 0.11875 0.070556640625 0.206103515625
0 0.79453125 0.9046875 0.06728515625 0.16865234375
0 0.821875 0.66875 0.068505859375 0.168896484375
0 0.834375 0.4078125 0.068701171875 0.187255859375
0 0.85546875 0.89921875 0.079345703125 0.167236328125
0 0.865625 0.1203125 0.07509765625 0.20634765625
0 0.88125 0.671875 0.08740234375 0.174755859375
0 0.903125 0.41328125 0.068408203125 0.191943359375
0 0.9234375 0.12265625 0.097021484375 0.2169921875
0 0.13203125 0.10546875 0.070361328125 0.185791015625
0 0.1515625 0.3703125 0.053271484375 0.162744140625
0 0.16328125 0.5984375 0.054931640625 0.150048828125
0 0.1734375 0.8140625 0.0623046875 0.1373046875
0 0.190625 0.10703125 0.06220703125 0.175
0 0.2 0.3734375 0.078125 0.168408203125
0 0.21171875 0.6234375 0.0765625 0.14033203125
0 0.2234375 0.83359375 0.05625 0.126708984375
0 0.24375 0.1109375 0.065380859375 0.1810546875
0 0.25625 0.371875 0.0560546875 0.162744140625