0 0.78359375 0.765625 0.08046875 0.2109375
0 0.80390625 0.31953125 0.071875 0.184375
0 0.84765625 0.77265625 0.08046875 0.2109375
0 0.87578125 0.321875 0.071875 0.184375
0 0.92421875 0.759375 0.08046875 0.2109375
0 0.9359375 0.31796875 0.071875 0.184375
3 0.065625 0.76953125 0.08046875 0.2109375
3 0.3015625 0.77265625 0.08046875 0.2109375
3 0.328125 0.30625 0.071875 0.184375
3 0.37578125 0.775 0.08046875 0.2109375
3 0.4 0.315625 0.071875 0.184375
3 0.0734375 0.30625 0.071875 0.184375
3 0.446875 0.765625 0.08046875 0.2109375
3 0.46875 0.3125 0.071875 0.184375
3 0.5640625 0.31953125 0.071875 0.184375
3 0.571875 0.77265625 0.08046875 0.2109375
3 0.63125 0.3234375 0.071875 0.184375
3 0.64765625 0.7671875 0.08046875 0.2109375
3 0.71171875 0.775 0.08046875 0.2109375
3 0.71796875 0.31953125 0.071875 0.184375
3 0.14609375 0.29921875 0.071875 0.184375
3 0.153125 0.77109375 0.08046875 0.2109375
3 0.2234375 0.77265625 0.08046875 0.2109375
3 0.22421875 0.30625 0.071875 0.184375