0 0.559375 0.646875 0.08828125 0.1421875
0 0.62421875 0.39609375 0.09453125 0.146875
0 0.64140625 0.8859375 0.1171875 0.11953125
0 0.65390625 0.13515625 0.1171875 0.13203125
0 0.66328125 0.6515625 0.10703125 0.121875
0 0.70625 0.40078125 0.09453125 0.146875
0 0.7296875 0.8859375 0.1171875 0.11953125
0 0.75625 0.13515625 0.1171875 0.13203125
0 0.759375 0.65703125 0.10703125 0.121875
0 0.13203125 0.128125 0.1171875 0.13203125
0 0.13203125 0.39609375 0.1171875 0.13984375
0 0.7921875 0.39765625 0.09453125 0.146875
0 0.8375 0.8859375 0.11484375 0.13671875
0 0.8578125 0.65703125 0.10703125 0.121875
0 0.8796875 0.13046875 0.1171875 0.13984375
0 0.8828125 0.39765625 0.09453125 0.146875
0 0.15078125 0.65078125 0.10859375 0.1265625
0 0.1640625 0.86015625 0.10703125 0.14375
0 0.22890625 0.1234375 0.1171875 0.13203125
0 0.23515625 0.390625 0.1171875 0.13984375
0 0.24765625 0.65078125 0.10859375 0.1265625
0 0.25859375 0.8734375 0.09453125 0.11640625
0 0.3359375 0.128125 0.1171875 0.13203125
0 0.34609375 0.871875 0.1171875 0.11953125
0 0.34609375 0.3890625 0.1171875 0.13984375
0 0.35390625 0.65234375 0.10859375 0.1265625
0 0.4359375 0.390625 0.1171875 0.13984375
0 0.43828125 0.1265625 0.1171875 0.13203125
0 0.44453125 0.65078125 0.10859375 0.1265625
0 0.4546875 0.87734375 0.1171875 0.11953125
0 0.5375 0.39453125 0.09453125 0.146875
0 0.553125 0.1296875 0.1171875 0.13203125
0 0.5609375 0.88359375 0.1171875 0.11953125