0 0.296875 0.30859375 0.07802734375 0.20185546875
0 0.31640625 0.71484375 0.0888671875 0.18310546875
0 0.38125 0.709375 0.0814453125 0.181298828125
0 0.4546875 0.7015625 0.0779296875 0.180908203125
0 0.525 0.703125 0.0873046875 0.184033203125
0 0.0984375 0.7078125 0.0783203125 0.181103515625
0 0.68359375 0.30859375 0.107666015625 0.208056640625
0 0.7484375 0.69140625 0.09375 0.21376953125
0 0.76953125 0.27890625 0.1330078125 0.259375
0 0.821875 0.68828125 0.09970703125 0.21396484375
0 0.853125 0.28359375 0.13720703125 0.2607421875
0 0.89375 0.68828125 0.10615234375 0.21396484375
0 0.93828125 0.28671875 0.1109375 0.2515625
0 0.1734375 0.70625 0.0720703125 0.178173828125
0 0.0609375 0.30703125 0.1091796875 0.207666015625
0 0.21953125 0.30703125 0.1013671875 0.204931640625
0 0.24296875 0.7078125 0.0767578125 0.180908203125
6 0.14296875 0.30859375 0.1080078125 0.208056640625
9 0.37421875 0.31171875 0.079345703125 0.204345703125
9 0.4453125 0.30859375 0.097021484375 0.207666015625
9 0.51875 0.3015625 0.093896484375 0.209130859375
9 0.603125 0.31328125 0.087646484375 0.204931640625
10 0.6 0.70625 0.090625 0.18427734375
10 0.6765625 0.7078125 0.0935546875 0.184423828125