0 0.31953125 0.79375 0.0921875 0.240625
0 0.41171875 0.309375 0.1328125 0.337451171875
0 0.4140625 0.765625 0.10654296875 0.29384765625
0 0.090625 0.31875 0.1126953125 0.28427734375
0 0.5109375 0.78671875 0.093896484375 0.229931640625
0 0.51796875 0.309375 0.1138671875 0.334521484375
0 0.6109375 0.7984375 0.10615234375 0.23466796875
0 0.62109375 0.346875 0.1044921875 0.28154296875
0 0.70234375 0.78828125 0.095166015625 0.232470703125
0 0.72734375 0.34453125 0.1078125 0.2734375
0 0.115625 0.78046875 0.109228515625 0.251416015625
0 0.80078125 0.79140625 0.101416015625 0.2419921875
0 0.82578125 0.3515625 0.1078125 0.27490234375
0 0.9265625 0.353125 0.1095703125 0.274609375
0 0.19765625 0.33125 0.115625 0.28447265625
0 0.21484375 0.765625 0.1328125 0.3033203125
6 0.89921875 0.80390625 0.091845703125 0.2375
9 0.309375 0.33125 0.128125 0.28779296875