0 0.35703125 0.74296875 0.0609375 0.1875
0 0.54375 0.33125 0.0640625 0.21953125
0 0.61328125 0.32734375 0.0640625 0.21953125
0 0.665625 0.728125 0.0546875 0.18203125
0 0.10390625 0.73984375 0.0796875 0.2140625
0 0.68046875 0.32578125 0.0640625 0.21953125
0 0.7359375 0.71796875 0.0546875 0.18203125
0 0.74140625 0.3234375 0.0640625 0.21953125
0 0.80859375 0.321875 0.0640625 0.21953125
0 0.87578125 0.30390625 0.075 0.2515625
0 0.946875 0.28671875 0.0890625 0.26171875
0 0.1671875 0.75625 0.0734375 0.18203125
0 0.23046875 0.75390625 0.06796875 0.19375
7 0.29375 0.74921875 0.06953125 0.19609375
7 0.41171875 0.728125 0.05546875 0.2140625
7 0.48203125 0.72421875 0.05546875 0.2296875
7 0.53984375 0.72109375 0.06328125 0.215625
7 0.60546875 0.7328125 0.05625 0.19140625
7 0.79765625 0.71796875 0.0546875 0.18203125
7 0.85625 0.72578125 0.0640625 0.18203125
7 0.921875 0.71015625 0.07109375 0.18203125
8 0.2828125 0.34609375 0.0640625 0.209375
8 0.34609375 0.3421875 0.0640625 0.209375
8 0.41171875 0.3421875 0.0640625 0.209375
8 0.08203125 0.33515625 0.0859375 0.24765625
8 0.4765625 0.33515625 0.0640625 0.21953125
8 0.14765625 0.33125 0.07890625 0.2515625
8 0.21328125 0.328125 0.084375 0.25390625