0 0.615625 0.15625 0.09921875 0.1515625
0 0.625 0.65859375 0.096875 0.11015625
0 0.64765625 0.4265625 0.096875 0.1265625
0 0.7 0.153125 0.09921875 0.1515625
0 0.70546875 0.83515625 0.096875 0.125
0 0.721875 0.65546875 0.096875 0.11015625
0 0.746875 0.428125 0.096875 0.1265625
0 0.7828125 0.15625 0.09921875 0.1515625
0 0.1234375 0.421875 0.09921875 0.1296875
0 0.8 0.8390625 0.096875 0.125
0 0.82109375 0.65 0.096875 0.125
0 0.85390625 0.4265625 0.096875 0.1265625
0 0.8734375 0.153125 0.09921875 0.1515625
0 0.14296875 0.6375 0.1046875 0.13984375
0 0.14296875 0.83359375 0.096875 0.125
0 0.2140625 0.15546875 0.10703125 0.13984375
0 0.22890625 0.4234375 0.09921875 0.1296875
0 0.23203125 0.64765625 0.08828125 0.11484375
0 0.23984375 0.83359375 0.096875 0.125
0 0.31328125 0.15859375 0.10703125 0.13984375
0 0.32109375 0.41875 0.09921875 0.1296875
0 0.3328125 0.83515625 0.096875 0.125
0 0.334375 0.64296875 0.08828125 0.13125
0 0.4203125 0.16015625 0.10703125 0.13984375
0 0.42734375 0.8375 0.096875 0.125
0 0.428125 0.421875 0.09921875 0.1296875
0 0.43125 0.64921875 0.096875 0.11015625
0 0.09921875 0.15859375 0.10703125 0.13984375
0 0.52734375 0.15546875 0.10703125 0.13984375
0 0.52421875 0.83359375 0.096875 0.125
0 0.528125 0.65546875 0.096875 0.11015625
0 0.53828125 0.41640625 0.08828125 0.13828125