0 0.3421875 0.87890625 0.084375 0.16953125
0 0.434375 0.53046875 0.08984375 0.22890625
0 0.434375 0.8546875 0.084375 0.215625
0 0.52890625 0.53046875 0.08984375 0.22890625
0 0.52890625 0.8734375 0.0796875 0.17421875
0 0.625 0.553125 0.08671875 0.1859375
0 0.62421875 0.878125 0.0796875 0.16484375
0 0.7125 0.86640625 0.08359375 0.17734375
0 0.721875 0.55546875 0.08671875 0.1859375
0 0.8015625 0.86171875 0.08359375 0.17734375
0 0.81171875 0.5515625 0.08671875 0.1859375
0 0.82265625 0.22109375 0.09140625 0.20859375
0 0.128125 0.546875 0.09140625 0.1921875
0 0.903125 0.56015625 0.08671875 0.1859375
0 0.91015625 0.22421875 0.09140625 0.1921875
0 0.1484375 0.87578125 0.08671875 0.1859375
0 0.23125 0.546875 0.09140625 0.1921875
0 0.24453125 0.8578125 0.08984375 0.21875
3 0.42734375 0.20625 0.09140625 0.20859375
3 0.5265625 0.21328125 0.09140625 0.20859375
3 0.62734375 0.2078125 0.09140625 0.20859375
3 0.10859375 0.18515625 0.0984375 0.20859375
3 0.7296875 0.21796875 0.09140625 0.20859375
3 0.21328125 0.18984375 0.0984375 0.20859375
6 0.89140625 0.87421875 0.08359375 0.15625
9 0.3375 0.55546875 0.09140625 0.1921875