0 0.2859375 0.54453125 0.06552734375 0.15439453125
0 0.28984375 0.26171875 0.06748046875 0.1609375
0 0.340625 0.54453125 0.06279296875 0.15439453125
0 0.34453125 0.26328125 0.07021484375 0.1611328125
0 0.3953125 0.54453125 0.065283203125 0.1607421875
0 0.40390625 0.25703125 0.067529296875 0.1609375
0 0.45625 0.54609375 0.071533203125 0.1611328125
0 0.459375 0.26015625 0.068798828125 0.1609375
0 0.5015625 0.8109375 0.053515625 0.141015625
0 0.51015625 0.54140625 0.06396484375 0.159375
0 0.515625 0.26171875 0.06552734375 0.1609375
0 0.5640625 0.8125 0.066015625 0.1439453125
0 0.57421875 0.52421875 0.076708984375 0.1875
0 0.5734375 0.26328125 0.056103515625 0.1580078125
0 0.61640625 0.81953125 0.0576171875 0.1421875
0 0.63125 0.25859375 0.06259765625 0.1607421875
0 0.66875 0.82109375 0.0564453125 0.1421875
0 0.67734375 0.53984375 0.065625 0.1861328125
0 0.690625 0.26328125 0.059033203125 0.159375
0 0.7203125 0.815625 0.065234375 0.14375
0 0.728125 0.53984375 0.059375 0.1859375
0 0.746875 0.26171875 0.068994140625 0.1611328125
0 0.7859375 0.55078125 0.0716796875 0.154931640625
0 0.8046875 0.26171875 0.071728515625 0.1611328125
0 0.8359375 0.80703125 0.081396484375 0.173095703125
0 0.84140625 0.53828125 0.0673828125 0.170361328125
0 0.859375 0.26171875 0.062158203125 0.1607421875
0 0.121875 0.2484375 0.056494140625 0.15947265625
0 0.1265625 0.5234375 0.06259765625 0.19091796875
0 0.1796875 0.2515625 0.065478515625 0.16240234375
0 0.18203125 0.53046875 0.073779296875 0.192236328125
0 0.23125 0.53828125 0.056494140625 0.151513671875
0 0.234375 0.2546875 0.071728515625 0.16259765625
8 0.2953125 0.80703125 0.065625 0.1451171875
8 0.34609375 0.80703125 0.059375 0.1423828125
8 0.40078125 0.80859375 0.0576171875 0.1421875
8 0.4515625 0.80859375 0.05 0.140625
8 0.6234375 0.5296875 0.068408203125 0.1845703125
8 0.77890625 0.8125 0.0517578125 0.16279296875
8 0.13203125 0.784375 0.063818359375 0.1626953125
8 0.18671875 0.7859375 0.0734375 0.1658203125
8 0.23671875 0.79296875 0.075 0.1669921875