0 0.3734375 0.79140625 0.1 0.26328125
0 0.378125 0.31015625 0.1 0.23828125
0 0.47109375 0.321875 0.1 0.23828125
0 0.47265625 0.78984375 0.1 0.26328125
0 0.56640625 0.31953125 0.1 0.23828125
0 0.5609375 0.7859375 0.0859375 0.26328125
0 0.6359375 0.79140625 0.0859375 0.26328125
0 0.6703125 0.3265625 0.1 0.23828125
0 0.71953125 0.78984375 0.0859375 0.26328125
0 0.7625 0.33984375 0.1 0.23828125
0 0.79765625 0.79453125 0.0859375 0.26328125
0 0.875 0.34921875 0.1 0.23828125
0 0.8734375 0.79296875 0.0859375 0.26328125
0 0.16640625 0.7875 0.1 0.26328125
0 0.184375 0.31640625 0.1 0.23828125
0 0.2734375 0.7875 0.1 0.26328125
0 0.2796875 0.321875 0.1 0.23828125