0 0.28671875 0.82421875 0.06171875 0.13828125
0 0.28828125 0.534375 0.059375 0.1515625
0 0.34609375 0.8078125 0.06171875 0.14453125
0 0.35 0.5203125 0.059375 0.1625
0 0.40390625 0.809375 0.06171875 0.14453125
0 0.40390625 0.52421875 0.059375 0.1625
0 0.46796875 0.8171875 0.0515625 0.14453125
0 0.51875 0.8328125 0.05703125 0.13359375
0 0.57109375 0.83125 0.05703125 0.13359375
0 0.5953125 0.52734375 0.059375 0.1625
0 0.65078125 0.52734375 0.059375 0.1625
0 0.72109375 0.23203125 0.059375 0.1515625
0 0.72265625 0.534375 0.053125 0.13828125
0 0.77890625 0.8171875 0.05625 0.1578125
0 0.78046875 0.23359375 0.059375 0.1515625
0 0.78359375 0.5375 0.053125 0.13828125
0 0.828125 0.8171875 0.05625 0.1578125
0 0.83828125 0.23671875 0.059375 0.1515625
0 0.840625 0.5359375 0.053125 0.13828125
0 0.1609375 0.53125 0.059375 0.1515625
0 0.17109375 0.82578125 0.06171875 0.13828125
0 0.2234375 0.534375 0.059375 0.1515625
3 0.27890625 0.21875 0.059375 0.1515625
3 0.34375 0.215625 0.059375 0.1515625
3 0.39921875 0.2203125 0.059375 0.1515625
3 0.4546875 0.2203125 0.059375 0.1515625
3 0.55390625 0.225 0.059375 0.1515625
3 0.61328125 0.221875 0.059375 0.1515625
3 0.6640625 0.22890625 0.059375 0.1515625
3 0.165625 0.2125 0.059375 0.1515625
3 0.2234375 0.2140625 0.059375 0.1515625
6 0.23046875 0.82578125 0.06171875 0.13828125
9 0.625 0.8296875 0.05703125 0.13359375
9 0.675 0.83125 0.05703125 0.13359375
9 0.7265625 0.8328125 0.05703125 0.13359375