0 0.26640625 0.19296875 0.05703125 0.159375
0 0.05625 0.19140625 0.06484375 0.15625
0 0.2765625 0.428125 0.04375 0.14609375
0 0.284375 0.66171875 0.053125 0.11015625
0 0.29140625 0.85859375 0.05 0.128125
0 0.32109375 0.19140625 0.05703125 0.159375
0 0.33046875 0.42578125 0.0484375 0.1515625
0 0.3328125 0.66640625 0.05078125 0.125
0 0.33828125 0.871875 0.05 0.128125
0 0.37890625 0.18671875 0.05703125 0.159375
0 0.38125 0.659375 0.05390625 0.11484375
0 0.38671875 0.8734375 0.05 0.128125
0 0.396875 0.42734375 0.0484375 0.1515625
0 0.434375 0.190625 0.05703125 0.16484375
0 0.43515625 0.66875 0.0484375 0.13359375
0 0.4390625 0.86875 0.0484375 0.13515625
0 0.45390625 0.42734375 0.040625 0.1515625
0 0.48515625 0.6703125 0.0484375 0.13359375
0 0.48984375 0.190625 0.05703125 0.16484375
0 0.4890625 0.86640625 0.0484375 0.14140625
0 0.496875 0.42734375 0.040625 0.1546875
0 0.53515625 0.6734375 0.0484375 0.13359375
0 0.53984375 0.86875 0.0484375 0.14140625
0 0.55 0.18515625 0.0515625 0.17265625
0 0.55546875 0.4265625 0.040625 0.159375
0 0.078125 0.42734375 0.0484375 0.14765625
0 0.5859375 0.8734375 0.0515625 0.14140625
0 0.59921875 0.66015625 0.0453125 0.14296875
0 0.60390625 0.17578125 0.0515625 0.17421875
0 0.60078125 0.43046875 0.040625 0.159375
0 0.64921875 0.65703125 0.05 0.15
0 0.6484375 0.875 0.04375 0.13125
0 0.653125 0.18203125 0.046875 0.17890625
0 0.09140625 0.63984375 0.05703125 0.14453125
0 0.6609375 0.43046875 0.040625 0.159375
0 0.69609375 0.88125 0.04375 0.14453125
0 0.709375 0.66015625 0.05 0.15
0 0.71015625 0.428125 0.040625 0.159375
0 0.72578125 0.1765625 0.046875 0.17890625
0 0.75234375 0.88515625 0.05859375 0.1578125
0 0.76328125 0.65859375 0.05 0.15
0 0.76953125 0.4265625 0.040625 0.159375
0 0.778125 0.171875 0.05390625 0.1828125
0 0.1046875 0.853125 0.0515625 0.13359375
0 0.109375 0.190625 0.053125 0.1515625
0 0.12421875 0.43125 0.05078125 0.14765625
0 0.1375 0.6609375 0.05625 0.13125
0 0.153125 0.86171875 0.04921875 0.11484375
0 0.15859375 0.19296875 0.0546875 0.153125
0 0.17734375 0.42890625 0.04921875 0.14765625
0 0.18984375 0.6578125 0.05 0.128125
0 0.1984375 0.86328125 0.046875 0.11484375
0 0.2125 0.19296875 0.0546875 0.153125
0 0.225 0.43203125 0.0515625 0.14609375
0 0.23671875 0.659375 0.0484375 0.11875
0 0.24453125 0.859375 0.05 0.13984375