0 0.08359375 0.35625 0.085986328125 0.215673828125
0 0.7734375 0.80625 0.087841796875 0.215869140625
0 0.80390625 0.38828125 0.07353515625 0.21396484375
0 0.8484375 0.8015625 0.07802734375 0.21279296875
0 0.875 0.38828125 0.075341796875 0.214013671875
0 0.9125 0.80390625 0.08779296875 0.21728515625
0 0.94375 0.3796875 0.093896484375 0.218408203125
0 0.159375 0.35234375 0.087841796875 0.217333984375
0 0.2375 0.35859375 0.09658203125 0.21748046875
0 0.32265625 0.365625 0.088720703125 0.215869140625
3 0.37734375 0.79921875 0.08564453125 0.21708984375
3 0.4046875 0.3703125 0.093896484375 0.218408203125
3 0.4546875 0.8015625 0.081005859375 0.215283203125
3 0.4796875 0.3703125 0.075341796875 0.212548828125
3 0.56796875 0.3703125 0.082666015625 0.215478515625
3 0.5796875 0.79921875 0.074951171875 0.214013671875
3 0.0953125 0.7953125 0.100146484375 0.218603515625
3 0.64375 0.79765625 0.084716796875 0.217138671875
3 0.646875 0.3796875 0.081396484375 0.215478515625
3 0.70703125 0.79921875 0.092431640625 0.217529296875
3 0.715625 0.38359375 0.07529296875 0.21396484375
3 0.1734375 0.79296875 0.084716796875 0.217138671875
3 0.240625 0.790625 0.081396484375 0.215478515625
3 0.3 0.79296875 0.093896484375 0.217529296875