0 0.28203125 0.84921875 0.06015625 0.14609375
0 0.32890625 0.52578125 0.071875 0.1859375
0 0.3421875 0.85078125 0.06015625 0.14609375
0 0.40078125 0.8578125 0.06015625 0.14609375
0 0.4625 0.8546875 0.06015625 0.14609375
0 0.52265625 0.85625 0.06015625 0.14609375
0 0.53828125 0.15078125 0.071875 0.1859375
0 0.61015625 0.15078125 0.071875 0.1859375
0 0.66328125 0.534375 0.06796875 0.16796875
0 0.68046875 0.15390625 0.071875 0.1859375
0 0.7140625 0.8484375 0.06015625 0.16484375
0 0.73984375 0.5109375 0.09453125 0.2125
0 0.74921875 0.15546875 0.071875 0.1859375
0 0.78046875 0.846875 0.0703125 0.16484375
0 0.80625 0.5140625 0.09453125 0.2125
0 0.8203125 0.15703125 0.071875 0.1859375
0 0.84453125 0.85546875 0.07421875 0.16484375
0 0.8734375 0.51875 0.09453125 0.2125
0 0.11875 0.1390625 0.071875 0.1859375
0 0.89453125 0.15859375 0.071875 0.1859375
0 0.13046875 0.52421875 0.071875 0.1859375
0 0.15859375 0.84609375 0.06015625 0.14609375
0 0.1859375 0.146875 0.071875 0.1859375
0 0.22109375 0.84296875 0.06015625 0.14609375
0 0.25625 0.146875 0.071875 0.1859375
0 0.26171875 0.5171875 0.071875 0.1859375
3 0.325 0.146875 0.071875 0.1859375
3 0.3984375 0.14921875 0.071875 0.1859375
3 0.465625 0.14921875 0.071875 0.1859375
6 0.19609375 0.52578125 0.071875 0.1859375
9 0.3921875 0.525 0.0640625 0.18125
9 0.459375 0.53125 0.0640625 0.18125
9 0.51953125 0.5328125 0.0640625 0.18125
9 0.59453125 0.5359375 0.06796875 0.16796875
10 0.58671875 0.859375 0.06015625 0.14609375
10 0.64921875 0.86328125 0.06015625 0.13828125