0 0.5171875 0.1625 0.096484375 0.1970703125
0 0.534375 0.83671875 0.1125 0.154345703125
0 0.53203125 0.50625 0.10625 0.1876953125
0 0.603125 0.1609375 0.09375 0.196875
0 0.6265625 0.828125 0.1001953125 0.14697265625
0 0.64921875 0.51796875 0.1203125 0.18291015625
0 0.68828125 0.1578125 0.0859375 0.19375
0 0.7296875 0.8328125 0.1029296875 0.147216796875
0 0.74765625 0.52109375 0.115625 0.182470703125
0 0.12109375 0.521875 0.1017578125 0.168603515625
0 0.77265625 0.16640625 0.10625 0.2013671875
0 0.8234375 0.825 0.121484375 0.18447265625
0 0.85234375 0.51640625 0.1013671875 0.173681640625
0 0.85546875 0.16796875 0.1 0.1986328125
0 0.13671875 0.815625 0.11875 0.199609375
0 0.196875 0.16875 0.11240234375 0.18759765625
0 0.22421875 0.52421875 0.1107421875 0.173388671875
0 0.23203125 0.82578125 0.1142578125 0.173681640625
0 0.30625 0.1671875 0.13408203125 0.20029296875
0 0.32109375 0.521875 0.1078125 0.171533203125
0 0.33359375 0.8171875 0.1203125 0.178076171875
0 0.41796875 0.1671875 0.1234375 0.19697265625
0 0.0921875 0.165625 0.11884765625 0.19345703125
0 0.42265625 0.5171875 0.1173828125 0.175048828125
0 0.4296875 0.828125 0.103515625 0.149951171875