0 0.27109375 0.3828125 0.071875 0.20615234375
0 0.27890625 0.81015625 0.098486328125 0.210693359375
0 0.353125 0.36171875 0.096533203125 0.251708984375
0 0.3515625 0.78515625 0.06552734375 0.21875
0 0.4234375 0.36015625 0.077783203125 0.248388671875
0 0.42109375 0.77734375 0.075 0.2205078125
0 0.50234375 0.78359375 0.0826171875 0.221875
0 0.565625 0.8078125 0.068798828125 0.197021484375
0 0.63046875 0.81015625 0.089013671875 0.201220703125
0 0.66171875 0.3578125 0.076513671875 0.246923828125
0 0.734375 0.35390625 0.077783203125 0.248388671875
0 0.1109375 0.37734375 0.0873046875 0.208056640625
0 0.821875 0.37109375 0.071875 0.198779296875
0 0.884375 0.77890625 0.081591796875 0.223486328125
0 0.8984375 0.37109375 0.0814453125 0.201708984375
0 0.128125 0.815625 0.081201171875 0.206103515625
0 0.953125 0.77890625 0.078271484375 0.223095703125
0 0.96171875 0.36640625 0.0765625 0.2015625
0 0.18828125 0.37890625 0.0953125 0.21083984375
6 0.2109375 0.815625 0.09677734375 0.20927734375
9 0.6953125 0.81171875 0.084228515625 0.198681640625
9 0.759375 0.80625 0.087353515625 0.200341796875
9 0.8234375 0.8078125 0.081494140625 0.200146484375