0 0.2609375 0.80078125 0.077734375 0.167333984375
0 0.303125 0.24140625 0.07158203125 0.182763671875
0 0.3109375 0.53203125 0.05966796875 0.17685546875
0 0.31484375 0.80078125 0.0669921875 0.1861328125
0 0.36796875 0.2359375 0.0763671875 0.18779296875
0 0.36875 0.5328125 0.062548828125 0.184033203125
0 0.375 0.79765625 0.062158203125 0.1859375
0 0.43359375 0.52890625 0.0763671875 0.182958984375
0 0.4296875 0.23125 0.0625 0.19658203125
0 0.4515625 0.8046875 0.0783203125 0.1876953125
0 0.48359375 0.2234375 0.0732421875 0.20009765625
0 0.49375 0.53125 0.0716796875 0.18134765625
0 0.5140625 0.80625 0.072265625 0.1875
0 0.5515625 0.21953125 0.07841796875 0.20146484375
0 0.55546875 0.52890625 0.0669921875 0.180029296875
0 0.56640625 0.8046875 0.0625 0.1873046875
0 0.0875 0.5375 0.062744140625 0.175244140625
0 0.08359375 0.26171875 0.0611328125 0.1734375
0 0.615625 0.2234375 0.059033203125 0.196923828125
0 0.62578125 0.52265625 0.0673828125 0.182568359375
0 0.628125 0.80390625 0.0716796875 0.198486328125
0 0.68359375 0.5125 0.0642578125 0.180908203125
0 0.68359375 0.5203125 0.0826171875 0.200146484375
0 0.684375 0.2234375 0.068994140625 0.199853515625
0 0.68359375 0.80703125 0.067431640625 0.198291015625
0 0.73828125 0.515625 0.073193359375 0.199951171875
0 0.096875 0.79296875 0.053369140625 0.1732421875
0 0.75 0.81171875 0.059130859375 0.198095703125
0 0.75390625 0.21484375 0.0638671875 0.20625
0 0.80703125 0.81015625 0.0578125 0.19560546875
0 0.81640625 0.51796875 0.07373046875 0.20146484375
0 0.8171875 0.2078125 0.084130859375 0.21259765625
0 0.8765625 0.51796875 0.06845703125 0.20625
0 0.8765625 0.80859375 0.05595703125 0.195361328125
0 0.8875 0.20859375 0.07529296875 0.195361328125
0 0.13828125 0.25390625 0.0544921875 0.173681640625
0 0.14453125 0.53515625 0.075 0.1705078125
0 0.14765625 0.79921875 0.0732421875 0.16728515625
0 0.19140625 0.2515625 0.0576171875 0.178369140625
0 0.19609375 0.534375 0.0673828125 0.1748046875
0 0.20234375 0.7921875 0.0607421875 0.162744140625
0 0.24765625 0.24453125 0.0734375 0.182763671875
0 0.25546875 0.53125 0.060693359375 0.1720703125