0 0.39765625 0.77421875 0.07109375 0.23671875
0 0.07734375 0.78828125 0.07109375 0.19765625
0 0.471875 0.796875 0.07109375 0.19765625
0 0.54140625 0.7953125 0.07109375 0.19765625
0 0.6109375 0.79140625 0.07109375 0.19765625
0 0.68046875 0.78828125 0.0671875 0.18359375
0 0.72109375 0.3671875 0.0703125 0.18046875
0 0.7890625 0.365625 0.0703125 0.18046875
0 0.8578125 0.36953125 0.0703125 0.18046875
0 0.8875 0.7609375 0.0671875 0.21015625
0 0.92109375 0.36640625 0.0609375 0.175
0 0.9546875 0.7609375 0.0671875 0.21015625
0 0.1515625 0.79140625 0.07109375 0.19765625
3 0.3046875 0.353125 0.0703125 0.18046875
3 0.07265625 0.35 0.08203125 0.18046875
3 0.38046875 0.35546875 0.0703125 0.18046875
3 0.453125 0.35859375 0.0703125 0.18046875
3 0.58203125 0.365625 0.0703125 0.18046875
3 0.6515625 0.365625 0.0703125 0.18046875
3 0.15859375 0.35859375 0.0703125 0.18046875
3 0.23046875 0.35546875 0.0703125 0.18046875
6 0.3109375 0.796875 0.07109375 0.19765625
6 0.228125 0.79296875 0.07109375 0.19765625
9 0.75 0.784375 0.0671875 0.18359375
9 0.81796875 0.78125 0.0671875 0.18359375