0 0.3109375 0.3484375 0.06875 0.21171875
0 0.3734375 0.3359375 0.06875 0.21171875
0 0.44609375 0.3421875 0.059375 0.21171875
0 0.50625 0.71484375 0.06328125 0.2015625
0 0.509375 0.3375 0.059375 0.21171875
0 0.578125 0.72265625 0.06328125 0.2015625
0 0.584375 0.31328125 0.0734375 0.26484375
0 0.63828125 0.71875 0.06328125 0.2015625
0 0.69921875 0.72109375 0.06328125 0.2015625
0 0.70625 0.32265625 0.06015625 0.25078125
0 0.76015625 0.71875 0.06328125 0.2015625
0 0.76640625 0.3203125 0.0609375 0.25078125
0 0.83125 0.334375 0.0609375 0.21328125
0 0.890625 0.69296875 0.0765625 0.2359375
0 0.896875 0.31484375 0.05703125 0.25234375
0 0.121875 0.33046875 0.06796875 0.2625
0 0.184375 0.34921875 0.071875 0.209375
0 0.25 0.3484375 0.06328125 0.203125
0 0.06015625 0.33125 0.07578125 0.26484375
8 0.2640625 0.728125 0.06328125 0.1953125
8 0.32421875 0.7296875 0.06328125 0.1953125
8 0.07109375 0.71484375 0.08046875 0.2421875
8 0.3890625 0.72578125 0.06328125 0.1953125
8 0.4453125 0.7234375 0.06328125 0.1953125
8 0.64296875 0.3171875 0.0734375 0.26484375
8 0.821875 0.7 0.07109375 0.234375
8 0.1359375 0.715625 0.071875 0.2359375
8 0.1984375 0.70546875 0.075 0.25234375