0 0.03984375 0.25390625 0.0796875 0.2078125
0 0.05390625 0.5453125 0.064306640625 0.178369140625
0 0.27734375 0.24453125 0.0798828125 0.198681640625
0 0.2859375 0.5453125 0.065869140625 0.196630859375
0 0.29140625 0.83828125 0.057958984375 0.15625
0 0.34375 0.2421875 0.069140625 0.197216796875
0 0.3484375 0.84140625 0.06591796875 0.159375
0 0.35 0.53828125 0.08125 0.195556640625
0 0.065625 0.81015625 0.071728515625 0.179345703125
0 0.4078125 0.240625 0.071484375 0.197216796875
0 0.40703125 0.83984375 0.060693359375 0.1576171875
0 0.43046875 0.54140625 0.0765625 0.195361328125
0 0.47109375 0.8421875 0.067138671875 0.1716796875
0 0.47421875 0.2421875 0.085693359375 0.200146484375
0 0.4953125 0.53984375 0.062548828125 0.195166015625
0 0.53046875 0.85078125 0.070263671875 0.171875
0 0.5390625 0.23828125 0.074853515625 0.2044921875
0 0.55234375 0.54296875 0.054345703125 0.2013671875
0 0.59296875 0.85234375 0.073193359375 0.167431640625
0 0.6140625 0.23125 0.059765625 0.20029296875
0 0.61875 0.53828125 0.065771484375 0.2017578125
0 0.665625 0.83671875 0.07490234375 0.1890625
0 0.67578125 0.2296875 0.084375 0.21875
0 0.6734375 0.54296875 0.05625 0.2013671875
0 0.09453125 0.25234375 0.067236328125 0.1892578125
0 0.73203125 0.83984375 0.0765625 0.195263671875
0 0.73828125 0.22421875 0.0859375 0.2232421875
0 0.74609375 0.54296875 0.0611328125 0.2015625
0 0.10703125 0.5453125 0.07021484375 0.18115234375
0 0.80625 0.8421875 0.06259765625 0.196826171875
0 0.80625 0.5421875 0.069140625 0.20908203125
0 0.825 0.22578125 0.080859375 0.22958984375
0 0.11640625 0.83359375 0.07646484375 0.171875
0 0.87265625 0.84921875 0.0671875 0.195556640625
0 0.8890625 0.221875 0.078076171875 0.2341796875
0 0.8828125 0.5390625 0.0626953125 0.206591796875
0 0.15390625 0.2484375 0.080029296875 0.197119140625
0 0.16953125 0.54296875 0.073291015625 0.182763671875
0 0.17890625 0.8234375 0.064013671875 0.15341796875
0 0.2171875 0.2484375 0.07177734375 0.196533203125
0 0.22734375 0.54140625 0.064306640625 0.179833984375
0 0.23515625 0.8359375 0.070263671875 0.159375