0 0.54453125 0.53125 0.1015625 0.1875
0 0.55625 0.21328125 0.10908203125 0.14873046875
0 0.56640625 0.83671875 0.101708984375 0.182568359375
0 0.62890625 0.5359375 0.1013671875 0.1875
0 0.6703125 0.21484375 0.102978515625 0.145556640625
0 0.68046875 0.8484375 0.1080078125 0.15322265625
0 0.7265625 0.534375 0.0904296875 0.1841796875
0 0.77109375 0.21953125 0.098388671875 0.142236328125
0 0.77734375 0.85 0.1142578125 0.1560546875
0 0.80078125 0.525 0.0923828125 0.1845703125
0 0.88203125 0.846875 0.1232421875 0.15966796875
0 0.88515625 0.21328125 0.110888671875 0.151220703125
0 0.88515625 0.528125 0.0859375 0.18125
0 0.146875 0.20625 0.115576171875 0.150341796875
0 0.14921875 0.52890625 0.101708984375 0.1611328125
0 0.1625 0.84296875 0.1220703125 0.1638671875
0 0.24453125 0.5328125 0.1330078125 0.178466796875
0 0.2546875 0.21171875 0.11865234375 0.15185546875
0 0.26328125 0.84296875 0.1263671875 0.165625
0 0.35390625 0.5265625 0.1201171875 0.171630859375
0 0.35390625 0.2078125 0.114306640625 0.152880859375
0 0.36640625 0.83984375 0.1201171875 0.1609375
0 0.4546875 0.5328125 0.1189453125 0.171630859375
0 0.45859375 0.84453125 0.1330078125 0.1703125
0 0.45625 0.21328125 0.112451171875 0.148486328125