0 0.3421875 0.87890625 0.0908203125 0.173388671875
0 0.434375 0.53046875 0.090576171875 0.229638671875
0 0.434375 0.8546875 0.096875 0.2189453125
0 0.52890625 0.53046875 0.10751953125 0.23564453125
0 0.52890625 0.8734375 0.0826171875 0.175146484375
0 0.625 0.553125 0.106005859375 0.19384765625
0 0.62421875 0.878125 0.0826171875 0.165771484375
0 0.7125 0.86640625 0.090380859375 0.179541015625
0 0.721875 0.55546875 0.10283203125 0.1919921875
0 0.8015625 0.86171875 0.099951171875 0.182861328125
0 0.81171875 0.5515625 0.088720703125 0.18447265625
0 0.82265625 0.22109375 0.104443359375 0.213720703125
0 0.128125 0.546875 0.11259765625 0.2001953125
0 0.903125 0.56015625 0.10634765625 0.1923828125
0 0.91015625 0.22421875 0.11396484375 0.2
0 0.1484375 0.87578125 0.09404296875 0.1890625
0 0.23125 0.546875 0.109033203125 0.19990234375
0 0.24453125 0.8578125 0.108056640625 0.225
3 0.42734375 0.20625 0.098583984375 0.212255859375
3 0.5265625 0.21328125 0.106298828125 0.213916015625
3 0.62734375 0.2078125 0.10439453125 0.21279296875
3 0.10859375 0.18515625 0.1015625 0.210595703125
3 0.7296875 0.21796875 0.096533203125 0.210595703125
3 0.21328125 0.18984375 0.1080078125 0.211181640625
6 0.89140625 0.87421875 0.095361328125 0.1611328125
9 0.3375 0.55546875 0.10595703125 0.1982421875