0 0.3015625 0.67890625 0.062353515625 0.125
0 0.30390625 0.86796875 0.0607421875 0.128125
0 0.30625 0.4734375 0.056494140625 0.1216796875
0 0.3203125 0.2171875 0.062841796875 0.115771484375
0 0.3546875 0.67890625 0.05634765625 0.1232421875
0 0.3578125 0.471875 0.05341796875 0.119140625
0 0.3765625 0.2140625 0.052978515625 0.112646484375
0 0.4 0.68125 0.05341796875 0.121875
0 0.40390625 0.4734375 0.063818359375 0.1220703125
0 0.4234375 0.21015625 0.06240234375 0.11435546875
0 0.4484375 0.684375 0.0623046875 0.1248046875
0 0.45546875 0.475 0.063818359375 0.1220703125
0 0.475 0.21015625 0.062353515625 0.114306640625
0 0.50625 0.471875 0.056494140625 0.1216796875
0 0.50546875 0.67890625 0.048486328125 0.121875
0 0.53125 0.20859375 0.059228515625 0.114111328125
0 0.55078125 0.875 0.066943359375 0.118896484375
0 0.5515625 0.68125 0.062451171875 0.1251953125
0 0.55546875 0.471875 0.064208984375 0.1220703125
0 0.584375 0.20703125 0.056494140625 0.113916015625
0 0.6015625 0.88125 0.05595703125 0.11572265625
0 0.6078125 0.665625 0.065283203125 0.146630859375
0 0.60546875 0.47890625 0.054833984375 0.1203125
0 0.6359375 0.21015625 0.056494140625 0.113916015625
0 0.65078125 0.878125 0.05625 0.118701171875
0 0.659375 0.475 0.056494140625 0.1216796875
0 0.69765625 0.671875 0.05791015625 0.14404296875
0 0.69609375 0.8796875 0.0548828125 0.118701171875
0 0.7078125 0.475 0.056494140625 0.1216796875
0 0.7453125 0.878125 0.05654296875 0.118701171875
0 0.74921875 0.671875 0.060595703125 0.13427734375
0 0.76015625 0.4734375 0.063818359375 0.1220703125
0 0.79921875 0.22109375 0.0580078125 0.117333984375
0 0.79921875 0.68046875 0.0580078125 0.1234375
0 0.80859375 0.4734375 0.05185546875 0.1189453125
0 0.84609375 0.23046875 0.0625 0.128125
0 0.846875 0.86875 0.059228515625 0.1248046875
0 0.846875 0.671875 0.0470703125 0.13125
0 0.859375 0.475 0.059228515625 0.121875
0 0.20546875 0.865625 0.0640625 0.1283203125
0 0.21328125 0.22734375 0.084375 0.141943359375
0 0.20546875 0.4640625 0.0638671875 0.115771484375
0 0.20703125 0.66875 0.05771484375 0.13466796875
0 0.2546875 0.46796875 0.05595703125 0.114208984375
0 0.25625 0.665625 0.05283203125 0.13447265625
0 0.2703125 0.221875 0.07822265625 0.13125
4 0.6890625 0.2125 0.052783203125 0.112646484375
4 0.74296875 0.2171875 0.0669921875 0.11572265625
8 0.3578125 0.87890625 0.05625 0.1265625
8 0.40546875 0.87734375 0.0638671875 0.1294921875
8 0.45625 0.875 0.059033203125 0.115966796875
8 0.5015625 0.8796875 0.065673828125 0.119091796875
8 0.65390625 0.671875 0.0513671875 0.144091796875
8 0.79375 0.86875 0.05322265625 0.1220703125
8 0.259375 0.865625 0.0658203125 0.12841796875