0 0.290625 0.26953125 0.0658203125 0.1578125
0 0.34765625 0.2703125 0.07353515625 0.1626953125
0 0.35625 0.83203125 0.056396484375 0.142529296875
0 0.4046875 0.26875 0.071875 0.18134765625
0 0.4671875 0.26796875 0.06884765625 0.1640625
0 0.52109375 0.54765625 0.0640625 0.142138671875
0 0.52421875 0.27109375 0.0580078125 0.1611328125
0 0.58125 0.54765625 0.06875 0.145458984375
0 0.590625 0.24921875 0.081201171875 0.198486328125
0 0.62578125 0.8328125 0.058056640625 0.143505859375
0 0.6375 0.54921875 0.06875 0.145458984375
0 0.69140625 0.55234375 0.071875 0.145654296875
0 0.6875 0.83671875 0.05634765625 0.14189453125
0 0.69921875 0.26015625 0.065625 0.1892578125
0 0.7484375 0.55390625 0.065234375 0.145068359375
0 0.75625 0.26015625 0.07490234375 0.190625
0 0.8171875 0.26640625 0.06220703125 0.1607421875
0 0.86875 0.53515625 0.081396484375 0.182763671875
0 0.8765625 0.25625 0.0564453125 0.1814453125
0 0.12109375 0.25703125 0.0609375 0.1828125
0 0.140625 0.8125 0.065673828125 0.15908203125
0 0.17890625 0.25625 0.0763671875 0.1876953125
0 0.19453125 0.83046875 0.066845703125 0.138818359375
0 0.23359375 0.2703125 0.0767578125 0.165234375
0 0.2484375 0.8296875 0.06904296875 0.150146484375
7 0.3015625 0.8328125 0.0685546875 0.1625
7 0.40625 0.81328125 0.05947265625 0.1517578125
7 0.465625 0.81875 0.062109375 0.162890625
7 0.51640625 0.82421875 0.060888671875 0.1625
7 0.57265625 0.8328125 0.066845703125 0.143701171875
7 0.740625 0.834375 0.0654296875 0.143701171875
7 0.7921875 0.84453125 0.059765625 0.141845703125
7 0.8484375 0.84453125 0.0720703125 0.144970703125
8 0.30078125 0.54453125 0.0703125 0.142333984375
8 0.35390625 0.54765625 0.0578125 0.13916015625
8 0.41171875 0.54609375 0.0673828125 0.142333984375
8 0.46328125 0.54765625 0.0703125 0.142333984375
8 0.64140625 0.25703125 0.083056640625 0.198681640625
8 0.80859375 0.53984375 0.0732421875 0.173681640625
8 0.13046875 0.53125 0.08310546875 0.17529296875
8 0.18515625 0.5328125 0.064306640625 0.174951171875
8 0.24140625 0.53046875 0.076806640625 0.182958984375