0 0.296875 0.74921875 0.093798828125 0.228125
0 0.3 0.34296875 0.080859375 0.23125
0 0.36796875 0.7546875 0.089013671875 0.22509765625
0 0.3734375 0.34453125 0.0814453125 0.2326171875
0 0.45 0.7546875 0.07509765625 0.2220703125
0 0.52578125 0.775 0.07978515625 0.181640625
0 0.59375 0.76953125 0.07841796875 0.1828125
0 0.62890625 0.35 0.0919921875 0.234375
0 0.696875 0.346875 0.0998046875 0.237109375
0 0.79375 0.36953125 0.09091796875 0.1890625
0 0.12109375 0.35546875 0.103125 0.2109375
0 0.86796875 0.7515625 0.085791015625 0.21591796875
0 0.875 0.36640625 0.08447265625 0.1875
0 0.93828125 0.75 0.09873046875 0.21875
0 0.95078125 0.3734375 0.0875 0.1876953125
0 0.2109375 0.35390625 0.08740234375 0.2048828125
0 0.21875 0.77578125 0.09375 0.1892578125
0 0.0609375 0.771875 0.097265625 0.190625
0 0.04375 0.36640625 0.0875 0.2078125
6 0.14453125 0.77421875 0.0828125 0.1861328125
9 0.6640625 0.775 0.087255859375 0.18447265625
9 0.72890625 0.77890625 0.09521484375 0.1888671875
9 0.7953125 0.7734375 0.09345703125 0.1876953125