0 0.41640625 0.771875 0.08828125 0.29765625
0 0.51328125 0.77578125 0.08828125 0.29765625
0 0.61171875 0.803125 0.08828125 0.25703125
0 0.7125 0.8015625 0.08828125 0.25703125
0 0.11953125 0.79140625 0.08828125 0.2625
0 0.80859375 0.80703125 0.08828125 0.25703125
0 0.9015625 0.8109375 0.08828125 0.25703125
0 0.9140625 0.3484375 0.08828125 0.2625
0 0.21796875 0.796875 0.08828125 0.2625
3 0.4140625 0.33046875 0.08828125 0.2625
3 0.5109375 0.3359375 0.08828125 0.2625
3 0.09921875 0.32109375 0.09375 0.2625
3 0.61328125 0.3359375 0.08828125 0.2625
3 0.71640625 0.33359375 0.08828125 0.2625
3 0.81796875 0.34296875 0.08828125 0.2625
3 0.2015625 0.3265625 0.09375 0.2625
9 0.321875 0.803125 0.08828125 0.24609375