0 0.3609375 0.9859375 0.05234375 0.028125
0 0.3625 0.81171875 0.05234375 0.09375
0 0.41484375 0.984375 0.05234375 0.03125
0 0.41640625 0.80859375 0.05234375 0.09375
0 0.45625 0.11953125 0.05546875 0.10703125
0 0.471875 0.9921875 0.053125 0.015625
0 0.51640625 0.115625 0.05546875 0.10703125
0 0.525 0.5890625 0.05546875 0.10546875
0 0.5265625 0.99140625 0.05234375 0.01640625
0 0.08046875 0.596875 0.05546875 0.10546875
0 0.08046875 0.378125 0.05546875 0.10234375
0 0.57421875 0.11328125 0.05546875 0.11171875
0 0.58359375 0.5765625 0.06796875 0.13359375
0 0.578125 0.9796875 0.053125 0.040625
0 0.58125 0.35703125 0.05546875 0.10546875
0 0.58125 0.8 0.05234375 0.11640625
0 0.634375 0.98203125 0.05234375 0.0359375
0 0.63671875 0.11171875 0.05546875 0.11171875
0 0.64375 0.5765625 0.06796875 0.13359375
0 0.6375 0.35546875 0.05546875 0.10546875
0 0.64140625 0.8 0.05234375 0.11640625
0 0.696875 0.10859375 0.05546875 0.11171875
0 0.696875 0.98203125 0.05234375 0.0359375
0 0.69765625 0.3484375 0.05546875 0.10546875
0 0.70546875 0.575 0.06796875 0.13359375
0 0.69765625 0.7984375 0.05234375 0.11640625
0 0.103125 0.80859375 0.05234375 0.09375
0 0.103125 0.98359375 0.05234375 0.0328125
0 0.11875 0.140625 0.05546875 0.10703125
0 0.12890625 0.375 0.05546875 0.10234375
0 0.153125 0.80703125 0.05234375 0.09375
0 0.15390625 0.984375 0.05234375 0.03125
0 0.17421875 0.14375 0.05546875 0.10703125
0 0.18515625 0.375 0.05546875 0.10234375
0 0.190625 0.5984375 0.05546875 0.10546875
0 0.20703125 0.81015625 0.05234375 0.09375
0 0.20703125 0.98203125 0.05234375 0.0359375
0 0.246875 0.596875 0.05546875 0.10546875
0 0.2578125 0.81171875 0.05234375 0.09375
0 0.259375 0.98515625 0.05234375 0.0296875
0 0.05859375 0.146875 0.06171875 0.10703125
0 0.309375 0.81484375 0.05234375 0.09375
0 0.3109375 0.9890625 0.05234375 0.02109375
3 0.340625 0.13203125 0.05546875 0.10703125
3 0.353125 0.36484375 0.05546875 0.10234375
3 0.4 0.12421875 0.05546875 0.10703125
3 0.40859375 0.36328125 0.05546875 0.10546875
3 0.4671875 0.36328125 0.05546875 0.10546875
3 0.525 0.36015625 0.05546875 0.10546875
3 0.228125 0.134375 0.05546875 0.10703125
3 0.240625 0.3703125 0.05546875 0.10234375
3 0.28203125 0.134375 0.05546875 0.10703125
3 0.29609375 0.371875 0.05546875 0.10234375
6 0.13515625 0.6 0.05546875 0.10546875
9 0.35078125 0.5953125 0.05546875 0.10546875
9 0.403125 0.59375 0.05546875 0.10546875
9 0.46484375 0.59375 0.05546875 0.10546875
9 0.29921875 0.6 0.05546875 0.10546875
10 0.4703125 0.80703125 0.05234375 0.09375
10 0.525 0.80703125 0.05234375 0.09375