0 0.0734375 0.3484375 0.10009765625 0.206103515625
0 0.76640625 0.7890625 0.082763671875 0.202978515625
0 0.78828125 0.375 0.078125 0.1939453125
0 0.83359375 0.7953125 0.089208984375 0.203369140625
0 0.8609375 0.37265625 0.096484375 0.1982421875
0 0.90390625 0.79765625 0.086083984375 0.204638671875
0 0.9359375 0.3859375 0.078125 0.1935546875
0 0.14921875 0.35546875 0.0951171875 0.204833984375
3 0.37421875 0.796875 0.101318359375 0.218505859375
3 0.38984375 0.36640625 0.0826171875 0.204638671875
3 0.44453125 0.803125 0.08251953125 0.21279296875
3 0.4640625 0.3640625 0.0873046875 0.203369140625
3 0.084375 0.77890625 0.07783203125 0.21103515625
3 0.56015625 0.3703125 0.0796875 0.202978515625
3 0.565625 0.7953125 0.081298828125 0.202978515625
3 0.63203125 0.375 0.0953125 0.199609375
3 0.63515625 0.79375 0.076513671875 0.200048828125
3 0.69765625 0.79375 0.098193359375 0.206103515625
3 0.70625 0.3703125 0.081640625 0.19384765625
3 0.15859375 0.7859375 0.089013671875 0.215576171875
3 0.22109375 0.359375 0.0986328125 0.206103515625
3 0.22734375 0.79921875 0.101708984375 0.217236328125
3 0.29765625 0.80078125 0.09560546875 0.21708984375
3 0.31015625 0.3640625 0.0861328125 0.20341796875