0 0.5171875 0.1625 0.084375 0.19375
0 0.534375 0.83671875 0.1 0.14609375
0 0.53203125 0.50625 0.0859375 0.18125
0 0.603125 0.1609375 0.084375 0.19375
0 0.6265625 0.828125 0.1 0.14609375
0 0.64921875 0.51796875 0.1 0.17421875
0 0.68828125 0.1578125 0.084375 0.19375
0 0.7296875 0.8328125 0.1 0.14609375
0 0.74765625 0.52109375 0.1 0.17421875
0 0.12109375 0.521875 0.0984375 0.16640625
0 0.77265625 0.16640625 0.084375 0.19375
0 0.8234375 0.825 0.1 0.17578125
0 0.85234375 0.51640625 0.1 0.17421875
0 0.85546875 0.16796875 0.084375 0.19375
0 0.13671875 0.815625 0.1015625 0.190625
0 0.196875 0.16875 0.1109375 0.1890625
0 0.22421875 0.52421875 0.0984375 0.16640625
0 0.23203125 0.82578125 0.1015625 0.16796875
0 0.30625 0.1671875 0.1109375 0.1921875
0 0.32109375 0.521875 0.0984375 0.16640625
0 0.33359375 0.8171875 0.1015625 0.16796875
0 0.41796875 0.1671875 0.1109375 0.1921875
0 0.0921875 0.165625 0.1109375 0.1890625
0 0.42265625 0.5171875 0.0984375 0.16640625
0 0.4296875 0.828125 0.1 0.14609375