0 0.26953125 0.85078125 0.06640625 0.17578125
0 0.31171875 0.28515625 0.0546875 0.20859375
0 0.32421875 0.590625 0.06171875 0.16484375
0 0.3296875 0.84921875 0.06640625 0.17578125
0 0.3796875 0.5953125 0.06328125 0.16484375
0 0.38203125 0.2796875 0.06875 0.20390625
0 0.06953125 0.5828125 0.06953125 0.17890625
0 0.39140625 0.86015625 0.0609375 0.1546875
0 0.44609375 0.58515625 0.06328125 0.16484375
0 0.45859375 0.85703125 0.0609375 0.1546875
0 0.471875 0.27734375 0.06484375 0.20546875
0 0.51640625 0.5875 0.06328125 0.16484375
0 0.51953125 0.853125 0.0609375 0.1828125
0 0.54453125 0.2765625 0.05625 0.19765625
0 0.0890625 0.85078125 0.06953125 0.16953125
0 0.58203125 0.5890625 0.06328125 0.16484375
0 0.584375 0.84609375 0.0609375 0.1828125
0 0.60546875 0.2703125 0.053125 0.20859375
0 0.64609375 0.5875 0.06328125 0.16484375
0 0.653125 0.84296875 0.065625 0.1828125
0 0.67421875 0.26328125 0.05703125 0.2140625
0 0.70859375 0.853125 0.065625 0.1828125
0 0.7265625 0.56953125 0.06328125 0.1890625
0 0.7359375 0.26484375 0.05703125 0.2140625
0 0.78671875 0.84765625 0.065625 0.1828125
0 0.1109375 0.29609375 0.06953125 0.17734375
0 0.79375 0.56484375 0.06328125 0.19609375
0 0.81015625 0.26484375 0.05703125 0.2140625
0 0.853125 0.84921875 0.06171875 0.1828125
0 0.86875 0.56484375 0.065625 0.19609375
0 0.871875 0.26015625 0.05703125 0.2140625
0 0.9234375 0.846875 0.0765625 0.1875
0 0.93984375 0.56015625 0.0703125 0.19609375
0 0.1296875 0.59609375 0.07578125 0.14609375
0 0.95078125 0.253125 0.05703125 0.2140625
0 0.15234375 0.8609375 0.06171875 0.14609375
0 0.18125 0.29453125 0.0640625 0.19375
0 0.1953125 0.5921875 0.0609375 0.1546875
0 0.05078125 0.30390625 0.06796875 0.190625
0 0.209375 0.8609375 0.05859375 0.13671875
0 0.246875 0.2859375 0.06640625 0.184375
0 0.259375 0.5984375 0.06484375 0.16484375