0 0.3609375 0.3265625 0.08720703125 0.20595703125
0 0.3703125 0.76875 0.078466796875 0.231298828125
0 0.6171875 0.759375 0.078466796875 0.231298828125
0 0.69140625 0.76171875 0.082666015625 0.233154296875
0 0.709375 0.3265625 0.087255859375 0.206005859375
0 0.04765625 0.77109375 0.0953125 0.2078125
0 0.7828125 0.3375 0.087255859375 0.206005859375
0 0.78984375 0.77734375 0.071875 0.2107421875
0 0.85859375 0.3421875 0.079345703125 0.203076171875
0 0.865625 0.7734375 0.0751953125 0.209765625
0 0.12578125 0.77421875 0.088916015625 0.204931640625
0 0.93046875 0.3375 0.079736328125 0.203271484375
0 0.9390625 0.771875 0.077978515625 0.206005859375
0 0.1328125 0.3375 0.09658203125 0.20908203125
0 0.0546875 0.321875 0.08427734375 0.20595703125
0 0.2078125 0.78359375 0.078076171875 0.201611328125
0 0.2078125 0.32890625 0.08720703125 0.20458984375
0 0.3 0.7546875 0.09052734375 0.23466796875
3 0.4375 0.3421875 0.090771484375 0.206396484375
3 0.559375 0.33515625 0.078466796875 0.201611328125
3 0.64765625 0.3375 0.082861328125 0.206005859375
3 0.28203125 0.3265625 0.095166015625 0.206591796875