0 0.29375 0.21484375 0.06328125 0.15625
0 0.30078125 0.5375 0.06328125 0.1515625
0 0.3046875 0.81796875 0.05703125 0.15625
0 0.3546875 0.83515625 0.05703125 0.13125
0 0.3609375 0.528125 0.059375 0.17421875
0 0.36640625 0.20546875 0.0609375 0.18125
0 0.4203125 0.5328125 0.059375 0.17421875
0 0.42109375 0.8390625 0.05703125 0.14140625
0 0.42421875 0.20859375 0.0609375 0.18125
0 0.48125 0.8375 0.05703125 0.1546875
0 0.48828125 0.5359375 0.059375 0.17421875
0 0.540625 0.5515625 0.06328125 0.14296875
0 0.5390625 0.8390625 0.05703125 0.1546875
0 0.5921875 0.846875 0.053125 0.13828125
0 0.603125 0.55859375 0.06328125 0.14296875
0 0.63125 0.2171875 0.0609375 0.18125
0 0.6390625 0.8453125 0.053125 0.13828125
0 0.69140625 0.21875 0.0609375 0.18125
0 0.69375 0.8375 0.05859375 0.1546875
0 0.74609375 0.8390625 0.05859375 0.1546875
0 0.76796875 0.23828125 0.06328125 0.1515625
0 0.79921875 0.85234375 0.0546875 0.14140625
0 0.81875 0.553125 0.06015625 0.16953125
0 0.83203125 0.24375 0.06328125 0.1515625
0 0.8578125 0.85546875 0.0546875 0.14140625
0 0.88046875 0.546875 0.06015625 0.16953125
0 0.89453125 0.23828125 0.06328125 0.1515625
0 0.16015625 0.20625 0.06328125 0.15625
0 0.17421875 0.5328125 0.06328125 0.1515625
0 0.17578125 0.8234375 0.05703125 0.15625
0 0.2203125 0.21171875 0.06328125 0.15625
0 0.24375 0.821875 0.05703125 0.15625
6 0.2390625 0.54140625 0.06328125 0.1515625
9 0.6515625 0.55703125 0.06328125 0.14296875
9 0.7109375 0.55703125 0.059375 0.14296875
9 0.76484375 0.55859375 0.059375 0.14296875