0 0.3015625 0.67890625 0.05078125 0.121875
0 0.30390625 0.86796875 0.05625 0.1265625
0 0.30625 0.4734375 0.05078125 0.11875
0 0.3203125 0.2171875 0.06171875 0.11484375
0 0.3546875 0.67890625 0.05390625 0.121875
0 0.3578125 0.471875 0.05078125 0.11875
0 0.3765625 0.2140625 0.05078125 0.11171875
0 0.4 0.68125 0.05390625 0.121875
0 0.40390625 0.4734375 0.05078125 0.11875
0 0.4234375 0.21015625 0.05078125 0.11171875
0 0.4484375 0.684375 0.05625 0.121875
0 0.45546875 0.475 0.05078125 0.11875
0 0.475 0.21015625 0.05078125 0.11171875
0 0.50625 0.471875 0.05078125 0.11875
0 0.50546875 0.67890625 0.04921875 0.121875
0 0.53125 0.20859375 0.05078125 0.11171875
0 0.55078125 0.875 0.05390625 0.11484375
0 0.5515625 0.68125 0.04921875 0.121875
0 0.55546875 0.471875 0.05078125 0.11875
0 0.584375 0.20703125 0.05078125 0.11171875
0 0.6015625 0.88125 0.05390625 0.11484375
0 0.6078125 0.665625 0.05703125 0.14296875
0 0.60546875 0.47890625 0.05078125 0.11875
0 0.6359375 0.21015625 0.05078125 0.11171875
0 0.65078125 0.878125 0.0453125 0.11484375
0 0.659375 0.475 0.05078125 0.11875
0 0.69765625 0.671875 0.05078125 0.14296875
0 0.69609375 0.8796875 0.0453125 0.11484375
0 0.7078125 0.475 0.05078125 0.11875
0 0.7453125 0.878125 0.0453125 0.11484375
0 0.74921875 0.671875 0.04609375 0.1296875
0 0.76015625 0.4734375 0.05078125 0.11875
0 0.79921875 0.22109375 0.05625 0.11640625
0 0.79921875 0.68046875 0.0453125 0.1203125
0 0.80859375 0.4734375 0.05078125 0.11875
0 0.84609375 0.23046875 0.0546875 0.125
0 0.846875 0.86875 0.05390625 0.121875
0 0.846875 0.671875 0.0453125 0.1296875
0 0.859375 0.475 0.05078125 0.11875
0 0.20546875 0.865625 0.05625 0.1265625
0 0.21328125 0.22734375 0.0703125 0.13515625
0 0.20546875 0.4640625 0.0515625 0.11171875
0 0.20703125 0.66875 0.05078125 0.13359375
0 0.2546875 0.46796875 0.0515625 0.11328125
0 0.25625 0.665625 0.05078125 0.13359375
0 0.2703125 0.221875 0.0703125 0.128125
4 0.6890625 0.2125 0.05078125 0.11171875
4 0.74296875 0.2171875 0.05625 0.11171875
8 0.3578125 0.87890625 0.05625 0.1265625
8 0.40546875 0.87734375 0.05625 0.1265625
8 0.45625 0.875 0.05390625 0.11484375
8 0.5015625 0.8796875 0.05390625 0.11484375
8 0.65390625 0.671875 0.0453125 0.14296875
8 0.79375 0.86875 0.0515625 0.121875
8 0.259375 0.865625 0.05625 0.1265625