0 0.296875 0.30859375 0.07421875 0.20234375
0 0.31640625 0.71484375 0.071875 0.17890625
0 0.38125 0.709375 0.071875 0.17890625
0 0.4546875 0.7015625 0.071875 0.17890625
0 0.525 0.703125 0.071875 0.17890625
0 0.0984375 0.7078125 0.071875 0.17890625
0 0.68359375 0.30859375 0.08359375 0.20234375
0 0.7484375 0.69140625 0.078125 0.20859375
0 0.76953125 0.27890625 0.1109375 0.2515625
0 0.821875 0.68828125 0.08203125 0.20859375
0 0.853125 0.28359375 0.1109375 0.2515625
0 0.89375 0.68828125 0.08984375 0.20859375
0 0.93828125 0.28671875 0.1109375 0.2515625
0 0.1734375 0.70625 0.071875 0.17890625
0 0.0609375 0.30703125 0.09375 0.20234375
0 0.21953125 0.30703125 0.0890625 0.20234375
0 0.24296875 0.7078125 0.071875 0.17890625
6 0.14296875 0.30859375 0.0890625 0.20234375
9 0.37421875 0.31171875 0.07421875 0.20234375
9 0.4453125 0.30859375 0.07421875 0.20234375
9 0.51875 0.3015625 0.07421875 0.20234375
9 0.603125 0.31328125 0.07421875 0.20234375
10 0.6 0.70625 0.071875 0.17890625
10 0.6765625 0.7078125 0.071875 0.17890625