0 0.3375 0.7625 0.1091796875 0.2595703125
0 0.33984375 0.32734375 0.1142578125 0.25458984375
0 0.43515625 0.7859375 0.09501953125 0.2283203125
0 0.44765625 0.3328125 0.1 0.249853515625
0 0.5296875 0.79375 0.12529296875 0.24404296875
0 0.546875 0.31953125 0.094140625 0.27685546875
0 0.62578125 0.790625 0.123388671875 0.244091796875
0 0.66015625 0.33359375 0.12021484375 0.2455078125
0 0.7234375 0.803125 0.102978515625 0.240380859375
0 0.7609375 0.33828125 0.11552734375 0.2451171875
0 0.8171875 0.790625 0.1189453125 0.269140625
0 0.871875 0.34765625 0.115869140625 0.2453125
0 0.14375 0.325 0.09990234375 0.249658203125
0 0.15859375 0.7421875 0.126708984375 0.24970703125
0 0.240625 0.321875 0.11845703125 0.253369140625
0 0.2484375 0.77265625 0.099755859375 0.23125