0 0.29375 0.73984375 0.065576171875 0.254736328125
0 0.30703125 0.27578125 0.079736328125 0.221875
0 0.3828125 0.27734375 0.087255859375 0.2232421875
0 0.453125 0.2796875 0.071826171875 0.2189453125
0 0.52421875 0.27578125 0.076220703125 0.2205078125
0 0.53203125 0.74296875 0.088720703125 0.2361328125
0 0.08515625 0.73046875 0.076220703125 0.2671875
0 0.5953125 0.2796875 0.074951171875 0.2216796875
0 0.596875 0.7328125 0.06279296875 0.2341796875
0 0.6640625 0.7328125 0.062451171875 0.23427734375
0 0.665625 0.26328125 0.068505859375 0.271875
0 0.73125 0.7546875 0.08115234375 0.196484375
0 0.73984375 0.26171875 0.079736328125 0.2736328125
0 0.79921875 0.75078125 0.079345703125 0.1955078125
0 0.81015625 0.2765625 0.08125 0.224951171875
0 0.86640625 0.7484375 0.066845703125 0.19091796875
0 0.87578125 0.2703125 0.075 0.212451171875
0 0.93203125 0.7484375 0.07041015625 0.19375
0 0.95390625 0.2484375 0.0767578125 0.266015625
0 0.14296875 0.27421875 0.0888671875 0.2205078125
0 0.15625 0.73359375 0.081591796875 0.257861328125
0 0.21953125 0.2734375 0.104638671875 0.225
0 0.225 0.73984375 0.078076171875 0.257666015625
0 0.059375 0.24921875 0.081494140625 0.2607421875
10 0.3625 0.7578125 0.093994140625 0.21533203125
10 0.4625 0.76015625 0.06875 0.201806640625