0 0.346875 0.75 0.131640625 0.249755859375
0 0.34296875 0.303125 0.110595703125 0.243408203125
0 0.4484375 0.74375 0.1216796875 0.244091796875
0 0.44453125 0.296875 0.116845703125 0.243408203125
0 0.534375 0.303125 0.11591796875 0.26552734375
0 0.55078125 0.72890625 0.113818359375 0.242431640625
0 0.625 0.3 0.109716796875 0.262841796875
0 0.6578125 0.7453125 0.127978515625 0.247216796875
0 0.69609375 0.3 0.107666015625 0.262646484375
0 0.759375 0.746875 0.121923828125 0.247021484375
0 0.784375 0.30546875 0.103466796875 0.260986328125
0 0.84921875 0.75 0.117138671875 0.246630859375
0 0.86484375 0.31796875 0.092236328125 0.257861328125
0 0.15078125 0.7453125 0.1234375 0.246630859375
0 0.14453125 0.29375 0.110986328125 0.243603515625
0 0.2421875 0.3015625 0.106396484375 0.240673828125
0 0.2515625 0.7453125 0.1126953125 0.240966796875