0 0.26796875 0.1234375 0.053125 0.13828125
0 0.27421875 0.4078125 0.0546875 0.13828125
0 0.28671875 0.653125 0.0453125 0.10546875
0 0.290625 0.87109375 0.04140625 0.09375
0 0.32421875 0.4078125 0.0546875 0.13828125
0 0.3328125 0.653125 0.0453125 0.10546875
0 0.33359375 0.87578125 0.04140625 0.09375
0 0.37734375 0.6515625 0.0453125 0.10546875
0 0.37890625 0.87578125 0.04140625 0.09375
0 0.42265625 0.653125 0.0453125 0.10546875
0 0.421875 0.87265625 0.04140625 0.09375
0 0.4671875 0.659375 0.0453125 0.10546875
0 0.465625 0.87421875 0.04140625 0.09375
0 0.509375 0.88203125 0.04140625 0.09375
0 0.5515625 0.884375 0.04140625 0.09375
0 0.56484375 0.41484375 0.05 0.128125
0 0.59609375 0.87109375 0.04140625 0.11328125
0 0.6078125 0.653125 0.0453125 0.121875
0 0.62109375 0.39921875 0.0640625 0.15625
0 0.62734375 0.13984375 0.053125 0.13828125
0 0.63828125 0.87578125 0.04140625 0.11328125
0 0.6515625 0.64375 0.0453125 0.1296875
0 0.66953125 0.396875 0.0640625 0.15625
0 0.6765625 0.13828125 0.053125 0.13828125
0 0.684375 0.8734375 0.0484375 0.11875
0 0.69921875 0.64375 0.053125 0.1296875
0 0.72109375 0.40390625 0.06015625 0.15625
0 0.7265625 0.14140625 0.053125 0.13828125
0 0.1625 0.1234375 0.053125 0.13828125
0 0.17109375 0.4046875 0.05546875 0.13828125
0 0.19609375 0.64765625 0.0453125 0.10546875
0 0.2015625 0.86953125 0.04140625 0.09375
0 0.2140625 0.1234375 0.053125 0.13828125
0 0.2421875 0.64609375 0.0453125 0.10546875
0 0.24609375 0.86953125 0.04140625 0.09375
3 0.32109375 0.125 0.053125 0.13828125
3 0.371875 0.128125 0.053125 0.13828125
3 0.4234375 0.1296875 0.053125 0.13828125
3 0.4734375 0.1296875 0.053125 0.13828125
3 0.5265625 0.13515625 0.053125 0.13828125
3 0.57890625 0.13671875 0.053125 0.13828125
6 0.225 0.4046875 0.05546875 0.13828125
9 0.371875 0.4078125 0.05 0.13828125
9 0.41875 0.4109375 0.05 0.13828125
9 0.465625 0.4078125 0.05 0.128125
9 0.5140625 0.41796875 0.05 0.128125
10 0.5140625 0.6578125 0.0453125 0.10546875
10 0.56171875 0.6578125 0.0453125 0.10546875