0 0.29375 0.21484375 0.074853515625 0.1607421875
0 0.30078125 0.5375 0.07939453125 0.1560546875
0 0.3046875 0.81796875 0.059619140625 0.1576171875
0 0.3546875 0.83515625 0.068408203125 0.134375
0 0.3609375 0.528125 0.078125 0.178271484375
0 0.36640625 0.20546875 0.0673828125 0.1828125
0 0.4203125 0.5328125 0.075 0.178271484375
0 0.42109375 0.8390625 0.064208984375 0.143603515625
0 0.42421875 0.20859375 0.0763671875 0.1857421875
0 0.48125 0.8375 0.065869140625 0.15927734375
0 0.48828125 0.5359375 0.0794921875 0.178271484375
0 0.540625 0.5515625 0.075048828125 0.147021484375
0 0.5390625 0.8390625 0.05654296875 0.1533203125
0 0.5921875 0.846875 0.0533203125 0.137548828125
0 0.603125 0.55859375 0.065478515625 0.142431640625
0 0.63125 0.2171875 0.07783203125 0.1845703125
0 0.6390625 0.8453125 0.0591796875 0.14033203125
0 0.69140625 0.21875 0.065625 0.1814453125
0 0.69375 0.8375 0.062646484375 0.15634765625
0 0.74609375 0.8390625 0.06123046875 0.153515625
0 0.76796875 0.23828125 0.064208984375 0.1515625
0 0.79921875 0.85234375 0.0671875 0.145458984375
0 0.81875 0.553125 0.065478515625 0.171533203125
0 0.83203125 0.24375 0.07314453125 0.1533203125
0 0.8578125 0.85546875 0.06845703125 0.145458984375
0 0.88046875 0.546875 0.07666015625 0.17216796875
0 0.89453125 0.23828125 0.079638671875 0.15625
0 0.16015625 0.20625 0.079443359375 0.162109375
0 0.17421875 0.5328125 0.073779296875 0.15634765625
0 0.17578125 0.8234375 0.061083984375 0.1564453125
0 0.2203125 0.21171875 0.068408203125 0.1578125
0 0.24375 0.821875 0.065478515625 0.1591796875
6 0.2390625 0.54140625 0.07177734375 0.1546875
9 0.6515625 0.55703125 0.068994140625 0.145166015625
9 0.7109375 0.55703125 0.065234375 0.144970703125
9 0.76484375 0.55859375 0.0765625 0.148095703125