0 0.35078125 0.84140625 0.0986328125 0.173388671875
0 0.3546875 0.540625 0.093505859375 0.181103515625
0 0.43984375 0.18125 0.123583984375 0.250390625
0 0.44765625 0.521875 0.092236328125 0.2220703125
0 0.44765625 0.82734375 0.1013671875 0.19375
0 0.54140625 0.1859375 0.104638671875 0.2466796875
0 0.534375 0.82578125 0.093359375 0.190625
0 0.54453125 0.5421875 0.092041015625 0.178369140625
0 0.62890625 0.84453125 0.0857421875 0.1625
0 0.6375 0.55546875 0.1060546875 0.179833984375
0 0.65 0.2125 0.1091796875 0.212353515625
0 0.71171875 0.83125 0.1015625 0.181298828125
0 0.72734375 0.54375 0.0923828125 0.174853515625
0 0.74453125 0.2140625 0.0953125 0.20654296875
0 0.12421875 0.1890625 0.13251953125 0.2248046875
0 0.80390625 0.83984375 0.08310546875 0.159375
0 0.821875 0.54375 0.0966796875 0.175244140625
0 0.8421875 0.21875 0.1060546875 0.205908203125
0 0.8890625 0.85234375 0.080908203125 0.151318359375
0 0.93828125 0.221875 0.1080078125 0.20615234375
0 0.15546875 0.5328125 0.096875 0.184765625
0 0.16171875 0.8296875 0.10478515625 0.190625
0 0.23125 0.20078125 0.103466796875 0.2142578125
0 0.25078125 0.5203125 0.10625 0.222265625
0 0.25625 0.83828125 0.093359375 0.17041015625
6 0.91640625 0.5515625 0.0875 0.17197265625
9 0.3421875 0.2015625 0.109228515625 0.212841796875