0 0.30703125 0.26796875 0.0515625 0.15390625
0 0.31015625 0.53359375 0.0515625 0.165625
0 0.31484375 0.81171875 0.05703125 0.17109375
0 0.3609375 0.26328125 0.0515625 0.15390625
0 0.36640625 0.53046875 0.0515625 0.165625
0 0.371875 0.81171875 0.05703125 0.17109375
0 0.41875 0.253125 0.0515625 0.15390625
0 0.42890625 0.81484375 0.05703125 0.17109375
0 0.42734375 0.52578125 0.04375 0.1796875
0 0.4765625 0.5234375 0.0484375 0.1859375
0 0.47890625 0.253125 0.0515625 0.15390625
0 0.4890625 0.81171875 0.05703125 0.17109375
0 0.53984375 0.253125 0.0515625 0.15390625
0 0.5421875 0.5234375 0.05078125 0.1859375
0 0.5484375 0.8078125 0.05703125 0.17109375
0 0.59609375 0.2515625 0.0515625 0.15390625
0 0.61171875 0.81875 0.05703125 0.17109375
0 0.60546875 0.51953125 0.04140625 0.184375
0 0.659375 0.24609375 0.0515625 0.15390625
0 0.665625 0.8125 0.05703125 0.1859375
0 0.66796875 0.51953125 0.04140625 0.184375
0 0.0921875 0.28203125 0.053125 0.14375
0 0.0953125 0.8078125 0.05703125 0.17109375
0 0.0953125 0.54296875 0.0515625 0.17109375
0 0.721875 0.8109375 0.04921875 0.1859375
0 0.7265625 0.23203125 0.05625 0.15390625
0 0.73515625 0.51640625 0.04609375 0.184375
0 0.790625 0.23359375 0.05625 0.15859375
0 0.796875 0.51484375 0.06015625 0.19296875
0 0.79765625 0.80546875 0.05625 0.1859375
0 0.85625 0.2296875 0.05625 0.15859375
0 0.8578125 0.809375 0.0546875 0.1859375
0 0.86796875 0.51171875 0.04921875 0.19296875
0 0.1453125 0.275 0.0515625 0.146875
0 0.14609375 0.53984375 0.0515625 0.17109375
0 0.14921875 0.81015625 0.05703125 0.17109375
0 0.1953125 0.271875 0.0515625 0.15390625
0 0.20078125 0.81484375 0.05703125 0.17109375
0 0.2015625 0.5359375 0.0515625 0.15859375
0 0.25078125 0.2703125 0.0515625 0.15390625
0 0.253125 0.5359375 0.0515625 0.15859375
0 0.25859375 0.8078125 0.05703125 0.17109375