0 0.35078125 0.84140625 0.084375 0.16640625
0 0.3546875 0.540625 0.08671875 0.17890625
0 0.43984375 0.18125 0.09765625 0.24375
0 0.44765625 0.521875 0.08984375 0.221875
0 0.44765625 0.82734375 0.084375 0.1875
0 0.54140625 0.1859375 0.09765625 0.24375
0 0.534375 0.82578125 0.084375 0.1875
0 0.54453125 0.5421875 0.08984375 0.17890625
0 0.62890625 0.84453125 0.084375 0.1625
0 0.6375 0.55546875 0.0875 0.17265625
0 0.65 0.2125 0.09375 0.20703125
0 0.71171875 0.83125 0.084375 0.17578125
0 0.72734375 0.54375 0.0875 0.17265625
0 0.74453125 0.2140625 0.09375 0.20703125
0 0.12421875 0.1890625 0.10703125 0.2140625
0 0.80390625 0.83984375 0.07578125 0.15625
0 0.821875 0.54375 0.0875 0.17265625
0 0.8421875 0.21875 0.09375 0.20078125
0 0.8890625 0.85234375 0.07578125 0.14765625
0 0.93828125 0.221875 0.09375 0.20078125
0 0.15546875 0.5328125 0.09375 0.184375
0 0.16171875 0.8296875 0.09140625 0.1859375
0 0.23125 0.20078125 0.10234375 0.2140625
0 0.25078125 0.5203125 0.09375 0.21875
0 0.25625 0.83828125 0.084375 0.16640625
6 0.91640625 0.5515625 0.0875 0.17265625
9 0.3421875 0.2015625 0.09765625 0.20859375