0 0.40234375 0.4421875 0.0671875 0.11875
0 0.409375 0.91875 0.0671875 0.13984375
0 0.478125 0.9375 0.0671875 0.11484375
0 0.540625 0.94296875 0.0671875 0.11328125
0 0.57421875 0.68671875 0.0671875 0.14296875
0 0.6390625 0.68984375 0.0671875 0.14296875
0 0.72265625 0.44609375 0.0671875 0.11875
0 0.73125 0.696875 0.0671875 0.1265625
0 0.7515625 0.17890625 0.0671875 0.11875
0 0.7984375 0.92890625 0.0671875 0.11484375
0 0.8 0.44375 0.0671875 0.11875
0 0.80703125 0.703125 0.0671875 0.1265625
0 0.82421875 0.18125 0.0671875 0.11875
0 0.8578125 0.92890625 0.0671875 0.11484375
0 0.859375 0.44921875 0.0671875 0.11875
0 0.86640625 0.7 0.0671875 0.1265625
0 0.1171875 0.68125 0.0671875 0.11875
0 0.8984375 0.1859375 0.0671875 0.11875
0 0.13359375 0.42578125 0.0671875 0.11875
0 0.04453125 0.68125 0.0671875 0.11875
0 0.19765625 0.68125 0.0671875 0.11875
0 0.05 0.9265625 0.0671875 0.1265625
0 0.2 0.93359375 0.0671875 0.1265625
0 0.20546875 0.42578125 0.0671875 0.11875
0 0.0515625 0.15859375 0.0671875 0.1265625
0 0.26328125 0.9171875 0.0671875 0.13984375
0 0.2703125 0.42734375 0.0671875 0.11875
0 0.27578125 0.68046875 0.0671875 0.14296875
0 0.059375 0.42421875 0.0671875 0.11875
0 0.33359375 0.4328125 0.0671875 0.11875
0 0.33515625 0.925 0.0671875 0.13984375
0 0.3390625 0.68203125 0.0671875 0.14296875
3 0.42734375 0.1671875 0.0671875 0.1265625
3 0.52265625 0.4375 0.0671875 0.11875
3 0.52421875 0.1734375 0.0671875 0.1265625
3 0.59453125 0.17578125 0.0671875 0.11875
3 0.59453125 0.440625 0.0671875 0.11875
3 0.65703125 0.4421875 0.0671875 0.11875
3 0.66875 0.17421875 0.0671875 0.11875
3 0.128125 0.16328125 0.0671875 0.1265625
3 0.1984375 0.16328125 0.0671875 0.1265625
3 0.27578125 0.16875 0.0671875 0.1265625
3 0.35390625 0.1671875 0.0671875 0.1265625
6 0.12421875 0.9265625 0.0671875 0.1265625
9 0.60390625 0.9390625 0.0671875 0.11484375
9 0.6703125 0.9375 0.0671875 0.11484375
9 0.73359375 0.9359375 0.0671875 0.11484375