0 0.615625 0.15625 0.115380859375 0.15927734375
0 0.625 0.65859375 0.1091796875 0.120263671875
0 0.64765625 0.4265625 0.1 0.13095703125
0 0.7 0.153125 0.10927734375 0.15625
0 0.70546875 0.83515625 0.109375 0.1330078125
0 0.721875 0.65546875 0.109375 0.12041015625
0 0.746875 0.428125 0.1001953125 0.1283203125
0 0.7828125 0.15625 0.112646484375 0.15908203125
0 0.1234375 0.421875 0.103271484375 0.13427734375
0 0.8 0.8390625 0.1095703125 0.134375
0 0.82109375 0.65 0.1048828125 0.13125
0 0.85390625 0.4265625 0.109375 0.13720703125
0 0.8734375 0.153125 0.115380859375 0.15927734375
0 0.14296875 0.6375 0.1173828125 0.149755859375
0 0.14296875 0.83359375 0.1046875 0.1298828125
0 0.2140625 0.15546875 0.112353515625 0.142431640625
0 0.22890625 0.4234375 0.098681640625 0.12841796875
0 0.23203125 0.64765625 0.095068359375 0.117431640625
0 0.23984375 0.83359375 0.1044921875 0.1296875
0 0.31328125 0.15859375 0.107763671875 0.139111328125
0 0.32109375 0.41875 0.111181640625 0.14052734375
0 0.3328125 0.83515625 0.103125 0.1296875
0 0.334375 0.64296875 0.09365234375 0.134375
0 0.4203125 0.16015625 0.118603515625 0.148291015625
0 0.42734375 0.8375 0.1015625 0.1283203125
0 0.428125 0.421875 0.109521484375 0.13759765625
0 0.43125 0.64921875 0.1029296875 0.114404296875
0 0.09921875 0.15859375 0.114404296875 0.145166015625
0 0.52734375 0.15546875 0.123388671875 0.151220703125
0 0.52421875 0.83359375 0.109375 0.1330078125
0 0.528125 0.65546875 0.1001953125 0.114208984375
0 0.53828125 0.41640625 0.095068359375 0.142138671875