0 0.46484375 0.73515625 0.06328125 0.0953125
0 0.46796875 0.52421875 0.06328125 0.09375
0 0.5328125 0.73203125 0.06328125 0.0953125
0 0.534375 0.52578125 0.06328125 0.09375
0 0.5375 0.93671875 0.06328125 0.11328125
0 0.08984375 0.090625 0.06640625 0.0890625
0 0.603125 0.521875 0.06328125 0.09375
0 0.603125 0.73515625 0.06328125 0.0953125
0 0.603125 0.93515625 0.06328125 0.11328125
0 0.09296875 0.72421875 0.06328125 0.11328125
0 0.6625 0.7296875 0.06328125 0.11015625
0 0.6640625 0.52421875 0.06328125 0.09375
0 0.09453125 0.93828125 0.06328125 0.11328125
0 0.66953125 0.93046875 0.06328125 0.11328125
0 0.0984375 0.51796875 0.06328125 0.0921875
0 0.7078125 0.10703125 0.06328125 0.0890625
0 0.7078125 0.315625 0.06328125 0.0890625
0 0.7328125 0.728125 0.06328125 0.11015625
0 0.7328125 0.9375 0.06328125 0.0953125
0 0.77421875 0.3171875 0.06328125 0.0890625
0 0.79921875 0.10234375 0.06328125 0.0890625
0 0.79921875 0.7328125 0.06328125 0.096875
0 0.80078125 0.9390625 0.06328125 0.0953125
0 0.8375 0.315625 0.06328125 0.0890625
0 0.8625 0.73125 0.06328125 0.096875
0 0.86796875 0.5171875 0.06328125 0.11328125
0 0.86796875 0.9421875 0.06328125 0.0953125
0 0.86953125 0.10859375 0.06328125 0.0890625
0 0.90390625 0.3171875 0.06328125 0.0890625
0 0.93125 0.5171875 0.06328125 0.11328125
0 0.93125 0.10859375 0.06328125 0.0890625
0 0.934375 0.725 0.06328125 0.10546875
0 0.9359375 0.9421875 0.06328125 0.0953125
0 0.16328125 0.93671875 0.06328125 0.11328125
0 0.16796875 0.51640625 0.06328125 0.0921875
0 0.16796875 0.73671875 0.06328125 0.0953125
0 0.2328125 0.93515625 0.06328125 0.11328125
0 0.24296875 0.73359375 0.06328125 0.0953125
0 0.3 0.93671875 0.06328125 0.11328125
0 0.3265625 0.73515625 0.06328125 0.0953125
0 0.39453125 0.73828125 0.06328125 0.0953125
0 0.4 0.51484375 0.06328125 0.10859375
3 0.4515625 0.3078125 0.06328125 0.0890625
3 0.47421875 0.1 0.06640625 0.0890625
3 0.56484375 0.10234375 0.06640625 0.0890625
3 0.57109375 0.3125 0.06328125 0.0890625
3 0.63125 0.10703125 0.06328125 0.0890625
3 0.64140625 0.3140625 0.06328125 0.0890625
3 0.09453125 0.30390625 0.06328125 0.0890625
3 0.16328125 0.0921875 0.06640625 0.0890625
3 0.175 0.30390625 0.06328125 0.0890625
3 0.23515625 0.0953125 0.06640625 0.0890625
3 0.24140625 0.3078125 0.06328125 0.0890625
3 0.31328125 0.309375 0.06328125 0.0890625
3 0.334375 0.096875 0.06640625 0.0890625
3 0.3828125 0.3078125 0.06328125 0.0890625
3 0.4046875 0.0984375 0.06640625 0.0890625
6 0.23984375 0.51953125 0.06328125 0.0921875
6 0.31640625 0.52109375 0.06328125 0.0921875
9 0.7359375 0.52890625 0.06328125 0.09375
9 0.79765625 0.52734375 0.06328125 0.09375
10 0.46953125 0.9390625 0.06328125 0.10234375
10 0.36953125 0.94765625 0.06328125 0.10234375