0 0.503125 0.8921875 0.08447265625 0.165869140625
0 0.509375 0.3890625 0.09677734375 0.184619140625
0 0.5078125 0.66171875 0.09365234375 0.153125
0 0.5875 0.9015625 0.0904296875 0.134765625
0 0.60625 0.1296875 0.09072265625 0.165966796875
0 0.6015625 0.6625 0.08427734375 0.134375
0 0.60390625 0.40546875 0.0955078125 0.160888671875
0 0.6796875 0.8875 0.08095703125 0.153369140625
0 0.684375 0.65859375 0.08720703125 0.14375
0 0.6953125 0.40234375 0.09033203125 0.148388671875
0 0.765625 0.896875 0.08408203125 0.131396484375
0 0.76875 0.6546875 0.08759765625 0.14658203125
0 0.784375 0.4046875 0.09365234375 0.149853515625
0 0.12578125 0.3921875 0.1080078125 0.162353515625
0 0.8484375 0.90234375 0.08759765625 0.123388671875
0 0.8734375 0.40625 0.090234375 0.14697265625
0 0.88203125 0.14453125 0.096875 0.1576171875
0 0.13984375 0.6578125 0.0830078125 0.143798828125
0 0.13984375 0.9203125 0.0861328125 0.131103515625
0 0.22265625 0.3921875 0.0923828125 0.156494140625
0 0.22890625 0.909375 0.084375 0.14716796875
0 0.2359375 0.6453125 0.0970703125 0.18125
0 0.31953125 0.9109375 0.0919921875 0.150048828125
0 0.3328125 0.66484375 0.102734375 0.142041015625
0 0.415625 0.121875 0.0998046875 0.168505859375
0 0.41328125 0.89609375 0.0794921875 0.164208984375
0 0.4203125 0.6484375 0.1001953125 0.1841796875
0 0.42109375 0.3859375 0.0955078125 0.184423828125
3 0.509375 0.12578125 0.10341796875 0.170556640625
3 0.1109375 0.103125 0.109765625 0.172216796875
3 0.70390625 0.13671875 0.0921875 0.169970703125
3 0.79140625 0.1390625 0.0859375 0.1529296875
3 0.2078125 0.1109375 0.1091796875 0.172021484375
6 0.8578125 0.66171875 0.08466796875 0.130029296875
9 0.32265625 0.4 0.0986328125 0.16220703125