0 0.47421875 0.61171875 0.079931640625 0.1546875
0 0.478125 0.90859375 0.08720703125 0.11728515625
0 0.4875 0.1203125 0.106396484375 0.18427734375
0 0.48203125 0.3890625 0.095068359375 0.143798828125
0 0.5578125 0.90859375 0.093896484375 0.123095703125
0 0.5578125 0.6234375 0.087841796875 0.134326171875
0 0.5734375 0.39296875 0.084228515625 0.139208984375
0 0.57890625 0.14296875 0.089306640625 0.15
0 0.6453125 0.903125 0.087841796875 0.121826171875
0 0.646875 0.609375 0.090576171875 0.15
0 0.65859375 0.39140625 0.08291015625 0.13896484375
0 0.6703125 0.146875 0.087255859375 0.14697265625
0 0.10390625 0.60625 0.089208984375 0.150244140625
0 0.1078125 0.3734375 0.090966796875 0.15029296875
0 0.71796875 0.89921875 0.07998046875 0.12021484375
0 0.72890625 0.62109375 0.092041015625 0.133056640625
0 0.7453125 0.396875 0.096533203125 0.143994140625
0 0.759375 0.15546875 0.08427734375 0.146875
0 0.79375 0.89375 0.081494140625 0.121826171875
0 0.8125 0.62578125 0.090380859375 0.129638671875
0 0.84140625 0.1609375 0.09189453125 0.1501953125
0 0.1375 0.903125 0.093603515625 0.13759765625
0 0.18984375 0.11953125 0.109375 0.167333984375
0 0.2015625 0.61796875 0.081494140625 0.138818359375
0 0.20703125 0.3640625 0.089013671875 0.171826171875
0 0.29140625 0.1265625 0.1048828125 0.158984375
0 0.2921875 0.62109375 0.090478515625 0.1361328125
0 0.303125 0.38046875 0.09970703125 0.14208984375
0 0.3828125 0.609375 0.093701171875 0.16220703125
0 0.3890625 0.11484375 0.10634765625 0.1857421875
0 0.38828125 0.37265625 0.079833984375 0.1765625
0 0.08671875 0.1109375 0.1048828125 0.165283203125
6 0.82734375 0.40234375 0.082958984375 0.139013671875
10 0.22421875 0.903125 0.085888671875 0.13408203125
10 0.3078125 0.91015625 0.08447265625 0.11708984375
10 0.39296875 0.9046875 0.086083984375 0.118505859375