0 0.2828125 0.17578125 0.096630859375 0.208154296875
0 0.30703125 0.55390625 0.082470703125 0.169970703125
0 0.3125 0.86796875 0.07470703125 0.139306640625
0 0.36953125 0.5578125 0.063818359375 0.165771484375
0 0.37578125 0.87421875 0.061083984375 0.135986328125
0 0.434375 0.87578125 0.07158203125 0.13935546875
0 0.4375 0.559375 0.06552734375 0.16591796875
0 0.4984375 0.87265625 0.071533203125 0.139306640625
0 0.50546875 0.5625 0.082763671875 0.169091796875
0 0.56171875 0.8953125 0.076513671875 0.140966796875
0 0.62265625 0.890625 0.060888671875 0.137451171875
0 0.653125 0.184375 0.084375 0.20615234375
0 0.68515625 0.86953125 0.067431640625 0.1640625
0 0.70859375 0.540625 0.079931640625 0.175048828125
0 0.73828125 0.15859375 0.115625 0.2482421875
0 0.7484375 0.87734375 0.065673828125 0.1625
0 0.1078125 0.55 0.09033203125 0.15625
0 0.7765625 0.5453125 0.090234375 0.18759765625
0 0.81171875 0.16328125 0.1296875 0.2517578125
0 0.81171875 0.87578125 0.092041015625 0.16875
0 0.84921875 0.5515625 0.107958984375 0.209521484375
0 0.890625 0.16875 0.1373046875 0.25322265625
0 0.12421875 0.86484375 0.0859375 0.1375
0 0.17421875 0.5484375 0.070556640625 0.15
0 0.0609375 0.17265625 0.11552734375 0.21123046875
0 0.1890625 0.86484375 0.06904296875 0.13125
0 0.20859375 0.17890625 0.095068359375 0.207763671875
0 0.24140625 0.546875 0.083056640625 0.155859375
0 0.2515625 0.86484375 0.06572265625 0.13125
6 0.13671875 0.17734375 0.098388671875 0.207568359375
9 0.35703125 0.17890625 0.08935546875 0.20771484375
9 0.42734375 0.17890625 0.0830078125 0.207568359375
9 0.49765625 0.17890625 0.0888671875 0.20771484375
9 0.57734375 0.18125 0.0951171875 0.209033203125
10 0.57109375 0.5609375 0.067333984375 0.165966796875
10 0.64140625 0.5625 0.073779296875 0.168701171875