0 0.38515625 0.17421875 0.06328125 0.14140625
0 0.43671875 0.8734375 0.06953125 0.19765625
0 0.5078125 0.89296875 0.07109375 0.17421875
0 0.571875 0.88984375 0.07109375 0.17421875
0 0.64140625 0.88984375 0.07109375 0.17421875
0 0.70390625 0.89140625 0.07109375 0.17421875
0 0.73359375 0.19765625 0.06328125 0.14140625
0 0.80234375 0.534375 0.06875 0.1546875
0 0.82109375 0.19375 0.06328125 0.14140625
0 0.8625 0.5359375 0.06875 0.1546875
0 0.8890625 0.19765625 0.06328125 0.14140625
0 0.896875 0.86640625 0.06484375 0.19765625
0 0.9296875 0.5375 0.06875 0.1546875
0 0.94765625 0.19765625 0.06328125 0.14140625
0 0.96171875 0.86484375 0.06484375 0.19765625
0 0.13671875 0.88359375 0.06875 0.17109375
0 0.20546875 0.88125 0.06875 0.17109375
3 0.284375 0.525 0.06875 0.1546875
3 0.28125 0.17265625 0.06328125 0.14140625
3 0.3578125 0.528125 0.06875 0.1546875
3 0.4265625 0.5265625 0.06875 0.1546875
3 0.44609375 0.1828125 0.06328125 0.14140625
3 0.49296875 0.5265625 0.06875 0.1546875
3 0.515625 0.1828125 0.06328125 0.14140625
3 0.59765625 0.19375 0.06328125 0.14140625
3 0.6078125 0.5359375 0.06875 0.1546875
3 0.66015625 0.19609375 0.06328125 0.14140625
3 0.67578125 0.5359375 0.06875 0.1546875
3 0.73828125 0.5375 0.06875 0.1546875
3 0.13515625 0.52265625 0.06875 0.1546875
3 0.14375 0.17578125 0.06328125 0.14140625
3 0.2125 0.17734375 0.06328125 0.14140625
3 0.2203125 0.51953125 0.06875 0.1546875
6 0.35390625 0.88125 0.0765625 0.17109375
6 0.27734375 0.8796875 0.06875 0.17109375
9 0.76796875 0.88984375 0.07109375 0.17421875
9 0.834375 0.88515625 0.07109375 0.17421875