0 0.26953125 0.85078125 0.070458984375 0.176904296875
0 0.31171875 0.28515625 0.0638671875 0.210595703125
0 0.32421875 0.590625 0.08251953125 0.16904296875
0 0.3296875 0.84921875 0.08134765625 0.17978515625
0 0.3796875 0.5953125 0.062744140625 0.165576171875
0 0.38203125 0.2796875 0.0890625 0.20908203125
0 0.06953125 0.5828125 0.073583984375 0.180908203125
0 0.39140625 0.86015625 0.0734375 0.1580078125
0 0.44609375 0.58515625 0.064013671875 0.164111328125
0 0.45859375 0.85703125 0.06875 0.1576171875
0 0.471875 0.27734375 0.084716796875 0.208056640625
0 0.51640625 0.5875 0.073779296875 0.168701171875
0 0.51953125 0.853125 0.0767578125 0.18466796875
0 0.54453125 0.2765625 0.0798828125 0.200244140625
0 0.0890625 0.85078125 0.074853515625 0.170654296875
0 0.58203125 0.5890625 0.07646484375 0.16884765625
0 0.584375 0.84609375 0.06591796875 0.1830078125
0 0.60546875 0.2703125 0.0638671875 0.209716796875
0 0.64609375 0.5875 0.064208984375 0.165576171875
0 0.653125 0.84296875 0.0751953125 0.1859375
0 0.67421875 0.26328125 0.057763671875 0.2140625
0 0.70859375 0.853125 0.0859375 0.18720703125
0 0.7265625 0.56953125 0.06533203125 0.1890625
0 0.7359375 0.26484375 0.08408203125 0.2171875
0 0.78671875 0.84765625 0.0734375 0.1857421875
0 0.1109375 0.29609375 0.068994140625 0.176611328125
0 0.79375 0.56484375 0.062548828125 0.195361328125
0 0.81015625 0.26484375 0.066943359375 0.215625
0 0.853125 0.84921875 0.077880859375 0.1861328125
0 0.86875 0.56484375 0.074609375 0.198291015625
0 0.871875 0.26015625 0.081298828125 0.2171875
0 0.9234375 0.846875 0.08740234375 0.190625
0 0.93984375 0.56015625 0.09375 0.20146484375
0 0.1296875 0.59609375 0.093408203125 0.151806640625
0 0.95078125 0.253125 0.07666015625 0.2158203125
0 0.15234375 0.8609375 0.066845703125 0.147216796875
0 0.18125 0.29453125 0.08408203125 0.1982421875
0 0.1953125 0.5921875 0.06240234375 0.15341796875
0 0.05078125 0.30390625 0.085986328125 0.1953125
0 0.209375 0.8609375 0.065380859375 0.137841796875
0 0.246875 0.2859375 0.078173828125 0.1875
0 0.259375 0.5984375 0.081591796875 0.169091796875