0 0.346875 0.75 0.109375 0.23984375
0 0.34296875 0.303125 0.09609375 0.23828125
0 0.4484375 0.74375 0.109375 0.23984375
0 0.44453125 0.296875 0.10234375 0.23828125
0 0.534375 0.303125 0.09296875 0.25859375
0 0.55078125 0.72890625 0.10078125 0.23984375
0 0.625 0.3 0.09296875 0.25859375
0 0.6578125 0.7453125 0.10078125 0.23984375
0 0.69609375 0.3 0.09296875 0.25859375
0 0.759375 0.746875 0.10078125 0.23984375
0 0.784375 0.30546875 0.09296875 0.25859375
0 0.84921875 0.75 0.10078125 0.23984375
0 0.86484375 0.31796875 0.09296875 0.25859375
0 0.15078125 0.7453125 0.109375 0.23984375
0 0.14453125 0.29375 0.09609375 0.23828125
0 0.2421875 0.3015625 0.09609375 0.23828125
0 0.2515625 0.7453125 0.109375 0.23984375