0 0.3359375 0.35625 0.04921875 0.096875
0 0.3375 0.90234375 0.0484375 0.09375
0 0.35234375 0.13203125 0.05703125 0.10390625
0 0.38125 0.54609375 0.05078125 0.10546875
0 0.38671875 0.3609375 0.04921875 0.096875
0 0.409375 0.1296875 0.04921875 0.11484375
0 0.43046875 0.546875 0.05546875 0.1
0 0.43828125 0.90703125 0.0484375 0.09375
0 0.4390625 0.3609375 0.04921875 0.096875
0 0.4578125 0.12578125 0.05078125 0.10703125
0 0.4796875 0.546875 0.05703125 0.096875
0 0.490625 0.359375 0.04921875 0.096875
0 0.509375 0.1265625 0.05234375 0.10234375
0 0.53671875 0.546875 0.04453125 0.096875
0 0.5390625 0.359375 0.04921875 0.096875
0 0.56640625 0.12890625 0.05234375 0.11015625
0 0.58046875 0.7234375 0.046875 0.10546875
0 0.58515625 0.5453125 0.05234375 0.1
0 0.5890625 0.3609375 0.04921875 0.096875
0 0.621875 0.13203125 0.05234375 0.11015625
0 0.63203125 0.73046875 0.046875 0.10546875
0 0.63984375 0.365625 0.04921875 0.1
0 0.6421875 0.534375 0.05234375 0.11171875
0 0.6703125 0.9078125 0.04609375 0.0953125
0 0.67578125 0.134375 0.05234375 0.11015625
0 0.68203125 0.73046875 0.046875 0.10546875
0 0.69140625 0.365625 0.04921875 0.1
0 0.72578125 0.9078125 0.04609375 0.0953125
0 0.72734375 0.73125 0.046875 0.1
0 0.7328125 0.54140625 0.05078125 0.11171875
0 0.7421875 0.36875 0.04921875 0.10234375
0 0.77578125 0.7296875 0.046875 0.1
0 0.78046875 0.54296875 0.05078125 0.11171875
0 0.79296875 0.36875 0.04921875 0.10234375
0 0.8296875 0.55390625 0.05078125 0.11171875
0 0.83515625 0.146875 0.05546875 0.11015625
0 0.84140625 0.36875 0.04921875 0.10234375
0 0.8796875 0.72578125 0.0546875 0.11328125
0 0.87734375 0.546875 0.0421875 0.1203125
0 0.88671875 0.15546875 0.05546875 0.11015625
0 0.8921875 0.3703125 0.04921875 0.10234375
0 0.24375 0.13515625 0.0703125 0.11484375
0 0.23671875 0.53671875 0.05234375 0.1265625
0 0.23515625 0.35078125 0.04921875 0.096875
0 0.24375 0.8921875 0.0484375 0.10703125
0 0.2875 0.53515625 0.05234375 0.1265625
0 0.2875 0.35625 0.04921875 0.096875
0 0.30078125 0.1265625 0.06796875 0.13125
0 0.29296875 0.90390625 0.0484375 0.09375
0 0.3328125 0.54140625 0.05546875 0.0984375
4 0.725 0.1375 0.05234375 0.11015625
4 0.7828125 0.1390625 0.05546875 0.11015625
7 0.3875 0.90859375 0.0484375 0.09375
7 0.48046875 0.89765625 0.04609375 0.11171875
7 0.5296875 0.89765625 0.04609375 0.11171875
7 0.57578125 0.9015625 0.04609375 0.11171875
7 0.6265625 0.90625 0.04609375 0.0953125
7 0.771875 0.9078125 0.04609375 0.08515625
7 0.8140625 0.9078125 0.0421875 0.08515625
7 0.86328125 0.90859375 0.04609375 0.0875
8 0.3359375 0.709375 0.05234375 0.11328125
8 0.390625 0.7234375 0.05234375 0.10546875
8 0.4359375 0.7234375 0.05234375 0.10546875
8 0.5328125 0.72734375 0.046875 0.10546875
8 0.68671875 0.54140625 0.05234375 0.11171875
8 0.82421875 0.72109375 0.046875 0.11328125
8 0.2390625 0.709375 0.05234375 0.11328125
8 0.2875 0.7078125 0.05234375 0.11328125