0 0.2609375 0.80078125 0.059375 0.16328125
0 0.303125 0.24140625 0.0546875 0.17890625
0 0.3109375 0.53203125 0.05703125 0.17734375
0 0.31484375 0.80078125 0.0484375 0.184375
0 0.36796875 0.2359375 0.059375 0.1859375
0 0.36875 0.5328125 0.05703125 0.18203125
0 0.375 0.79765625 0.05390625 0.184375
0 0.43359375 0.52890625 0.059375 0.17890625
0 0.4296875 0.23125 0.05 0.19296875
0 0.4515625 0.8046875 0.05625 0.184375
0 0.48359375 0.2234375 0.0515625 0.19765625
0 0.49375 0.53125 0.059375 0.17890625
0 0.5140625 0.80625 0.0515625 0.184375
0 0.5515625 0.21953125 0.05703125 0.19765625
0 0.55546875 0.52890625 0.059375 0.17890625
0 0.56640625 0.8046875 0.0515625 0.184375
0 0.0875 0.5375 0.06015625 0.17578125
0 0.08359375 0.26171875 0.053125 0.171875
0 0.615625 0.2234375 0.05703125 0.19765625
0 0.62578125 0.52265625 0.059375 0.17890625
0 0.628125 0.80390625 0.05625 0.19609375
0 0.68359375 0.5125 0.059375 0.17890625
0 0.68359375 0.5203125 0.059375 0.19609375
0 0.684375 0.2234375 0.05703125 0.19765625
0 0.68359375 0.80703125 0.04609375 0.19609375
0 0.73828125 0.515625 0.05078125 0.19609375
0 0.096875 0.79296875 0.05078125 0.171875
0 0.75 0.81171875 0.04609375 0.19609375
0 0.75390625 0.21484375 0.053125 0.2046875
0 0.80703125 0.81015625 0.0546875 0.19609375
0 0.81640625 0.51796875 0.05859375 0.19765625
0 0.8171875 0.2078125 0.05859375 0.2078125
0 0.8765625 0.51796875 0.05859375 0.2046875
0 0.8765625 0.80859375 0.0546875 0.19609375
0 0.8875 0.20859375 0.0546875 0.19296875
0 0.13828125 0.25390625 0.0515625 0.17421875
0 0.14453125 0.53515625 0.0546875 0.1671875
0 0.14765625 0.79921875 0.05625 0.16328125
0 0.19140625 0.2515625 0.0546875 0.17890625
0 0.19609375 0.534375 0.059375 0.171875
0 0.20234375 0.7921875 0.05625 0.16328125
0 0.24765625 0.24453125 0.0546875 0.17890625
0 0.25546875 0.53125 0.05703125 0.171875