0 0.3609375 0.3265625 0.07734375 0.20234375
0 0.3703125 0.76875 0.07734375 0.23203125
0 0.6171875 0.759375 0.07734375 0.23203125
0 0.69140625 0.76171875 0.07734375 0.23203125
0 0.709375 0.3265625 0.07734375 0.20234375
0 0.04609375 0.771875 0.07734375 0.20234375
0 0.7828125 0.3375 0.07734375 0.20234375
0 0.78984375 0.77734375 0.06875 0.209375
0 0.85859375 0.3421875 0.07734375 0.20234375
0 0.865625 0.7734375 0.06875 0.209375
0 0.12578125 0.77421875 0.07734375 0.20234375
0 0.93046875 0.3375 0.07734375 0.20234375
0 0.9390625 0.771875 0.06953125 0.20234375
0 0.1328125 0.3375 0.07734375 0.20234375
0 0.0546875 0.321875 0.07734375 0.20234375
0 0.2078125 0.78359375 0.07734375 0.20234375
0 0.2078125 0.32890625 0.07734375 0.20234375
0 0.3 0.7546875 0.06953125 0.23203125
3 0.4375 0.3421875 0.07734375 0.20234375
3 0.559375 0.33515625 0.07734375 0.20234375
3 0.64765625 0.3375 0.07734375 0.20234375
3 0.28203125 0.3265625 0.07734375 0.20234375