0 0.35234375 0.878125 0.06376953125 0.11220703125
0 0.41171875 0.878125 0.057958984375 0.109326171875
0 0.07578125 0.08125 0.0734375 0.140576171875
0 0.465625 0.8796875 0.056298828125 0.109326171875
0 0.590625 0.6390625 0.0595703125 0.12802734375
0 0.60078125 0.08828125 0.0703125 0.135986328125
0 0.65703125 0.62421875 0.090625 0.148095703125
0 0.64296875 0.86796875 0.061279296875 0.114404296875
0 0.6625 0.384375 0.071875 0.137646484375
0 0.66953125 0.08671875 0.075 0.13876953125
0 0.7171875 0.62890625 0.090625 0.148095703125
0 0.70234375 0.87421875 0.064208984375 0.1232421875
0 0.0984375 0.37109375 0.071875 0.136181640625
0 0.72734375 0.384375 0.0673828125 0.137255859375
0 0.10078125 0.6359375 0.0763671875 0.13779296875
0 0.7390625 0.09296875 0.0626953125 0.132861328125
0 0.759375 0.87421875 0.059375 0.1203125
0 0.78359375 0.63203125 0.1 0.151611328125
0 0.7875 0.3859375 0.078125 0.140380859375
0 0.8015625 0.09140625 0.078125 0.13896484375
0 0.12578125 0.8734375 0.070068359375 0.112841796875
0 0.14609375 0.08671875 0.073583984375 0.142236328125
0 0.16015625 0.37265625 0.0765625 0.138720703125
0 0.184375 0.8703125 0.05966796875 0.10966796875
0 0.21015625 0.084375 0.0638671875 0.13427734375
0 0.21953125 0.37109375 0.0767578125 0.138916015625
0 0.225 0.634375 0.069140625 0.137451171875
0 0.24140625 0.8703125 0.070068359375 0.112841796875
0 0.28671875 0.6390625 0.065625 0.134521484375
0 0.29765625 0.8796875 0.060888671875 0.109716796875
3 0.3390625 0.0828125 0.0748046875 0.137841796875
3 0.34765625 0.37734375 0.06875 0.135791015625
3 0.403125 0.0828125 0.0751953125 0.137841796875
3 0.4109375 0.37421875 0.0716796875 0.135986328125
3 0.4703125 0.084375 0.0716796875 0.13740234375
3 0.471875 0.37578125 0.06875 0.13583984375
3 0.53671875 0.084375 0.0763671875 0.137841796875
3 0.53828125 0.37578125 0.0640625 0.133056640625
3 0.59921875 0.37890625 0.0673828125 0.13583984375
3 0.27265625 0.0828125 0.0640625 0.134521484375
3 0.28203125 0.37109375 0.071875 0.13623046875
6 0.1671875 0.6375 0.072265625 0.137646484375
9 0.34453125 0.640625 0.0638671875 0.12783203125
9 0.40234375 0.6421875 0.0607421875 0.12802734375
9 0.46171875 0.6375 0.0638671875 0.1279296875
9 0.5234375 0.6390625 0.0654296875 0.12841796875
10 0.52421875 0.878125 0.063818359375 0.112255859375
10 0.58125 0.878125 0.05654296875 0.10927734375