0 0.328125 0.3203125 0.090625 0.23984375
0 0.42890625 0.309375 0.0859375 0.275
0 0.52265625 0.3171875 0.0859375 0.275
0 0.52265625 0.8265625 0.078125 0.1859375
0 0.61015625 0.82265625 0.07734375 0.1859375
0 0.61875 0.34140625 0.08359375 0.23125
0 0.7 0.82890625 0.07578125 0.19453125
0 0.7140625 0.3234375 0.07890625 0.25390625
0 0.121875 0.2921875 0.09609375 0.29140625
0 0.778125 0.825 0.07109375 0.20234375
0 0.80546875 0.35 0.0828125 0.22109375
0 0.86171875 0.8296875 0.07109375 0.19609375
0 0.89140625 0.3609375 0.08515625 0.21328125
0 0.17109375 0.80078125 0.0875 0.225
0 0.22890625 0.3109375 0.0953125 0.2375
10 0.353125 0.81875 0.08125 0.20234375
10 0.43671875 0.8203125 0.08046875 0.1984375
10 0.26171875 0.80625 0.0890625 0.21875