0 0.30234375 0.853125 0.05703125 0.1234375
0 0.34296875 0.3734375 0.06015625 0.128125
0 0.34375 0.12578125 0.0578125 0.13359375
0 0.35546875 0.85 0.04921875 0.11171875
0 0.3953125 0.3765625 0.06015625 0.13515625
0 0.4046875 0.12421875 0.0578125 0.13359375
0 0.46171875 0.12578125 0.0578125 0.13359375
0 0.46171875 0.3796875 0.05546875 0.13515625
0 0.515625 0.61015625 0.0578125 0.125
0 0.51953125 0.3796875 0.05546875 0.13515625
0 0.521875 0.12890625 0.0578125 0.13359375
0 0.575 0.61484375 0.05390625 0.125
0 0.5828125 0.36328125 0.065625 0.1609375
0 0.58125 0.13046875 0.0546875 0.13359375
0 0.6171875 0.8484375 0.05078125 0.11171875
0 0.6328125 0.36875 0.065625 0.1609375
0 0.6296875 0.61640625 0.05390625 0.125
0 0.63828125 0.12890625 0.0546875 0.13359375
0 0.678125 0.846875 0.04921875 0.11171875
0 0.684375 0.61640625 0.05390625 0.125
0 0.68671875 0.37421875 0.0546875 0.159375
0 0.69765625 0.13046875 0.0546875 0.13359375
0 0.7390625 0.61640625 0.05390625 0.125
0 0.74296875 0.37109375 0.0546875 0.153125
0 0.75859375 0.13046875 0.0546875 0.13359375
0 0.1078125 0.11328125 0.06328125 0.13828125
0 0.8 0.38046875 0.0546875 0.13671875
0 0.1125 0.36015625 0.06796875 0.1578125
0 0.815625 0.13046875 0.0546875 0.13359375
0 0.85 0.6078125 0.0609375 0.15
0 0.853125 0.371875 0.04921875 0.14765625
0 0.871875 0.13046875 0.0546875 0.13359375
0 0.1359375 0.84296875 0.0609375 0.13359375
0 0.17109375 0.11953125 0.0578125 0.13359375
0 0.17421875 0.36015625 0.0625 0.1578125
0 0.18984375 0.85546875 0.05703125 0.11875
0 0.22890625 0.37578125 0.0625 0.13671875
0 0.22890625 0.12109375 0.0578125 0.13359375
0 0.2453125 0.85078125 0.05703125 0.1234375
0 0.284375 0.12734375 0.0578125 0.13359375
0 0.28671875 0.375 0.0625 0.128125
7 0.4046875 0.84375 0.04375 0.128125
7 0.4609375 0.84375 0.0453125 0.13828125
7 0.51328125 0.8421875 0.05546875 0.13828125
7 0.56640625 0.8546875 0.0546875 0.1265625
7 0.7296875 0.85234375 0.04921875 0.11171875
7 0.78125 0.85390625 0.04921875 0.11171875
7 0.834375 0.85234375 0.04921875 0.11171875
8 0.29765625 0.6140625 0.0578125 0.13359375
8 0.35078125 0.61171875 0.0546875 0.121875
8 0.40625 0.60859375 0.0546875 0.121875
8 0.46015625 0.61015625 0.05078125 0.121875
8 0.790625 0.6046875 0.05390625 0.15
8 0.12421875 0.59453125 0.06640625 0.14609375
8 0.18125 0.5984375 0.06015625 0.14453125
8 0.2375 0.5984375 0.0578125 0.14140625