0 0.58046875 0.66484375 0.088720703125 0.0984375
0 0.5875 0.10390625 0.0998046875 0.120361328125
0 0.58046875 0.88515625 0.0794921875 0.0919921875
0 0.58828125 0.4890625 0.09189453125 0.10908203125
0 0.59453125 0.3015625 0.098193359375 0.118603515625
0 0.103125 0.29453125 0.10341796875 0.12021484375
0 0.6734375 0.4875 0.096533203125 0.112353515625
0 0.67109375 0.65625 0.082470703125 0.112646484375
0 0.675 0.88359375 0.08134765625 0.09375
0 0.68828125 0.10703125 0.0986328125 0.120361328125
0 0.68671875 0.30234375 0.095654296875 0.113916015625
0 0.75625 0.66640625 0.09072265625 0.10625
0 0.75625 0.88359375 0.080859375 0.0921875
0 0.76796875 0.4890625 0.08935546875 0.10654296875
0 0.77734375 0.30625 0.09501953125 0.11259765625
0 0.12109375 0.659375 0.095263671875 0.115771484375
0 0.83671875 0.88203125 0.076318359375 0.0953125
0 0.846875 0.66875 0.08447265625 0.1001953125
0 0.86875 0.3078125 0.093408203125 0.112451171875
0 0.87734375 0.11328125 0.088916015625 0.113720703125
0 0.12734375 0.48046875 0.092333984375 0.110791015625
0 0.15078125 0.88046875 0.0857421875 0.110888671875
0 0.2 0.29609375 0.09072265625 0.11689453125
0 0.215625 0.47421875 0.093798828125 0.1326171875
0 0.215625 0.6609375 0.093798828125 0.109521484375
0 0.30859375 0.6625 0.089013671875 0.106005859375
0 0.3140625 0.4890625 0.090673828125 0.109033203125
0 0.39921875 0.29140625 0.091943359375 0.139013671875
0 0.403125 0.47578125 0.090283203125 0.1296875
0 0.403125 0.6546875 0.093603515625 0.1248046875
0 0.49375 0.484375 0.087353515625 0.105908203125
0 0.49375 0.6546875 0.093798828125 0.118701171875
0 0.49609375 0.28984375 0.092138671875 0.139208984375
0 0.49609375 0.88828125 0.0796875 0.0921875
3 0.784375 0.11015625 0.087451171875 0.110986328125
3 0.184375 0.090625 0.1091796875 0.1310546875
3 0.3921875 0.096875 0.097265625 0.121826171875
3 0.08359375 0.0875 0.10625 0.1283203125
3 0.48671875 0.1 0.0951171875 0.118505859375
6 0.86015625 0.490625 0.095263671875 0.105859375
9 0.3046875 0.30078125 0.090869140625 0.116845703125
10 0.23359375 0.88203125 0.0767578125 0.104638671875
10 0.3265625 0.88515625 0.08447265625 0.0953125
10 0.4109375 0.88671875 0.08134765625 0.0921875