0 0.39609375 0.39609375 0.0640625 0.128125
0 0.46015625 0.65546875 0.065625 0.10703125
0 0.46796875 0.4125 0.0640625 0.11484375
0 0.08203125 0.64921875 0.06796875 0.13359375
0 0.5296875 0.65703125 0.065625 0.10703125
0 0.53515625 0.8921875 0.06640625 0.1234375
0 0.53671875 0.41484375 0.0640625 0.11484375
0 0.57734375 0.15546875 0.0640625 0.10703125
0 0.08828125 0.890625 0.06640625 0.1234375
0 0.59921875 0.65859375 0.065625 0.10703125
0 0.6 0.4109375 0.0640625 0.11484375
0 0.08828125 0.40078125 0.0640625 0.10703125
0 0.603125 0.8875 0.0609375 0.1234375
0 0.646875 0.15546875 0.0640625 0.10703125
0 0.6671875 0.6515625 0.0609375 0.13125
0 0.66953125 0.884375 0.0609375 0.1234375
0 0.67421875 0.4125 0.0640625 0.10859375
0 0.71640625 0.16015625 0.0640625 0.10703125
0 0.73359375 0.89609375 0.0609375 0.10546875
0 0.73515625 0.653125 0.0609375 0.13125
0 0.784375 0.16171875 0.0640625 0.10703125
0 0.79921875 0.89609375 0.065625 0.10546875
0 0.803125 0.6625 0.0609375 0.11875
0 0.85078125 0.16171875 0.0640625 0.10703125
0 0.865625 0.65859375 0.0609375 0.10390625
0 0.86953125 0.89609375 0.065625 0.10546875
0 0.87578125 0.40234375 0.0640625 0.1265625
0 0.91953125 0.165625 0.0640625 0.10703125
0 0.93203125 0.89453125 0.0609375 0.10546875
0 0.93984375 0.646875 0.06640625 0.1234375
0 0.9453125 0.40390625 0.0640625 0.1265625
0 0.15625 0.8890625 0.06640625 0.1234375
0 0.1609375 0.14609375 0.075 0.10546875
0 0.15546875 0.40234375 0.0640625 0.10703125
0 0.159375 0.6578125 0.06953125 0.11875
0 0.22578125 0.8859375 0.06640625 0.1296875
0 0.23515625 0.65703125 0.06953125 0.10703125
0 0.296875 0.8921875 0.06640625 0.1296875
0 0.3203125 0.65546875 0.06953125 0.10703125
0 0.3765625 0.14765625 0.0640625 0.11171875
0 0.39140625 0.65546875 0.06953125 0.10703125
3 0.0765625 0.14296875 0.075 0.10546875
3 0.44921875 0.153125 0.0640625 0.11171875
3 0.22890625 0.14609375 0.0640625 0.10546875
3 0.30625 0.15 0.0640625 0.11171875
6 0.22890625 0.40390625 0.0640625 0.10703125
6 0.31171875 0.40390625 0.0640625 0.10703125
9 0.7390625 0.4125 0.0640625 0.10859375
9 0.80625 0.41640625 0.0640625 0.10859375
10 0.465625 0.896875 0.06640625 0.11640625
10 0.3671875 0.90234375 0.06640625 0.11640625