0 0.3375 0.7625 0.1 0.2578125
0 0.33984375 0.32734375 0.0921875 0.24765625
0 0.43515625 0.7859375 0.09296875 0.228125
0 0.44765625 0.3328125 0.0921875 0.24765625
0 0.5296875 0.79375 0.09765625 0.23671875
0 0.546875 0.31953125 0.090625 0.27734375
0 0.62578125 0.790625 0.09765625 0.23671875
0 0.66015625 0.33359375 0.09765625 0.2390625
0 0.7234375 0.803125 0.09765625 0.23671875
0 0.7609375 0.33828125 0.09765625 0.2390625
0 0.8171875 0.790625 0.1046875 0.265625
0 0.871875 0.34765625 0.09765625 0.2390625
0 0.14375 0.325 0.0921875 0.24765625
0 0.15859375 0.7421875 0.09765625 0.2390625
0 0.240625 0.321875 0.0921875 0.24765625
0 0.2484375 0.77265625 0.09296875 0.2296875