0 0.54453125 0.53125 0.084375 0.18125
0 0.55625 0.21328125 0.09765625 0.14296875
0 0.56640625 0.83671875 0.09765625 0.17890625
0 0.62890625 0.5359375 0.084375 0.18125
0 0.6703125 0.21484375 0.09765625 0.14296875
0 0.68046875 0.8484375 0.1078125 0.1515625
0 0.7265625 0.534375 0.084375 0.18125
0 0.77109375 0.21953125 0.09765625 0.14296875
0 0.77734375 0.85 0.1078125 0.1515625
0 0.80078125 0.525 0.084375 0.18125
0 0.88203125 0.846875 0.1078125 0.1515625
0 0.88515625 0.21328125 0.09765625 0.14296875
0 0.88515625 0.528125 0.084375 0.18125
0 0.146875 0.20625 0.10234375 0.14296875
0 0.14921875 0.52890625 0.09765625 0.159375
0 0.1625 0.84296875 0.1171875 0.159375
0 0.24453125 0.5328125 0.115625 0.16796875
0 0.2546875 0.21171875 0.10234375 0.14296875
0 0.26328125 0.84296875 0.1171875 0.159375
0 0.35390625 0.5265625 0.115625 0.16796875
0 0.35390625 0.2078125 0.10234375 0.14296875
0 0.36640625 0.83984375 0.1171875 0.159375
0 0.4546875 0.5328125 0.115625 0.16796875
0 0.45859375 0.84453125 0.1171875 0.159375
0 0.45625 0.21328125 0.10234375 0.14296875