0 0.328125 0.3203125 0.1001953125 0.24365234375
0 0.42890625 0.309375 0.1201171875 0.28125
0 0.52265625 0.3171875 0.10625 0.278515625
0 0.52265625 0.8265625 0.0796875 0.1845703125
0 0.61015625 0.82265625 0.095166015625 0.1919921875
0 0.61875 0.34140625 0.096630859375 0.234375
0 0.7 0.82890625 0.096533203125 0.201318359375
0 0.7140625 0.3234375 0.096923828125 0.256494140625
0 0.121875 0.2921875 0.099755859375 0.290869140625
0 0.778125 0.825 0.084130859375 0.206201171875
0 0.80546875 0.35 0.0986328125 0.225341796875
0 0.86171875 0.8296875 0.092041015625 0.200341796875
0 0.89140625 0.3609375 0.10458984375 0.21865234375
0 0.17109375 0.80078125 0.0923828125 0.2265625
0 0.22890625 0.3109375 0.1109375 0.2435546875
10 0.353125 0.81875 0.0935546875 0.206396484375
10 0.43671875 0.8203125 0.088720703125 0.19990234375
10 0.26171875 0.80625 0.1080078125 0.225