0 0.2859375 0.54453125 0.05703125 0.15078125
0 0.28984375 0.26171875 0.05390625 0.1578125
0 0.340625 0.54453125 0.05703125 0.15078125
0 0.34453125 0.26328125 0.05390625 0.1578125
0 0.3953125 0.54453125 0.05703125 0.1578125
0 0.40390625 0.25703125 0.05390625 0.1578125
0 0.45625 0.54609375 0.05703125 0.1578125
0 0.459375 0.26015625 0.05390625 0.1578125
0 0.5015625 0.8109375 0.05 0.140625
0 0.51015625 0.54140625 0.05703125 0.1578125
0 0.515625 0.26171875 0.05390625 0.1578125
0 0.5640625 0.8125 0.05 0.140625
0 0.57421875 0.52421875 0.06328125 0.184375
0 0.5734375 0.26328125 0.05390625 0.1578125
0 0.61640625 0.81953125 0.05 0.140625
0 0.63125 0.25859375 0.05390625 0.1578125
0 0.66875 0.82109375 0.05 0.140625
0 0.67734375 0.53984375 0.053125 0.184375
0 0.690625 0.26328125 0.05390625 0.1578125
0 0.7203125 0.815625 0.05 0.140625
0 0.728125 0.53984375 0.053125 0.184375
0 0.746875 0.26171875 0.05390625 0.1578125
0 0.7859375 0.55078125 0.053125 0.15234375
0 0.8046875 0.26171875 0.05390625 0.1578125
0 0.8359375 0.80703125 0.06484375 0.16796875
0 0.84140625 0.53828125 0.053125 0.16796875
0 0.859375 0.26171875 0.05390625 0.1578125
0 0.121875 0.2484375 0.05390625 0.1578125
0 0.1265625 0.5234375 0.05703125 0.18984375
0 0.1796875 0.2515625 0.05390625 0.1578125
0 0.18203125 0.53046875 0.05703125 0.18984375
0 0.23125 0.53828125 0.05703125 0.15078125
0 0.234375 0.2546875 0.05390625 0.1578125
8 0.2953125 0.80703125 0.05 0.140625
8 0.34609375 0.80703125 0.05 0.140625
8 0.40078125 0.80859375 0.05 0.140625
8 0.4515625 0.80859375 0.05 0.140625
8 0.6234375 0.5296875 0.06328125 0.184375
8 0.77890625 0.8125 0.05 0.1640625
8 0.13203125 0.784375 0.06015625 0.1625
8 0.18671875 0.7859375 0.05625 0.1625
8 0.23671875 0.79296875 0.05625 0.1625