0 0.2515625 0.7015625 0.0560546875 0.12490234375
0 0.253125 0.89765625 0.04990234375 0.11376953125
0 0.27890625 0.1109375 0.05439453125 0.11572265625
0 0.284375 0.3109375 0.04375 0.1251953125
0 0.28828125 0.5140625 0.0513671875 0.12470703125
0 0.29140625 0.9 0.054638671875 0.112451171875
0 0.29296875 0.6984375 0.04208984375 0.1283203125
0 0.3234375 0.1078125 0.050244140625 0.115478515625
0 0.33046875 0.5140625 0.048583984375 0.12197265625
0 0.3296875 0.3109375 0.05 0.1279296875
0 0.33125 0.90234375 0.050146484375 0.116943359375
0 0.3359375 0.696875 0.056201171875 0.13408203125
0 0.36796875 0.1046875 0.04541015625 0.11259765625
0 0.37265625 0.90390625 0.051513671875 0.107568359375
0 0.37421875 0.5140625 0.0451171875 0.1216796875
0 0.3734375 0.30390625 0.0345703125 0.13583984375
0 0.3890625 0.7 0.046630859375 0.13134765625
0 0.41171875 0.10078125 0.051904296875 0.120068359375
0 0.41171875 0.30234375 0.046875 0.136279296875
0 0.41875 0.5140625 0.05302734375 0.122265625
0 0.4171875 0.9 0.037548828125 0.115576171875
0 0.434375 0.703125 0.04091796875 0.1314453125
0 0.45859375 0.90546875 0.048779296875 0.121875
0 0.45859375 0.103125 0.048388671875 0.118408203125
0 0.45703125 0.30390625 0.0451171875 0.136279296875
0 0.4625 0.5125 0.05 0.1251953125
0 0.4734375 0.703125 0.034716796875 0.13115234375
0 0.50078125 0.90703125 0.0576171875 0.1234375
0 0.503125 0.10078125 0.053173828125 0.120068359375
0 0.50625 0.30078125 0.0470703125 0.136279296875
0 0.5125 0.5125 0.0533203125 0.12783203125
0 0.51640625 0.70390625 0.040625 0.136083984375
0 0.546875 0.09609375 0.05322265625 0.12001953125
0 0.55078125 0.90078125 0.045361328125 0.1236328125
0 0.553125 0.50546875 0.0470703125 0.1267578125
0 0.553125 0.29921875 0.034375 0.135888671875
0 0.55703125 0.70546875 0.0419921875 0.136083984375
0 0.59609375 0.9 0.048583984375 0.130859375
0 0.59375 0.50546875 0.037548828125 0.133056640625
0 0.59765625 0.08984375 0.04501953125 0.11728515625
0 0.6015625 0.70390625 0.04072265625 0.136083984375
0 0.603125 0.29921875 0.0345703125 0.142138671875
0 0.64375 0.903125 0.044140625 0.128125
0 0.6421875 0.70703125 0.04404296875 0.136279296875
0 0.64609375 0.08984375 0.04814453125 0.121875
0 0.64765625 0.50546875 0.0486328125 0.13564453125
0 0.646875 0.29609375 0.0408203125 0.14228515625
0 0.6921875 0.9015625 0.05 0.1314453125
0 0.690625 0.50078125 0.04072265625 0.133056640625
0 0.69140625 0.70546875 0.0486328125 0.13623046875
0 0.69453125 0.09140625 0.054833984375 0.1234375
0 0.69921875 0.29296875 0.0421875 0.142529296875
0 0.11171875 0.11953125 0.0453125 0.111279296875
0 0.11953125 0.3171875 0.04228515625 0.1220703125
0 0.12265625 0.5140625 0.048291015625 0.12216796875
0 0.12890625 0.7015625 0.0482421875 0.12216796875
0 0.13359375 0.88203125 0.0453125 0.1267578125
0 0.1546875 0.11953125 0.04697265625 0.111279296875
0 0.1609375 0.3171875 0.05302734375 0.1248046875
0 0.16171875 0.5140625 0.0455078125 0.12216796875
0 0.16640625 0.7015625 0.046875 0.12216796875
0 0.16953125 0.9 0.0546875 0.109326171875
0 0.19453125 0.115625 0.042529296875 0.112548828125
0 0.20390625 0.5140625 0.054833984375 0.12470703125
0 0.2015625 0.3140625 0.04375 0.1251953125
0 0.2109375 0.7 0.0439453125 0.11904296875
0 0.21171875 0.890625 0.04248046875 0.10322265625
0 0.23671875 0.1125 0.045068359375 0.112744140625
0 0.24296875 0.3109375 0.0421875 0.125
0 0.246875 0.5140625 0.049658203125 0.12216796875