0 0.271875 0.3546875 0.09990234375 0.215380859375
0 0.27890625 0.73671875 0.0796875 0.229345703125
0 0.34375 0.7671875 0.084130859375 0.18779296875
0 0.34609375 0.33359375 0.0859375 0.23896484375
0 0.41640625 0.33515625 0.0919921875 0.239208984375
0 0.41953125 0.77109375 0.08623046875 0.190625
0 0.4890625 0.7625 0.075146484375 0.21533203125
0 0.49296875 0.34140625 0.0859375 0.239013671875
0 0.553125 0.75703125 0.08154296875 0.2171875
0 0.5640625 0.36484375 0.091015625 0.2078125
0 0.61875 0.76953125 0.075 0.19228515625
0 0.6265625 0.3703125 0.0841796875 0.20625
0 0.67578125 0.76953125 0.071875 0.192236328125
0 0.73515625 0.75546875 0.0830078125 0.2173828125
0 0.7984375 0.7515625 0.07529296875 0.21865234375
0 0.11953125 0.346875 0.0984375 0.215380859375
0 0.85546875 0.7671875 0.0796875 0.1814453125
0 0.88125 0.3515625 0.074609375 0.23427734375
0 0.91796875 0.7671875 0.0763671875 0.1814453125
0 0.1265625 0.76171875 0.075 0.201708984375
0 0.94609375 0.3515625 0.0984375 0.23779296875
0 0.209375 0.73515625 0.087890625 0.229931640625
6 0.2 0.35078125 0.09404296875 0.211181640625
9 0.69296875 0.36875 0.0888671875 0.206640625
9 0.7546875 0.37265625 0.0876953125 0.2078125
9 0.81796875 0.37578125 0.0857421875 0.2076171875