0 0.3359375 0.35625 0.056201171875 0.0998046875
0 0.3375 0.90234375 0.05927734375 0.0982421875
0 0.35234375 0.13203125 0.06064453125 0.10478515625
0 0.38125 0.54609375 0.05908203125 0.10791015625
0 0.38671875 0.3609375 0.054345703125 0.097265625
0 0.409375 0.1296875 0.052880859375 0.115771484375
0 0.43046875 0.546875 0.057861328125 0.100390625
0 0.43828125 0.90703125 0.0515625 0.0953125
0 0.4390625 0.3609375 0.05009765625 0.096875
0 0.4578125 0.12578125 0.056494140625 0.110693359375
0 0.4796875 0.546875 0.065869140625 0.100390625
0 0.490625 0.359375 0.05966796875 0.100390625
0 0.509375 0.1265625 0.059326171875 0.106201171875
0 0.53671875 0.546875 0.051904296875 0.1
0 0.5390625 0.359375 0.050341796875 0.0970703125
0 0.56640625 0.12890625 0.063916015625 0.114208984375
0 0.58046875 0.7234375 0.0486328125 0.106396484375
0 0.58515625 0.5453125 0.063916015625 0.103515625
0 0.5890625 0.3609375 0.059521484375 0.1001953125
0 0.621875 0.13203125 0.06552734375 0.11435546875
0 0.63203125 0.73046875 0.0517578125 0.107666015625
0 0.63984375 0.365625 0.057470703125 0.103125
0 0.6421875 0.534375 0.062646484375 0.115771484375
0 0.6703125 0.9078125 0.05634765625 0.1
0 0.67578125 0.134375 0.06083984375 0.11259765625
0 0.68203125 0.73046875 0.0517578125 0.10771484375
0 0.69140625 0.365625 0.057666015625 0.103125
0 0.72578125 0.9078125 0.05185546875 0.097265625
0 0.72734375 0.73125 0.05 0.1001953125
0 0.7328125 0.54140625 0.05009765625 0.11103515625
0 0.7421875 0.36875 0.052880859375 0.103271484375
0 0.77578125 0.7296875 0.0517578125 0.1029296875
0 0.78046875 0.54296875 0.05498046875 0.11376953125
0 0.79296875 0.36875 0.058056640625 0.106396484375
0 0.8296875 0.55390625 0.062158203125 0.114306640625
0 0.83515625 0.146875 0.06083984375 0.11240234375
0 0.84140625 0.36875 0.054931640625 0.106201171875
0 0.8796875 0.72578125 0.05947265625 0.116943359375
0 0.87734375 0.546875 0.0513671875 0.12177734375
0 0.88671875 0.15546875 0.06708984375 0.11435546875
0 0.8921875 0.3703125 0.059716796875 0.106396484375
0 0.24375 0.13515625 0.075 0.11728515625
0 0.23671875 0.53671875 0.05810546875 0.1294921875
0 0.23515625 0.35078125 0.057666015625 0.1
0 0.24375 0.8921875 0.05908203125 0.109423828125
0 0.2875 0.53515625 0.056201171875 0.1267578125
0 0.2875 0.35625 0.052880859375 0.0970703125
0 0.30078125 0.1265625 0.067431640625 0.13125
0 0.29296875 0.90390625 0.05625 0.096875
0 0.3328125 0.54140625 0.05927734375 0.1
4 0.725 0.1375 0.065380859375 0.115283203125
4 0.7828125 0.1390625 0.065966796875 0.115283203125
7 0.3875 0.90859375 0.05595703125 0.0955078125
7 0.48046875 0.89765625 0.05771484375 0.11416015625
7 0.5296875 0.89765625 0.049951171875 0.111181640625
7 0.57578125 0.9015625 0.057861328125 0.115576171875
7 0.6265625 0.90625 0.047216796875 0.09404296875
7 0.771875 0.9078125 0.05322265625 0.08759765625
7 0.8140625 0.9078125 0.046875 0.08740234375
7 0.86328125 0.90859375 0.05458984375 0.0919921875
8 0.3359375 0.709375 0.065380859375 0.115869140625
8 0.390625 0.7234375 0.06533203125 0.10966796875
8 0.4359375 0.7234375 0.05947265625 0.10927734375
8 0.5328125 0.72734375 0.052734375 0.10751953125
8 0.68671875 0.54140625 0.051611328125 0.110986328125
8 0.82421875 0.72109375 0.0578125 0.11708984375
8 0.2390625 0.709375 0.05595703125 0.11279296875
8 0.2875 0.7078125 0.062841796875 0.115869140625