0 0.31953125 0.7828125 0.095556640625 0.22490234375
0 0.328125 0.3640625 0.11240234375 0.25322265625
0 0.42109375 0.7609375 0.114111328125 0.268701171875
0 0.425 0.33671875 0.112353515625 0.3111328125
0 0.51796875 0.7609375 0.086279296875 0.25322265625
0 0.5296875 0.36796875 0.124853515625 0.259375
0 0.6140625 0.784375 0.09658203125 0.2216796875
0 0.63203125 0.37109375 0.114013671875 0.2544921875
0 0.11171875 0.35625 0.10625 0.265771484375
0 0.709375 0.7671875 0.109228515625 0.25302734375
0 0.73359375 0.37109375 0.111083984375 0.253125
0 0.11640625 0.7625 0.120654296875 0.25634765625
0 0.80859375 0.78984375 0.098486328125 0.21875
0 0.83515625 0.37109375 0.107763671875 0.2517578125
0 0.9015625 0.79140625 0.093994140625 0.207958984375
0 0.2140625 0.33828125 0.1220703125 0.326806640625
0 0.22109375 0.76953125 0.11376953125 0.2296875
6 0.93515625 0.38046875 0.104833984375 0.2515625