0 0.559375 0.646875 0.09404296875 0.146875
0 0.62421875 0.39609375 0.101708984375 0.1513671875
0 0.64140625 0.8859375 0.11875 0.121533203125
0 0.65390625 0.13515625 0.1173828125 0.132958984375
0 0.66328125 0.6515625 0.11123046875 0.1251953125
0 0.70625 0.40078125 0.099658203125 0.1486328125
0 0.7296875 0.8859375 0.11865234375 0.121728515625
0 0.75625 0.13515625 0.12783203125 0.139208984375
0 0.759375 0.65703125 0.118603515625 0.1326171875
0 0.13203125 0.128125 0.13125 0.14365234375
0 0.13203125 0.39609375 0.121875 0.14248046875
0 0.7921875 0.39765625 0.103173828125 0.1517578125
0 0.8375 0.8859375 0.12529296875 0.14658203125
0 0.8578125 0.65703125 0.118408203125 0.13125
0 0.8796875 0.13046875 0.12802734375 0.148486328125
0 0.8828125 0.39765625 0.09697265625 0.1486328125
0 0.15078125 0.65078125 0.117041015625 0.1330078125
0 0.1640625 0.86015625 0.115869140625 0.1513671875
0 0.22890625 0.1234375 0.13125 0.143603515625
0 0.23515625 0.390625 0.128125 0.149755859375
0 0.24765625 0.65078125 0.117431640625 0.134375
0 0.25859375 0.8734375 0.104638671875 0.124658203125
0 0.3359375 0.128125 0.121484375 0.13447265625
0 0.34609375 0.871875 0.1205078125 0.122119140625
0 0.34609375 0.3890625 0.1232421875 0.144091796875
0 0.35390625 0.65234375 0.10791015625 0.1265625
0 0.4359375 0.390625 0.12529296875 0.147216796875
0 0.43828125 0.1265625 0.1265625 0.140283203125
0 0.44453125 0.65078125 0.123095703125 0.1388671875
0 0.4546875 0.87734375 0.1251953125 0.12939453125
0 0.5375 0.39453125 0.109423828125 0.1548828125
0 0.553125 0.1296875 0.13154296875 0.143603515625
0 0.5609375 0.88359375 0.12177734375 0.126318359375