0 0.26484375 0.62109375 0.05 0.134375
0 0.26875 0.83828125 0.04453125 0.1203125
0 0.30390625 0.11328125 0.05546875 0.178125
0 0.31171875 0.38046875 0.053125 0.16328125
0 0.315625 0.6328125 0.0515625 0.134375
0 0.31875 0.83671875 0.0515625 0.14453125
0 0.35859375 0.11328125 0.05546875 0.178125
0 0.365625 0.63671875 0.053125 0.1359375
0 0.36328125 0.3796875 0.0453125 0.171875
0 0.36953125 0.846875 0.0515625 0.14453125
0 0.41484375 0.64140625 0.05 0.14453125
0 0.41875 0.115625 0.05625 0.18359375
0 0.41796875 0.85859375 0.0515625 0.12421875
0 0.41953125 0.38125 0.05078125 0.171875
0 0.46875 0.64375 0.05546875 0.1390625
0 0.4703125 0.8640625 0.0515625 0.12421875
0 0.4796875 0.11796875 0.05390625 0.18203125
0 0.49296875 0.3859375 0.05078125 0.1765625
0 0.51796875 0.86484375 0.04375 0.14921875
0 0.525 0.65 0.0515625 0.140625
0 0.5390625 0.11796875 0.05390625 0.18203125
0 0.55234375 0.390625 0.046875 0.1765625
0 0.5734375 0.86953125 0.04375 0.14921875
0 0.57890625 0.6546875 0.0515625 0.14453125
0 0.60078125 0.11796875 0.059375 0.18203125
0 0.60625 0.3921875 0.0484375 0.1765625
0 0.6296875 0.87734375 0.0515625 0.16484375
0 0.63203125 0.66171875 0.0515625 0.14453125
0 0.66328125 0.39609375 0.0546875 0.18359375
0 0.6703125 0.11953125 0.059375 0.18828125
0 0.6765625 0.88203125 0.05546875 0.16484375
0 0.69921875 0.6546875 0.04609375 0.16171875
0 0.715625 0.40078125 0.0546875 0.18359375
0 0.7265625 0.1171875 0.065625 0.20390625
0 0.7453125 0.8921875 0.05546875 0.16484375
0 0.75703125 0.66328125 0.06484375 0.16171875
0 0.78046875 0.4078125 0.0546875 0.18359375
0 0.78359375 0.11875 0.05859375 0.20390625
0 0.79453125 0.9046875 0.05546875 0.16484375
0 0.821875 0.66875 0.06484375 0.16796875
0 0.834375 0.4078125 0.05859375 0.18359375
0 0.85546875 0.89921875 0.06796875 0.16484375
0 0.865625 0.1203125 0.05859375 0.20390625
0 0.88125 0.671875 0.0703125 0.16796875
0 0.903125 0.41328125 0.05390625 0.18828125
0 0.9234375 0.12265625 0.07109375 0.2109375
0 0.13203125 0.10546875 0.06171875 0.18359375
0 0.1515625 0.3703125 0.04921875 0.16328125
0 0.16328125 0.5984375 0.05546875 0.15078125
0 0.1734375 0.8140625 0.053125 0.134375
0 0.190625 0.10703125 0.0546875 0.1734375
0 0.2 0.3734375 0.059375 0.16328125
0 0.21171875 0.6234375 0.0609375 0.1328125
0 0.2234375 0.83359375 0.053125 0.12578125
0 0.24375 0.1109375 0.05546875 0.178125
0 0.25625 0.371875 0.053125 0.16328125