0 0.28203125 0.84921875 0.06728515625 0.14833984375
0 0.32890625 0.52578125 0.0892578125 0.190625
0 0.3421875 0.85078125 0.074853515625 0.151220703125
0 0.40078125 0.8578125 0.07666015625 0.15029296875
0 0.4625 0.8546875 0.075048828125 0.150341796875
0 0.52265625 0.85625 0.07314453125 0.15009765625
0 0.53828125 0.15078125 0.08125 0.1890625
0 0.61015625 0.15078125 0.0859375 0.1892578125
0 0.66328125 0.534375 0.070556640625 0.169091796875
0 0.68046875 0.15390625 0.0923828125 0.1919921875
0 0.7140625 0.8484375 0.062353515625 0.165771484375
0 0.73984375 0.5109375 0.095654296875 0.2126953125
0 0.74921875 0.15546875 0.0861328125 0.190625
0 0.78046875 0.846875 0.0767578125 0.168505859375
0 0.80625 0.5140625 0.09990234375 0.215234375
0 0.8203125 0.15703125 0.072265625 0.1859375
0 0.84453125 0.85546875 0.085595703125 0.167431640625
0 0.8734375 0.51875 0.115869140625 0.219140625
0 0.11875 0.1390625 0.0841796875 0.18779296875
0 0.89453125 0.15859375 0.0859375 0.1892578125
0 0.13046875 0.52421875 0.075 0.1861328125
0 0.15859375 0.84609375 0.073779296875 0.151220703125
0 0.1859375 0.146875 0.083984375 0.1904296875
0 0.22109375 0.84296875 0.06396484375 0.14560546875
0 0.25625 0.146875 0.0935546875 0.19345703125
0 0.26171875 0.5171875 0.071875 0.18447265625
3 0.325 0.146875 0.0908203125 0.19345703125
3 0.3984375 0.14921875 0.075 0.1861328125
3 0.465625 0.14921875 0.0873046875 0.190625
6 0.19609375 0.52578125 0.084375 0.1892578125
9 0.3921875 0.525 0.08095703125 0.1845703125
9 0.459375 0.53125 0.07216796875 0.184375
9 0.51953125 0.5328125 0.0794921875 0.1845703125
9 0.59453125 0.5359375 0.076416015625 0.171630859375
10 0.58671875 0.859375 0.07021484375 0.14990234375
10 0.64921875 0.86328125 0.07333984375 0.14228515625