0 0.37890625 0.50078125 0.08125 0.148681640625
0 0.37890625 0.140625 0.0892578125 0.1875
0 0.45 0.50078125 0.074755859375 0.148291015625
0 0.45234375 0.15703125 0.0888671875 0.15166015625
0 0.52265625 0.49921875 0.076416015625 0.148486328125
0 0.52421875 0.16015625 0.0888671875 0.151611328125
0 0.53359375 0.815625 0.0640625 0.16240234375
0 0.59375 0.49921875 0.08095703125 0.15126953125
0 0.596875 0.15859375 0.0720703125 0.145361328125
0 0.603125 0.8125 0.06865234375 0.165966796875
0 0.6671875 0.16171875 0.08125 0.148681640625
0 0.6640625 0.4859375 0.078125 0.17529296875
0 0.67109375 0.81171875 0.078125 0.173583984375
0 0.7359375 0.484375 0.078515625 0.175244140625
0 0.7390625 0.815625 0.07216796875 0.140673828125
0 0.8078125 0.16328125 0.0814453125 0.151220703125
0 0.8046875 0.815625 0.07470703125 0.140673828125
0 0.80546875 0.49921875 0.0640625 0.1546875
0 0.87109375 0.49453125 0.0673828125 0.148291015625
0 0.87734375 0.146875 0.0875 0.180908203125
0 0.87421875 0.8140625 0.0732421875 0.140673828125
0 0.12421875 0.1515625 0.085693359375 0.150244140625
0 0.9390625 0.8078125 0.06904296875 0.140283203125
0 0.94453125 0.4734375 0.0669921875 0.168701171875
0 0.9484375 0.146875 0.0810546875 0.17197265625
0 0.046875 0.15 0.087158203125 0.152783203125
0 0.1328125 0.50390625 0.0779296875 0.148291015625
0 0.1359375 0.8265625 0.08447265625 0.1876953125
0 0.0515625 0.490625 0.090673828125 0.177978515625
0 0.2109375 0.50703125 0.084765625 0.151416015625
0 0.209375 0.828125 0.08134765625 0.187109375
0 0.28203125 0.821875 0.08271484375 0.187109375
0 0.06015625 0.834375 0.073681640625 0.18427734375
0 0.3046875 0.49765625 0.071875 0.145361328125
6 0.2078125 0.15625 0.07822265625 0.14970703125
6 0.2890625 0.1546875 0.087744140625 0.152978515625
9 0.7375 0.16015625 0.071875 0.145361328125
10 0.35546875 0.83515625 0.073193359375 0.1580078125
10 0.46015625 0.83046875 0.06875 0.14873046875