0 0.275 0.33515625 0.06328125 0.1875
0 0.309375 0.7734375 0.05390625 0.1859375
0 0.33359375 0.325 0.0546875 0.17265625
0 0.36484375 0.77109375 0.05390625 0.1859375
0 0.38828125 0.31796875 0.0546875 0.17890625
0 0.4234375 0.77109375 0.05390625 0.1859375
0 0.4484375 0.315625 0.0546875 0.17890625
0 0.4796875 0.7671875 0.05390625 0.1859375
0 0.50703125 0.30703125 0.05078125 0.17890625
0 0.53359375 0.7703125 0.05390625 0.1921875
0 0.56796875 0.309375 0.05078125 0.17890625
0 0.59140625 0.77421875 0.05390625 0.1921875
0 0.6265625 0.31328125 0.05078125 0.17890625
0 0.653125 0.77421875 0.05390625 0.1921875
0 0.7109375 0.77265625 0.05390625 0.1921875
0 0.76953125 0.7765625 0.05390625 0.1921875
0 0.80859375 0.33515625 0.059375 0.17890625
0 0.825 0.7765625 0.05390625 0.1921875
0 0.8640625 0.33671875 0.06796875 0.17890625
0 0.884375 0.77421875 0.05390625 0.1921875
0 0.14375 0.75625 0.0546875 0.1859375
0 0.159375 0.35234375 0.065625 0.19609375
0 0.20078125 0.76875 0.0546875 0.1859375
0 0.21796875 0.33671875 0.06328125 0.1875
0 0.25625 0.7671875 0.05390625 0.1859375
4 0.68515625 0.31796875 0.05390625 0.17890625
4 0.7453125 0.321875 0.059375 0.17890625