0 0.46484375 0.73515625 0.067333984375 0.0982421875
0 0.46796875 0.52421875 0.066943359375 0.0953125
0 0.5328125 0.73203125 0.062548828125 0.0953125
0 0.534375 0.52578125 0.072119140625 0.0986328125
0 0.5375 0.93671875 0.065478515625 0.114208984375
0 0.08984375 0.090625 0.07060546875 0.0908203125
0 0.603125 0.521875 0.06845703125 0.0966796875
0 0.603125 0.73515625 0.071533203125 0.1
0 0.603125 0.93515625 0.065673828125 0.114404296875
0 0.09296875 0.72421875 0.073583984375 0.117529296875
0 0.6625 0.7296875 0.07158203125 0.11279296875
0 0.6640625 0.52421875 0.072119140625 0.0986328125
0 0.09453125 0.93828125 0.07666015625 0.12021484375
0 0.66953125 0.93046875 0.076513671875 0.120068359375
0 0.0984375 0.51796875 0.071728515625 0.0982421875
0 0.7078125 0.10703125 0.06533203125 0.090625
0 0.7078125 0.315625 0.06904296875 0.0935546875
0 0.7328125 0.728125 0.06904296875 0.11259765625
0 0.7328125 0.9375 0.065478515625 0.09658203125
0 0.77421875 0.3171875 0.073193359375 0.09658203125
0 0.79921875 0.10234375 0.064208984375 0.0892578125
0 0.79921875 0.7328125 0.067529296875 0.0998046875
0 0.80078125 0.9390625 0.073193359375 0.10283203125
0 0.8375 0.315625 0.062744140625 0.08779296875
0 0.8625 0.73125 0.065869140625 0.0998046875
0 0.86796875 0.5171875 0.06396484375 0.11259765625
0 0.86796875 0.9421875 0.067333984375 0.09970703125
0 0.86953125 0.10859375 0.064013671875 0.0890625
0 0.90390625 0.3171875 0.073388671875 0.09677734375
0 0.93125 0.5171875 0.068603515625 0.115478515625
0 0.93125 0.10859375 0.06591796875 0.0919921875
0 0.934375 0.725 0.072119140625 0.109716796875
0 0.9359375 0.9421875 0.065283203125 0.09697265625
0 0.16328125 0.93671875 0.070458984375 0.117138671875
0 0.16796875 0.51640625 0.073583984375 0.0984375
0 0.16796875 0.73671875 0.070263671875 0.0986328125
0 0.2328125 0.93515625 0.068408203125 0.116943359375
0 0.24296875 0.73359375 0.067529296875 0.0982421875
0 0.3 0.93671875 0.075048828125 0.120068359375
0 0.3265625 0.73515625 0.07197265625 0.1013671875
0 0.39453125 0.73828125 0.073583984375 0.1015625
0 0.4 0.51484375 0.07197265625 0.11376953125
3 0.4515625 0.3078125 0.062744140625 0.09072265625
3 0.47421875 0.1 0.073583984375 0.09365234375
3 0.56484375 0.10234375 0.073193359375 0.0923828125
3 0.57109375 0.3125 0.073388671875 0.09384765625
3 0.63125 0.10703125 0.062548828125 0.0890625
3 0.64140625 0.3140625 0.073193359375 0.09658203125
3 0.09453125 0.30390625 0.07353515625 0.0953125
3 0.16328125 0.0921875 0.070458984375 0.09365234375
3 0.175 0.30390625 0.068603515625 0.0923828125
3 0.23515625 0.0953125 0.07333984375 0.0939453125
3 0.24140625 0.3078125 0.07333984375 0.0966796875
3 0.31328125 0.309375 0.066943359375 0.09033203125
3 0.334375 0.096875 0.068798828125 0.09052734375
3 0.3828125 0.3078125 0.068798828125 0.09384765625
3 0.4046875 0.0984375 0.075048828125 0.09677734375
6 0.23984375 0.51953125 0.067333984375 0.0951171875
6 0.31640625 0.52109375 0.070458984375 0.096875
9 0.7359375 0.52890625 0.062744140625 0.09375
9 0.79765625 0.52734375 0.07060546875 0.0984375
10 0.46953125 0.9390625 0.067138671875 0.103466796875
10 0.36953125 0.94765625 0.067333984375 0.104541015625