0 0.28671875 0.82421875 0.06748046875 0.14189453125
0 0.28828125 0.534375 0.0732421875 0.15341796875
0 0.34609375 0.8078125 0.076806640625 0.149658203125
0 0.35 0.5203125 0.0720703125 0.1658203125
0 0.40390625 0.809375 0.06708984375 0.14677734375
0 0.40390625 0.52421875 0.0732421875 0.1669921875
0 0.46796875 0.8171875 0.0517578125 0.143798828125
0 0.51875 0.8328125 0.059033203125 0.134521484375
0 0.57109375 0.83125 0.060888671875 0.134521484375
0 0.5953125 0.52734375 0.0783203125 0.1671875
0 0.65078125 0.52734375 0.0638671875 0.1638671875
0 0.72109375 0.23203125 0.0732421875 0.1548828125
0 0.72265625 0.534375 0.0638671875 0.140673828125
0 0.77890625 0.8171875 0.0673828125 0.16240234375
0 0.78046875 0.23359375 0.059375 0.1515625
0 0.78359375 0.5375 0.0669921875 0.14091796875
0 0.828125 0.8171875 0.0685546875 0.16240234375
0 0.83828125 0.23671875 0.065625 0.153125
0 0.840625 0.5359375 0.056640625 0.140283203125
0 0.1609375 0.53125 0.0685546875 0.15302734375
0 0.17109375 0.82578125 0.063916015625 0.139208984375
0 0.2234375 0.534375 0.0595703125 0.15009765625
3 0.27890625 0.21875 0.075 0.1560546875
3 0.34375 0.215625 0.062890625 0.15283203125
3 0.39921875 0.2203125 0.0703125 0.15615234375
3 0.4546875 0.2203125 0.0626953125 0.15322265625
3 0.55390625 0.225 0.071875 0.15341796875
3 0.61328125 0.221875 0.0640625 0.15283203125
3 0.6640625 0.22890625 0.0689453125 0.1546875
3 0.165625 0.2125 0.069140625 0.15322265625
3 0.2234375 0.2140625 0.0685546875 0.15595703125
6 0.23046875 0.82578125 0.060986328125 0.139013671875
9 0.625 0.8296875 0.071533203125 0.137646484375
9 0.675 0.83125 0.056298828125 0.134326171875
9 0.7265625 0.8328125 0.059619140625 0.134716796875