0 0.44296875 0.9359375 0.07890625 0.11875
0 0.44921875 0.671875 0.0734375 0.11640625
0 0.51484375 0.9375 0.07890625 0.11875
0 0.521875 0.675 0.0734375 0.11640625
0 0.58828125 0.934375 0.07890625 0.11875
0 0.5953125 0.678125 0.0734375 0.11640625
0 0.66015625 0.68046875 0.0734375 0.11640625
0 0.6625 0.93125 0.07890625 0.13125
0 0.73046875 0.934375 0.07890625 0.13125
0 0.77265625 0.41875 0.071875 0.10703125
0 0.79921875 0.16953125 0.0703125 0.10234375
0 0.8046875 0.9328125 0.07890625 0.13125
0 0.84296875 0.421875 0.071875 0.10703125
0 0.86640625 0.16640625 0.0703125 0.10234375
0 0.87265625 0.93515625 0.07890625 0.1296875
0 0.8734375 0.665625 0.06640625 0.13671875
0 0.90625 0.4234375 0.071875 0.10703125
0 0.12890625 0.9375 0.07890625 0.11875
0 0.94609375 0.92109375 0.07890625 0.13125
0 0.94140625 0.17265625 0.0703125 0.10234375
0 0.94765625 0.66875 0.06640625 0.13671875
0 0.13203125 0.66953125 0.071875 0.11484375
0 0.05078125 0.93046875 0.07890625 0.13671875
0 0.2046875 0.9421875 0.07890625 0.11484375
0 0.05625 0.66640625 0.071875 0.11484375
0 0.2953125 0.93125 0.07890625 0.11875
0 0.37421875 0.934375 0.07890625 0.11875
0 0.378125 0.6625 0.071875 0.13828125
3 0.43359375 0.41171875 0.071875 0.10703125
3 0.46328125 0.1578125 0.0703125 0.10234375
3 0.55390625 0.16484375 0.0703125 0.10234375
3 0.56015625 0.415625 0.071875 0.10703125
3 0.61953125 0.16484375 0.0703125 0.10234375
3 0.63515625 0.41171875 0.071875 0.10703125
3 0.69765625 0.4171875 0.071875 0.10703125
3 0.7015625 0.17109375 0.0703125 0.10234375
3 0.134375 0.14453125 0.0703125 0.10234375
3 0.1421875 0.40234375 0.07734375 0.11640625
3 0.21328125 0.1515625 0.0703125 0.10234375
3 0.2171875 0.40703125 0.071875 0.10703125
3 0.06171875 0.14765625 0.075 0.0953125
3 0.06328125 0.40546875 0.07734375 0.11640625
3 0.2890625 0.40546875 0.071875 0.10703125
3 0.3109375 0.15 0.0703125 0.10234375
3 0.36015625 0.40859375 0.071875 0.10703125
3 0.38671875 0.159375 0.0703125 0.10234375
6 0.2109375 0.66953125 0.071875 0.11484375
6 0.29296875 0.67421875 0.071875 0.11484375
9 0.72890625 0.68046875 0.0734375 0.11640625
9 0.8046875 0.6765625 0.0734375 0.11640625