0 0.0734375 0.3484375 0.0828125 0.20078125
0 0.76640625 0.7890625 0.07578125 0.20078125
0 0.78828125 0.375 0.071875 0.1921875
0 0.83359375 0.7953125 0.07578125 0.20078125
0 0.8609375 0.37265625 0.071875 0.1921875
0 0.90390625 0.79765625 0.07578125 0.20078125
0 0.9359375 0.3859375 0.071875 0.1921875
0 0.14921875 0.35546875 0.0828125 0.20078125
3 0.37421875 0.796875 0.07578125 0.21171875
3 0.38984375 0.36640625 0.071875 0.20078125
3 0.44453125 0.803125 0.07578125 0.21171875
3 0.4640625 0.3640625 0.071875 0.20078125
3 0.084375 0.77890625 0.07578125 0.21171875
3 0.56015625 0.3703125 0.071875 0.20078125
3 0.565625 0.7953125 0.07578125 0.20078125
3 0.63203125 0.375 0.071875 0.1921875
3 0.63515625 0.79375 0.07578125 0.20078125
3 0.69765625 0.79375 0.07578125 0.20078125
3 0.70625 0.3703125 0.071875 0.1921875
3 0.15859375 0.7859375 0.07578125 0.21171875
3 0.22109375 0.359375 0.0828125 0.20078125
3 0.22734375 0.79921875 0.07578125 0.21171875
3 0.29765625 0.80078125 0.07578125 0.21171875
3 0.31015625 0.3640625 0.071875 0.20078125