0 0.275 0.33515625 0.081494140625 0.1919921875
0 0.309375 0.7734375 0.059423828125 0.18720703125
0 0.33359375 0.325 0.0607421875 0.174658203125
0 0.36484375 0.77109375 0.067529296875 0.1890625
0 0.38828125 0.31796875 0.0546875 0.179638671875
0 0.4234375 0.77109375 0.071728515625 0.1890625
0 0.4484375 0.315625 0.06875 0.18134765625
0 0.4796875 0.7671875 0.065673828125 0.18740234375
0 0.50703125 0.30703125 0.054443359375 0.179833984375
0 0.53359375 0.7703125 0.058154296875 0.19091796875
0 0.56796875 0.309375 0.067333984375 0.181298828125
0 0.59140625 0.77421875 0.05458984375 0.1921875
0 0.6265625 0.31328125 0.059619140625 0.182568359375
0 0.653125 0.77421875 0.065673828125 0.1951171875
0 0.7109375 0.77265625 0.062548828125 0.19375
0 0.76953125 0.7765625 0.061279296875 0.19345703125
0 0.80859375 0.33515625 0.0611328125 0.17978515625
0 0.825 0.7765625 0.06845703125 0.19375
0 0.8640625 0.33671875 0.072021484375 0.180029296875
0 0.884375 0.77421875 0.06220703125 0.19375
0 0.14375 0.75625 0.0595703125 0.1875
0 0.159375 0.35234375 0.087890625 0.20126953125
0 0.20078125 0.76875 0.0578125 0.18759765625
0 0.21796875 0.33671875 0.067138671875 0.1888671875
0 0.25625 0.7671875 0.062548828125 0.18720703125
4 0.68515625 0.31796875 0.061083984375 0.180029296875
4 0.7453125 0.321875 0.0623046875 0.17841796875