0 0.0359375 0.2546875 0.071875 0.203125
0 0.05390625 0.5453125 0.06171875 0.17890625
0 0.27734375 0.24453125 0.065625 0.19609375
0 0.2859375 0.5453125 0.05078125 0.19296875
0 0.29140625 0.83828125 0.05703125 0.15625
0 0.34375 0.2421875 0.065625 0.19609375
0 0.3484375 0.84140625 0.05703125 0.15625
0 0.35 0.53828125 0.059375 0.19296875
0 0.065625 0.81015625 0.06640625 0.17734375
0 0.4078125 0.240625 0.065625 0.19609375
0 0.40703125 0.83984375 0.05703125 0.15625
0 0.43046875 0.54140625 0.059375 0.19296875
0 0.47109375 0.8421875 0.05703125 0.16875
0 0.47421875 0.2421875 0.06328125 0.19609375
0 0.4953125 0.53984375 0.04453125 0.19296875
0 0.53046875 0.85078125 0.05703125 0.16875
0 0.5390625 0.23828125 0.06328125 0.2015625
0 0.55234375 0.54296875 0.04921875 0.2
0 0.59296875 0.85234375 0.05703125 0.16484375
0 0.6140625 0.23125 0.05625 0.2015625
0 0.61875 0.53828125 0.04921875 0.2
0 0.665625 0.83671875 0.05703125 0.1859375
0 0.67578125 0.2296875 0.0703125 0.215625
0 0.6734375 0.54296875 0.053125 0.2
0 0.09453125 0.25234375 0.05859375 0.1875
0 0.73203125 0.83984375 0.0640625 0.19140625
0 0.73828125 0.22421875 0.059375 0.21875
0 0.74609375 0.54296875 0.053125 0.2
0 0.10703125 0.5453125 0.06171875 0.17890625
0 0.80625 0.8421875 0.0640625 0.19609375
0 0.80625 0.5421875 0.053125 0.20546875
0 0.825 0.22578125 0.059375 0.22578125
0 0.11640625 0.83359375 0.06640625 0.16875
0 0.87265625 0.84921875 0.0640625 0.19609375
0 0.8890625 0.221875 0.06796875 0.23125
0 0.8828125 0.5390625 0.053125 0.20546875
0 0.15390625 0.2484375 0.06640625 0.19453125
0 0.16953125 0.54296875 0.06171875 0.17890625
0 0.17890625 0.8234375 0.05703125 0.1515625
0 0.2171875 0.2484375 0.0640625 0.19453125
0 0.22734375 0.54140625 0.06171875 0.17890625
0 0.23515625 0.8359375 0.05703125 0.15625