0 0.3109375 0.3484375 0.083984375 0.215576171875
0 0.3734375 0.3359375 0.06875 0.212451171875
0 0.44609375 0.3421875 0.0703125 0.21533203125
0 0.50625 0.71484375 0.068798828125 0.203125
0 0.509375 0.3375 0.0841796875 0.21572265625
0 0.578125 0.72265625 0.081103515625 0.2048828125
0 0.584375 0.31328125 0.1064453125 0.27001953125
0 0.63828125 0.71875 0.073583984375 0.20302734375
0 0.69921875 0.72109375 0.085693359375 0.2048828125
0 0.70625 0.32265625 0.062158203125 0.251513671875
0 0.76015625 0.71875 0.082958984375 0.20341796875
0 0.76640625 0.3203125 0.0763671875 0.252978515625
0 0.83125 0.334375 0.0779296875 0.21572265625
0 0.890625 0.69296875 0.08408203125 0.2375
0 0.896875 0.31484375 0.081298828125 0.254541015625
0 0.121875 0.33046875 0.084326171875 0.265625
0 0.184375 0.34921875 0.075 0.2107421875
0 0.25 0.3484375 0.078369140625 0.20625
0 0.06015625 0.33125 0.085693359375 0.268505859375
8 0.2640625 0.728125 0.075048828125 0.19697265625
8 0.32421875 0.7296875 0.070654296875 0.19970703125
8 0.07109375 0.71484375 0.088720703125 0.2451171875
8 0.3890625 0.72578125 0.062548828125 0.1953125
8 0.4453125 0.7234375 0.071923828125 0.19970703125
8 0.64296875 0.3171875 0.0953125 0.268896484375
8 0.821875 0.7 0.072216796875 0.234375
8 0.1359375 0.715625 0.0998046875 0.24091796875
8 0.1984375 0.70546875 0.0908203125 0.254931640625