0 0.44296875 0.9359375 0.089404296875 0.125
0 0.44921875 0.671875 0.084375 0.12197265625
0 0.51484375 0.9375 0.07998046875 0.1189453125
0 0.521875 0.675 0.075390625 0.11845703125
0 0.58828125 0.934375 0.080029296875 0.1189453125
0 0.5953125 0.678125 0.07470703125 0.115869140625
0 0.66015625 0.68046875 0.0796875 0.120458984375
0 0.6625 0.93125 0.087744140625 0.1373046875
0 0.7296875 0.9328125 0.0875 0.134375
0 0.77265625 0.41875 0.071875 0.106298828125
0 0.79921875 0.16953125 0.0732421875 0.104345703125
0 0.8046875 0.9328125 0.084228515625 0.134375
0 0.84296875 0.421875 0.08125 0.112353515625
0 0.86640625 0.16640625 0.0736328125 0.104541015625
0 0.871875 0.934375 0.084375 0.13125
0 0.8734375 0.665625 0.071533203125 0.137841796875
0 0.90625 0.4234375 0.0841796875 0.112744140625
0 0.12890625 0.9375 0.082568359375 0.119140625
0 0.94609375 0.92109375 0.08271484375 0.1328125
0 0.94140625 0.17265625 0.0794921875 0.107666015625
0 0.94765625 0.66875 0.07333984375 0.14052734375
0 0.13203125 0.66953125 0.0765625 0.117041015625
0 0.05 0.92890625 0.09375 0.1421875
0 0.20390625 0.940625 0.0859375 0.11875
0 0.05625 0.66640625 0.0748046875 0.116845703125
0 0.2953125 0.93125 0.09033203125 0.125
0 0.37421875 0.934375 0.089404296875 0.125
0 0.378125 0.6625 0.0845703125 0.143603515625
3 0.43359375 0.41171875 0.0765625 0.11083984375
3 0.46328125 0.1578125 0.0798828125 0.10927734375
3 0.55390625 0.16484375 0.075 0.104736328125
3 0.56015625 0.415625 0.075 0.10927734375
3 0.61953125 0.16484375 0.08125 0.10791015625
3 0.63515625 0.41171875 0.084375 0.114208984375
3 0.69765625 0.4171875 0.0826171875 0.112548828125
3 0.7015625 0.17109375 0.08115234375 0.107861328125
3 0.134375 0.14453125 0.07509765625 0.104931640625
3 0.1421875 0.40234375 0.07822265625 0.11708984375
3 0.21328125 0.1515625 0.071875 0.103271484375
3 0.2171875 0.40703125 0.0748046875 0.108154296875
3 0.06171875 0.14765625 0.0796875 0.0984375
3 0.06328125 0.40546875 0.079345703125 0.117333984375
3 0.2890625 0.40546875 0.084375 0.114208984375
3 0.3109375 0.15 0.0779296875 0.10634765625
3 0.36015625 0.40859375 0.0732421875 0.107763671875
3 0.38671875 0.159375 0.0763671875 0.106201171875
6 0.2109375 0.66953125 0.0783203125 0.117431640625
6 0.29296875 0.67421875 0.0736328125 0.116845703125
9 0.72890625 0.68046875 0.0826171875 0.120654296875
9 0.8046875 0.6765625 0.07822265625 0.118994140625