0 0.40234375 0.4421875 0.0732421875 0.121875
0 0.409375 0.91875 0.069140625 0.14072265625
0 0.478125 0.9375 0.08115234375 0.121826171875
0 0.53984375 0.9421875 0.0734375 0.115625
0 0.57421875 0.68671875 0.0765625 0.145556640625
0 0.6390625 0.68984375 0.08115234375 0.148291015625
0 0.72265625 0.44609375 0.0794921875 0.1236328125
0 0.73125 0.696875 0.0814453125 0.1314453125
0 0.7515625 0.17890625 0.06845703125 0.1201171875
0 0.7984375 0.92890625 0.06845703125 0.114306640625
0 0.8 0.44375 0.0779296875 0.124609375
0 0.80703125 0.703125 0.0705078125 0.1279296875
0 0.82421875 0.18125 0.075 0.1220703125
0 0.8578125 0.92890625 0.07158203125 0.117041015625
0 0.859375 0.44921875 0.06875 0.11875
0 0.86640625 0.7 0.075 0.12841796875
0 0.1171875 0.68125 0.06572265625 0.11875
0 0.8984375 0.1859375 0.077734375 0.122265625
0 0.13359375 0.42578125 0.08125 0.125
0 0.04453125 0.68125 0.08125 0.125
0 0.19765625 0.68125 0.0765625 0.124609375
0 0.05 0.9265625 0.07177734375 0.12841796875
0 0.2 0.93359375 0.08134765625 0.1326171875
0 0.20546875 0.42578125 0.0671875 0.11875
0 0.0515625 0.15859375 0.06904296875 0.128125
0 0.26328125 0.9171875 0.0798828125 0.144091796875
0 0.2703125 0.42734375 0.07158203125 0.1205078125
0 0.27578125 0.68046875 0.0703125 0.144970703125
0 0.059375 0.42421875 0.075390625 0.1232421875
0 0.33359375 0.4328125 0.078125 0.1248046875
0 0.33515625 0.925 0.0671875 0.14052734375
0 0.3390625 0.68203125 0.07509765625 0.145361328125
3 0.42734375 0.1671875 0.078125 0.13154296875
3 0.52265625 0.4375 0.06875 0.1189453125
3 0.52421875 0.1734375 0.0765625 0.13134765625
3 0.59453125 0.17578125 0.075 0.1232421875
3 0.59453125 0.440625 0.078125 0.1248046875
3 0.65703125 0.4421875 0.071875 0.1216796875
3 0.66875 0.17421875 0.08134765625 0.125
3 0.128125 0.16328125 0.075 0.1296875
3 0.1984375 0.16328125 0.07197265625 0.1294921875
3 0.27578125 0.16875 0.0794921875 0.13115234375
3 0.35390625 0.1671875 0.08125 0.133984375
6 0.12421875 0.9265625 0.0765625 0.13134765625
9 0.60390625 0.9390625 0.071875 0.11845703125
9 0.6703125 0.9375 0.06572265625 0.115576171875
9 0.73359375 0.9359375 0.0798828125 0.121826171875