0 0.328125 0.8921875 0.06953125 0.15
0 0.4015625 0.890625 0.06953125 0.15
0 0.4046875 0.546875 0.0671875 0.17890625
0 0.47265625 0.8921875 0.065625 0.15
0 0.47734375 0.56015625 0.0671875 0.14609375
0 0.0828125 0.8859375 0.06953125 0.17578125
0 0.53984375 0.88984375 0.06484375 0.14453125
0 0.54453125 0.55859375 0.0671875 0.14609375
0 0.584375 0.23125 0.0640625 0.13984375
0 0.09140625 0.55625 0.06953125 0.1546875
0 0.61015625 0.88828125 0.06484375 0.14453125
0 0.6140625 0.56328125 0.0671875 0.14609375
0 0.653125 0.234375 0.0640625 0.13984375
0 0.6796875 0.88046875 0.06484375 0.16953125
0 0.68203125 0.56015625 0.0671875 0.14609375
0 0.71875 0.2390625 0.0640625 0.13984375
0 0.7453125 0.87578125 0.06484375 0.16953125
0 0.78671875 0.2390625 0.0640625 0.13984375
0 0.8140625 0.87890625 0.06171875 0.14609375
0 0.853125 0.2390625 0.0640625 0.13984375
0 0.88046875 0.54375 0.06484375 0.1625
0 0.88125 0.88046875 0.06171875 0.14609375
0 0.91875 0.2390625 0.0640625 0.13984375
0 0.94921875 0.55 0.06484375 0.16953125
0 0.94921875 0.86796875 0.0640625 0.17578125
0 0.16328125 0.8953125 0.06953125 0.15
0 0.165625 0.5578125 0.06953125 0.1546875
0 0.24140625 0.890625 0.06953125 0.15
3 0.31796875 0.21796875 0.06796875 0.13984375
3 0.3890625 0.22109375 0.06796875 0.13984375
3 0.46015625 0.22265625 0.06796875 0.13984375
3 0.0890625 0.21328125 0.06796875 0.13984375
3 0.17109375 0.21953125 0.06796875 0.13984375
3 0.24140625 0.22265625 0.06796875 0.13984375
6 0.3203125 0.5578125 0.06953125 0.1546875
6 0.24140625 0.55625 0.06953125 0.1546875
9 0.74921875 0.56328125 0.0671875 0.14609375
9 0.815625 0.56015625 0.06484375 0.13671875