0 0.3609375 0.9859375 0.05302734375 0.028125
0 0.3625 0.81171875 0.06259765625 0.0984375
0 0.4140625 0.9828125 0.053125 0.034375
0 0.41640625 0.80859375 0.05439453125 0.0951171875
0 0.45625 0.11953125 0.065966796875 0.111279296875
0 0.471875 0.99140625 0.053125 0.0171875
0 0.51640625 0.115625 0.06435546875 0.10966796875
0 0.525 0.5890625 0.05908203125 0.10634765625
0 0.52578125 0.98984375 0.0546875 0.0203125
0 0.08046875 0.596875 0.063720703125 0.109326171875
0 0.08046875 0.378125 0.064306640625 0.106591796875
0 0.57421875 0.11328125 0.067431640625 0.116845703125
0 0.58359375 0.5765625 0.073291015625 0.137255859375
0 0.57734375 0.978125 0.0546875 0.04375
0 0.58125 0.35703125 0.056396484375 0.104736328125
0 0.58125 0.8 0.059521484375 0.118798828125
0 0.63359375 0.98125 0.0546875 0.0375
0 0.63671875 0.11171875 0.060791015625 0.113916015625
0 0.64375 0.5765625 0.08427734375 0.14052734375
0 0.6375 0.35546875 0.05947265625 0.10751953125
0 0.64140625 0.8 0.057861328125 0.118603515625
0 0.696875 0.10859375 0.056201171875 0.110986328125
0 0.69609375 0.98125 0.0546875 0.0375
0 0.69765625 0.3484375 0.06689453125 0.10966796875
0 0.70546875 0.575 0.079736328125 0.140380859375
0 0.69765625 0.7984375 0.060791015625 0.118798828125
0 0.103125 0.80859375 0.05908203125 0.0955078125
0 0.10234375 0.9828125 0.0546875 0.034375
0 0.11875 0.140625 0.062646484375 0.109423828125
0 0.12890625 0.375 0.05771484375 0.10322265625
0 0.153125 0.80703125 0.062646484375 0.0984375
0 0.153125 0.98359375 0.053125 0.0328125
0 0.17421875 0.14375 0.060595703125 0.109228515625
0 0.18515625 0.375 0.06689453125 0.10654296875
0 0.190625 0.5984375 0.065380859375 0.109521484375
0 0.20703125 0.81015625 0.054345703125 0.0951171875
0 0.20625 0.98046875 0.053125 0.0390625
0 0.246875 0.596875 0.059130859375 0.106396484375
0 0.2578125 0.81171875 0.056396484375 0.0953125
0 0.25859375 0.98359375 0.0546875 0.0328125
0 0.05859375 0.146875 0.066845703125 0.109228515625
0 0.309375 0.81484375 0.056005859375 0.0951171875
0 0.31015625 0.9875 0.0546875 0.025
3 0.340625 0.13203125 0.065966796875 0.111279296875
3 0.353125 0.36484375 0.062255859375 0.104541015625
3 0.4 0.12421875 0.05634765625 0.10771484375
3 0.40859375 0.36328125 0.064306640625 0.108056640625
3 0.4671875 0.36328125 0.05947265625 0.10751953125
3 0.525 0.36015625 0.05615234375 0.10478515625
3 0.228125 0.134375 0.062841796875 0.109423828125
3 0.240625 0.3703125 0.065771484375 0.106591796875
3 0.28203125 0.134375 0.060595703125 0.109228515625
3 0.29609375 0.371875 0.057666015625 0.103271484375
6 0.13515625 0.6 0.054931640625 0.106201171875
9 0.35078125 0.5953125 0.057666015625 0.106396484375
9 0.403125 0.59375 0.05947265625 0.10654296875
9 0.46484375 0.59375 0.057861328125 0.106591796875
9 0.29921875 0.6 0.063720703125 0.109326171875
10 0.4703125 0.80703125 0.05927734375 0.096875
10 0.525 0.80703125 0.062646484375 0.0984375