0 0.78359375 0.765625 0.101416015625 0.21845703125
0 0.80390625 0.31953125 0.0919921875 0.1892578125
0 0.84765625 0.77265625 0.089306640625 0.2140625
0 0.87578125 0.321875 0.0857421875 0.1876953125
0 0.92421875 0.759375 0.086181640625 0.21533203125
0 0.9359375 0.31796875 0.0904296875 0.1890625
3 0.065625 0.76953125 0.09716796875 0.215625
3 0.3015625 0.77265625 0.084716796875 0.2125
3 0.328125 0.30625 0.0841796875 0.1876953125
3 0.37578125 0.775 0.10146484375 0.218359375
3 0.4 0.315625 0.0904296875 0.187890625
3 0.0734375 0.30625 0.078125 0.187109375
3 0.446875 0.765625 0.08720703125 0.2126953125
3 0.46875 0.3125 0.081640625 0.1875
3 0.5640625 0.31953125 0.075 0.1857421875
3 0.571875 0.77265625 0.103271484375 0.2171875
3 0.63125 0.3234375 0.081640625 0.1875
3 0.64765625 0.7671875 0.09853515625 0.215625
3 0.71171875 0.775 0.09873046875 0.218359375
3 0.71796875 0.31953125 0.0919921875 0.1892578125
3 0.14609375 0.29921875 0.071875 0.184375
3 0.153125 0.77109375 0.097216796875 0.215625
3 0.2234375 0.77265625 0.097216796875 0.215625
3 0.22421875 0.30625 0.0923828125 0.1904296875