0 0.37890625 0.50078125 0.071875 0.14609375
0 0.37890625 0.140625 0.071875 0.1828125
0 0.45 0.50078125 0.06796875 0.14609375
0 0.45234375 0.15703125 0.071875 0.14609375
0 0.52265625 0.49921875 0.06796875 0.14609375
0 0.52421875 0.16015625 0.071875 0.14609375
0 0.53359375 0.815625 0.0640625 0.1609375
0 0.59375 0.49921875 0.06796875 0.14609375
0 0.596875 0.15859375 0.071875 0.14609375
0 0.603125 0.8125 0.0640625 0.16484375
0 0.6671875 0.16171875 0.071875 0.14609375
0 0.6640625 0.4859375 0.065625 0.17265625
0 0.67109375 0.81171875 0.0640625 0.16953125
0 0.7359375 0.484375 0.065625 0.17265625
0 0.7390625 0.815625 0.0640625 0.13828125
0 0.8078125 0.16328125 0.071875 0.14609375
0 0.8046875 0.815625 0.0640625 0.13828125
0 0.80546875 0.49921875 0.0578125 0.153125
0 0.87109375 0.49453125 0.059375 0.14609375
0 0.87734375 0.146875 0.071875 0.17578125
0 0.87421875 0.8140625 0.0640625 0.13828125
0 0.12421875 0.1515625 0.07578125 0.14765625
0 0.9390625 0.8078125 0.0640625 0.13828125
0 0.94453125 0.4734375 0.065625 0.16796875
0 0.9484375 0.146875 0.071875 0.16953125
0 0.046875 0.15 0.07578125 0.14765625
0 0.1328125 0.50390625 0.071875 0.14609375
0 0.1359375 0.8265625 0.06796875 0.1828125
0 0.0515625 0.490625 0.07578125 0.17265625
0 0.2109375 0.50703125 0.071875 0.14609375
0 0.209375 0.828125 0.06796875 0.1828125
0 0.28203125 0.821875 0.06796875 0.1828125
0 0.06015625 0.834375 0.06796875 0.1828125
0 0.3046875 0.49765625 0.071875 0.14609375
6 0.2078125 0.15625 0.07578125 0.14765625
6 0.2890625 0.1546875 0.07578125 0.14765625
9 0.7375 0.16015625 0.071875 0.14609375
10 0.35546875 0.83515625 0.06953125 0.1578125
10 0.46015625 0.83046875 0.0640625 0.14765625