0 0.31484375 0.2953125 0.090625 0.19404296875
0 0.3328125 0.61796875 0.08134765625 0.258056640625
0 0.38828125 0.296875 0.0984375 0.1998046875
0 0.409375 0.62109375 0.07841796875 0.258056640625
0 0.46171875 0.3 0.0796875 0.1935546875
0 0.4875 0.62421875 0.07841796875 0.261181640625
0 0.0890625 0.28515625 0.103515625 0.1984375
0 0.534375 0.303125 0.072216796875 0.19365234375
0 0.58125 0.62734375 0.134521484375 0.269970703125
0 0.609375 0.30703125 0.093701171875 0.1982421875
0 0.10859375 0.61875 0.1267578125 0.26904296875
0 0.66484375 0.67578125 0.071875 0.1515625
0 0.68203125 0.309375 0.0859375 0.202978515625
0 0.740625 0.66640625 0.078125 0.1921875
0 0.759375 0.290625 0.0935546875 0.23154296875
0 0.81328125 0.690625 0.0984375 0.1939453125
0 0.83125 0.29140625 0.087451171875 0.24375
0 0.88203125 0.684375 0.095263671875 0.203173828125
0 0.91015625 0.2921875 0.1140625 0.240478515625
0 0.165625 0.29375 0.103125 0.19990234375
0 0.184375 0.61015625 0.097021484375 0.264208984375
0 0.240625 0.2953125 0.084033203125 0.19345703125
0 0.2578125 0.6421875 0.090380859375 0.2251953125