0 0.328125 0.8921875 0.074658203125 0.152734375
0 0.4015625 0.890625 0.068994140625 0.15
0 0.4046875 0.546875 0.07841796875 0.181494140625
0 0.47265625 0.8921875 0.071875 0.1529296875
0 0.47734375 0.56015625 0.0701171875 0.145556640625
0 0.0828125 0.8859375 0.071728515625 0.175244140625
0 0.53984375 0.88984375 0.08251953125 0.15126953125
0 0.54453125 0.55859375 0.0732421875 0.148291015625
0 0.584375 0.23125 0.07529296875 0.144091796875
0 0.09140625 0.55625 0.073583984375 0.15654296875
0 0.61015625 0.88828125 0.064306640625 0.145263671875
0 0.6140625 0.56328125 0.07802734375 0.148681640625
0 0.653125 0.234375 0.06259765625 0.140576171875
0 0.6796875 0.88046875 0.084716796875 0.176318359375
0 0.68203125 0.56015625 0.0701171875 0.14560546875
0 0.71875 0.2390625 0.07158203125 0.143701171875
0 0.7453125 0.87578125 0.068505859375 0.170458984375
0 0.78671875 0.2390625 0.071875 0.14365234375
0 0.8140625 0.87890625 0.07509765625 0.14873046875
0 0.853125 0.2390625 0.07509765625 0.143896484375
0 0.88046875 0.54375 0.07021484375 0.162890625
0 0.88125 0.88046875 0.06259765625 0.14541015625
0 0.91875 0.2390625 0.0658203125 0.14072265625
0 0.94921875 0.55 0.079345703125 0.172119140625
0 0.94921875 0.86796875 0.0642578125 0.176513671875
0 0.16328125 0.8953125 0.070458984375 0.15
0 0.165625 0.5578125 0.08134765625 0.1591796875
0 0.24140625 0.890625 0.08876953125 0.15625
3 0.31796875 0.21796875 0.079736328125 0.144970703125
3 0.3890625 0.22109375 0.075341796875 0.142236328125
3 0.46015625 0.22265625 0.079736328125 0.144970703125
3 0.0890625 0.21328125 0.081396484375 0.145166015625
3 0.17109375 0.21953125 0.07626953125 0.14228515625
3 0.24140625 0.22265625 0.067236328125 0.139111328125
6 0.3203125 0.5578125 0.087353515625 0.15947265625
6 0.24140625 0.55625 0.082568359375 0.15947265625
9 0.74921875 0.56328125 0.0830078125 0.15146484375
9 0.815625 0.56015625 0.07470703125 0.13916015625