0 0.275 0.22265625 0.05546875 0.15
0 0.28515625 0.8390625 0.05703125 0.14453125
0 0.284375 0.5296875 0.0546875 0.14453125
0 0.3390625 0.8375 0.05703125 0.14453125
0 0.6140625 0.8453125 0.0546875 0.14453125
0 0.625 0.21796875 0.05546875 0.15
0 0.678125 0.8265625 0.07421875 0.16640625
0 0.68125 0.54296875 0.0546875 0.14453125
0 0.684375 0.21953125 0.05546875 0.15
0 0.7390625 0.8234375 0.07421875 0.16640625
0 0.73828125 0.54296875 0.0546875 0.14453125
0 0.74453125 0.22109375 0.05546875 0.15
0 0.79609375 0.8296875 0.07421875 0.16640625
0 0.79921875 0.54453125 0.0546875 0.14453125
0 0.8046875 0.21953125 0.05546875 0.15
0 0.15859375 0.21875 0.06484375 0.1546875
0 0.1703125 0.83359375 0.05703125 0.13828125
0 0.171875 0.528125 0.0546875 0.14453125
0 0.21875 0.21875 0.0609375 0.1546875
0 0.22734375 0.53125 0.0546875 0.14453125
3 0.3296875 0.21796875 0.05546875 0.15
3 0.34140625 0.5359375 0.0546875 0.14453125
3 0.38515625 0.21640625 0.05546875 0.15
3 0.39375 0.53984375 0.0546875 0.14453125
3 0.44453125 0.21640625 0.05546875 0.15
3 0.45078125 0.5375 0.0546875 0.14453125
3 0.5015625 0.21640625 0.05546875 0.15
3 0.509375 0.53984375 0.0546875 0.14453125
3 0.5640625 0.21796875 0.05546875 0.15
3 0.56640625 0.54453125 0.0546875 0.14453125
3 0.6265625 0.54453125 0.0546875 0.14453125
6 0.23125 0.8375 0.05703125 0.14453125
9 0.3921875 0.8375 0.0546875 0.14453125
9 0.44375 0.846875 0.0546875 0.14453125
9 0.49453125 0.8390625 0.0546875 0.14453125
9 0.5609375 0.8421875 0.0546875 0.14453125