0 0.290625 0.26953125 0.05625 0.1546875
0 0.34765625 0.2703125 0.05859375 0.159375
0 0.35625 0.83203125 0.04921875 0.14140625
0 0.4046875 0.26875 0.0609375 0.17890625
0 0.4671875 0.26796875 0.0546875 0.1609375
0 0.52109375 0.54765625 0.0546875 0.13828125
0 0.52421875 0.27109375 0.0546875 0.1609375
0 0.58125 0.54765625 0.05625 0.14140625
0 0.590625 0.24921875 0.06796875 0.19609375
0 0.62578125 0.8328125 0.04921875 0.13984375
0 0.6375 0.54921875 0.05625 0.14140625
0 0.69140625 0.55234375 0.05625 0.14140625
0 0.6875 0.83671875 0.04921875 0.13984375
0 0.69921875 0.26015625 0.0546875 0.1875
0 0.7484375 0.55390625 0.05625 0.14140625
0 0.75625 0.26015625 0.0546875 0.1875
0 0.8171875 0.26640625 0.0546875 0.1578125
0 0.86875 0.53515625 0.07109375 0.17890625
0 0.8765625 0.25625 0.0546875 0.18125
0 0.12109375 0.25703125 0.059375 0.1828125
0 0.140625 0.8125 0.06015625 0.1578125
0 0.17890625 0.25625 0.059375 0.184375
0 0.19453125 0.83046875 0.05859375 0.13515625
0 0.23359375 0.2703125 0.059375 0.159375
0 0.2484375 0.8296875 0.0546875 0.14609375
7 0.3015625 0.8328125 0.05625 0.159375
7 0.40625 0.81328125 0.0453125 0.15
7 0.465625 0.81875 0.0453125 0.1609375
7 0.51640625 0.82421875 0.05390625 0.1609375
7 0.57265625 0.8328125 0.04921875 0.13984375
7 0.740625 0.834375 0.053125 0.13984375
7 0.7921875 0.84453125 0.05625 0.13984375
7 0.8484375 0.84453125 0.05625 0.13984375
8 0.30078125 0.54453125 0.0546875 0.13828125
8 0.35390625 0.54765625 0.0546875 0.13828125
8 0.41171875 0.54609375 0.0546875 0.13828125
8 0.46328125 0.54765625 0.0546875 0.13828125
8 0.64140625 0.25703125 0.06796875 0.19609375
8 0.80859375 0.53984375 0.05625 0.17109375
8 0.13046875 0.53125 0.06484375 0.17109375
8 0.18515625 0.5328125 0.06484375 0.17421875
8 0.24140625 0.53046875 0.06171875 0.17890625