0 0.2640625 0.38046875 0.0626953125 0.236083984375
0 0.3140625 0.78125 0.07841796875 0.218798828125
0 0.31953125 0.38046875 0.0736328125 0.223291015625
0 0.37421875 0.7828125 0.0826171875 0.23125
0 0.38046875 0.378125 0.0861328125 0.224951171875
0 0.4359375 0.78515625 0.08115234375 0.23125
0 0.43984375 0.3828125 0.078125 0.224951171875
0 0.49375 0.7875 0.0685546875 0.230859375
0 0.5 0.3828125 0.080859375 0.22490234375
0 0.56328125 0.75390625 0.08125 0.265625
0 0.5609375 0.3828125 0.08125 0.224951171875
0 0.08671875 0.3703125 0.064013671875 0.2375
0 0.61796875 0.3828125 0.0857421875 0.224951171875
0 0.09140625 0.7609375 0.0673828125 0.2720703125
0 0.66796875 0.765625 0.060595703125 0.243798828125
0 0.68359375 0.38515625 0.0642578125 0.22060546875
0 0.7234375 0.775 0.087451171875 0.246923828125
0 0.74140625 0.38046875 0.084375 0.223681640625
0 0.78125 0.78125 0.0779296875 0.21552734375
0 0.79921875 0.3875 0.0703125 0.224755859375
0 0.840625 0.77109375 0.062109375 0.2423828125
0 0.85859375 0.38515625 0.07001953125 0.22666015625
0 0.1484375 0.3734375 0.0654296875 0.23466796875
0 0.15 0.75859375 0.07509765625 0.2736328125
0 0.20078125 0.78359375 0.075 0.220263671875
0 0.20625 0.37578125 0.0626953125 0.23603515625
0 0.2609375 0.78125 0.07841796875 0.218798828125
8 0.6125 0.76328125 0.07783203125 0.2642578125