0 0.07890625 0.71171875 0.07109375 0.09375
0 0.50546875 0.89765625 0.07109375 0.10234375
0 0.51171875 0.715625 0.06953125 0.0984375
0 0.0859375 0.3078125 0.07109375 0.0953125
0 0.57421875 0.7140625 0.06953125 0.0984375
0 0.57265625 0.89609375 0.0640625 0.0890625
0 0.6078125 0.5109375 0.07109375 0.10703125
0 0.63515625 0.89296875 0.0640625 0.0890625
0 0.68046875 0.509375 0.07109375 0.10703125
0 0.69453125 0.88828125 0.065625 0.0984375
0 0.7546875 0.31875 0.07109375 0.0953125
0 0.75390625 0.89140625 0.065625 0.0984375
0 0.76640625 0.51875 0.07109375 0.09375
0 0.78203125 0.10390625 0.07109375 0.0953125
0 0.82109375 0.89765625 0.065625 0.08203125
0 0.8234375 0.32265625 0.07109375 0.0953125
0 0.83125 0.70625 0.06953125 0.11015625
0 0.8390625 0.5203125 0.07109375 0.09375
0 0.86484375 0.11015625 0.07109375 0.0953125
0 0.88359375 0.89609375 0.065625 0.08203125
0 0.89765625 0.31875 0.07109375 0.0953125
0 0.89921875 0.7078125 0.06953125 0.11015625
0 0.90859375 0.5203125 0.07109375 0.09375
0 0.9359375 0.11015625 0.07109375 0.0953125
0 0.14296875 0.51171875 0.07109375 0.0953125
0 0.15234375 0.89296875 0.07265625 0.10546875
0 0.16015625 0.30234375 0.07109375 0.0953125
0 0.2265625 0.88515625 0.07265625 0.10546875
0 0.22734375 0.71171875 0.07109375 0.09375
0 0.22734375 0.3078125 0.07109375 0.0953125
0 0.22890625 0.51796875 0.07109375 0.0953125
0 0.290625 0.9046875 0.0625 0.10546875
0 0.3 0.30625 0.07109375 0.0953125
0 0.30546875 0.503125 0.07109375 0.0953125
0 0.30859375 0.090625 0.07109375 0.0953125
0 0.3015625 0.69921875 0.05703125 0.10546875
0 0.365625 0.309375 0.07109375 0.0953125
0 0.07421875 0.08359375 0.0828125 0.0890625
0 0.36796875 0.70078125 0.06953125 0.10546875
0 0.37265625 0.9015625 0.07109375 0.10234375
0 0.37578125 0.50234375 0.07109375 0.10703125
0 0.0703125 0.50625 0.07109375 0.0953125
0 0.06953125 0.9 0.06953125 0.0890625
0 0.43671875 0.309375 0.07109375 0.0953125
0 0.44140625 0.88984375 0.07109375 0.10234375
0 0.44453125 0.70390625 0.06953125 0.10546875
3 0.55546875 0.0984375 0.07109375 0.0953125
3 0.559375 0.3171875 0.07109375 0.0953125
3 0.628125 0.10234375 0.07109375 0.0953125
3 0.63515625 0.3140625 0.07109375 0.0953125
3 0.70078125 0.10234375 0.07109375 0.0953125
3 0.70078125 0.31875 0.07109375 0.0953125
3 0.146875 0.0890625 0.0828125 0.0953125
3 0.225 0.08359375 0.0828125 0.0953125
3 0.384375 0.096875 0.07109375 0.0953125
3 0.45859375 0.0984375 0.07109375 0.0953125
6 0.153125 0.7078125 0.07109375 0.09375
9 0.64453125 0.7140625 0.06953125 0.0984375
9 0.7015625 0.7125 0.06953125 0.0984375
9 0.76953125 0.71015625 0.06953125 0.0984375