0 0.26796875 0.1234375 0.053125 0.137548828125
0 0.27421875 0.4078125 0.06875 0.140869140625
0 0.28671875 0.653125 0.05 0.106591796875
0 0.290625 0.87109375 0.04091796875 0.09375
0 0.32421875 0.4078125 0.0611328125 0.140478515625
0 0.3328125 0.653125 0.05322265625 0.109130859375
0 0.33359375 0.87578125 0.042333984375 0.09375
0 0.37734375 0.6515625 0.046875 0.106201171875
0 0.37890625 0.87578125 0.048779296875 0.0955078125
0 0.42265625 0.653125 0.0455078125 0.10615234375
0 0.421875 0.87265625 0.04384765625 0.0951171875
0 0.4671875 0.659375 0.05615234375 0.109326171875
0 0.465625 0.87421875 0.049658203125 0.0955078125
0 0.509375 0.88203125 0.043994140625 0.0953125
0 0.5515625 0.884375 0.04345703125 0.09375
0 0.56484375 0.41484375 0.0544921875 0.1296875
0 0.59609375 0.87109375 0.04541015625 0.11416015625
0 0.6078125 0.653125 0.04697265625 0.121875
0 0.62109375 0.39921875 0.0736328125 0.159375
0 0.62734375 0.13984375 0.05625 0.13916015625
0 0.63828125 0.87578125 0.045068359375 0.114208984375
0 0.6515625 0.64375 0.05302734375 0.13154296875
0 0.66953125 0.396875 0.078125 0.1595703125
0 0.6765625 0.13828125 0.0685546875 0.14228515625
0 0.684375 0.8734375 0.05 0.11875
0 0.69921875 0.64375 0.0544921875 0.13115234375
0 0.72109375 0.40390625 0.06708984375 0.1580078125
0 0.7265625 0.14140625 0.065625 0.142138671875
0 0.1625 0.1234375 0.0560546875 0.137744140625
0 0.17109375 0.4046875 0.060595703125 0.140283203125
0 0.19609375 0.64765625 0.05 0.10751953125
0 0.2015625 0.86953125 0.046728515625 0.0953125
0 0.2140625 0.1234375 0.065625 0.14072265625
0 0.2421875 0.64609375 0.04970703125 0.104931640625
0 0.24609375 0.86953125 0.045068359375 0.0951171875
3 0.32109375 0.125 0.05625 0.137744140625
3 0.371875 0.128125 0.0591796875 0.140283203125
3 0.4234375 0.1296875 0.059765625 0.140478515625
3 0.4734375 0.1296875 0.0591796875 0.140283203125
3 0.5265625 0.13515625 0.0595703125 0.141943359375
3 0.57890625 0.13671875 0.0640625 0.142138671875
6 0.225 0.4046875 0.06884765625 0.14091796875
9 0.371875 0.4078125 0.0529296875 0.137744140625
9 0.41875 0.4109375 0.055859375 0.140283203125
9 0.465625 0.4078125 0.065625 0.1314453125
9 0.5140625 0.41796875 0.0626953125 0.1326171875
10 0.5140625 0.6578125 0.05009765625 0.106591796875
10 0.56171875 0.6578125 0.0455078125 0.106201171875