0 0.2828125 0.17578125 0.08046875 0.20390625
0 0.30703125 0.55390625 0.06484375 0.16484375
0 0.3125 0.86796875 0.0640625 0.13671875
0 0.36953125 0.5578125 0.06015625 0.16484375
0 0.37578125 0.87421875 0.06015625 0.13671875
0 0.434375 0.87578125 0.06015625 0.13671875
0 0.4375 0.559375 0.06015625 0.16484375
0 0.4984375 0.87265625 0.06015625 0.13671875
0 0.50546875 0.5625 0.06328125 0.16484375
0 0.56171875 0.8953125 0.06015625 0.13671875
0 0.62265625 0.890625 0.06015625 0.13671875
0 0.653125 0.184375 0.0765625 0.20390625
0 0.68515625 0.86953125 0.06484375 0.1625
0 0.70859375 0.540625 0.07109375 0.17265625
0 0.73828125 0.15859375 0.109375 0.2453125
0 0.7484375 0.87734375 0.06640625 0.1625
0 0.1078125 0.55 0.07109375 0.15
0 0.7765625 0.5453125 0.078125 0.1828125
0 0.81171875 0.16328125 0.109375 0.2453125
0 0.81171875 0.87578125 0.07421875 0.1625
0 0.84921875 0.5515625 0.08515625 0.20234375
0 0.890625 0.16875 0.109375 0.2453125
0 0.12421875 0.86484375 0.071875 0.13125
0 0.17421875 0.5484375 0.07109375 0.15
0 0.0609375 0.17265625 0.09140625 0.20390625
0 0.1890625 0.86484375 0.06953125 0.13125
0 0.20859375 0.17890625 0.08515625 0.20390625
0 0.24140625 0.546875 0.07109375 0.15
0 0.2515625 0.86484375 0.0640625 0.13125
6 0.13671875 0.17734375 0.09140625 0.20390625
9 0.35703125 0.17890625 0.08046875 0.20390625
9 0.42734375 0.17890625 0.0765625 0.20390625
9 0.49765625 0.17890625 0.0765625 0.20390625
9 0.57734375 0.18125 0.0765625 0.20390625
10 0.57109375 0.5609375 0.06328125 0.16484375
10 0.64140625 0.5625 0.06328125 0.16484375