0 0.47421875 0.61171875 0.08046875 0.1546875
0 0.478125 0.90859375 0.08203125 0.11484375
0 0.4875 0.1203125 0.09296875 0.1796875
0 0.48203125 0.3890625 0.08203125 0.13828125
0 0.5578125 0.90859375 0.08046875 0.11484375
0 0.5578125 0.6234375 0.07734375 0.12734375
0 0.5734375 0.39296875 0.08203125 0.13828125
0 0.57890625 0.14296875 0.08046875 0.1453125
0 0.6453125 0.903125 0.07734375 0.11484375
0 0.646875 0.609375 0.07421875 0.14375
0 0.65859375 0.39140625 0.08203125 0.13828125
0 0.6703125 0.146875 0.08046875 0.1453125
0 0.10390625 0.60625 0.08203125 0.14765625
0 0.1078125 0.3734375 0.08046875 0.1453125
0 0.71796875 0.89921875 0.06953125 0.11484375
0 0.72890625 0.62109375 0.07734375 0.12734375
0 0.7453125 0.396875 0.08203125 0.13828125
0 0.759375 0.15546875 0.08046875 0.1453125
0 0.79375 0.89375 0.06953125 0.11484375
0 0.8125 0.62578125 0.07734375 0.12265625
0 0.84140625 0.1609375 0.08046875 0.1453125
0 0.1375 0.903125 0.08203125 0.1328125
0 0.18984375 0.11953125 0.096875 0.16015625
0 0.2015625 0.61796875 0.07890625 0.13515625
0 0.20703125 0.3640625 0.08828125 0.17109375
0 0.29140625 0.1265625 0.096875 0.153125
0 0.2921875 0.62109375 0.07890625 0.13125
0 0.303125 0.38046875 0.08828125 0.13515625
0 0.3828125 0.609375 0.08046875 0.1546875
0 0.3890625 0.11484375 0.09296875 0.1796875
0 0.38828125 0.37265625 0.07890625 0.1765625
0 0.08671875 0.1109375 0.096875 0.16015625
6 0.82734375 0.40234375 0.08203125 0.13828125
10 0.22421875 0.903125 0.08203125 0.1328125
10 0.3078125 0.91015625 0.08203125 0.11484375
10 0.39296875 0.9046875 0.08203125 0.11484375