0 0.40546875 0.24140625 0.1109375 0.1982421875
0 0.4109375 0.54765625 0.1220703125 0.221875
0 0.41171875 0.85078125 0.101318359375 0.208056640625
0 0.0890625 0.55546875 0.11904296875 0.1919921875
0 0.5109375 0.54921875 0.1220703125 0.221875
0 0.50703125 0.24375 0.1142578125 0.1998046875
0 0.51171875 0.8703125 0.104833984375 0.175146484375
0 0.61640625 0.56796875 0.1142578125 0.182568359375
0 0.61328125 0.875 0.107763671875 0.175341796875
0 0.10546875 0.86796875 0.1048828125 0.176904296875
0 0.70390625 0.86484375 0.101220703125 0.173681640625
0 0.71640625 0.56640625 0.1111328125 0.180029296875
0 0.72421875 0.246875 0.1125 0.187890625
0 0.79765625 0.86171875 0.095361328125 0.173095703125
0 0.8125 0.56796875 0.10634765625 0.179638671875
0 0.82265625 0.2515625 0.1044921875 0.1873046875
0 0.91015625 0.571875 0.1013671875 0.174853515625
0 0.92265625 0.25625 0.1017578125 0.187109375
0 0.196875 0.56171875 0.1060546875 0.1857421875
0 0.21015625 0.85234375 0.1111328125 0.20791015625
0 0.3140625 0.87734375 0.090478515625 0.1513671875
3 0.61484375 0.24375 0.096875 0.193359375
3 0.18046875 0.22890625 0.107470703125 0.1951171875
3 0.07265625 0.2296875 0.101220703125 0.197021484375
6 0.8953125 0.875 0.090576171875 0.15927734375
9 0.30234375 0.56640625 0.1138671875 0.1888671875