0 0.5109375 0.83046875 0.09453125 0.18203125
0 0.525 0.2359375 0.11015625 0.184375
0 0.5203125 0.5421875 0.09453125 0.19296875
0 0.6046875 0.8546875 0.09453125 0.16484375
0 0.63671875 0.24140625 0.11015625 0.184375
0 0.11796875 0.5390625 0.11015625 0.21015625
0 0.71640625 0.54765625 0.09453125 0.19296875
0 0.7375 0.2375 0.11015625 0.184375
0 0.73515625 0.8359375 0.09453125 0.16484375
0 0.8234375 0.5421875 0.09453125 0.19296875
0 0.84921875 0.225 0.11015625 0.21015625
0 0.14375 0.82890625 0.09453125 0.18203125
0 0.2015625 0.23359375 0.09609375 0.19296875
0 0.2140625 0.5359375 0.11015625 0.21015625
0 0.3046875 0.2171875 0.11640625 0.22578125
0 0.315625 0.540625 0.11015625 0.21015625
0 0.32109375 0.84296875 0.09453125 0.18203125
0 0.09140625 0.21953125 0.11171875 0.22734375
0 0.41484375 0.23125 0.11015625 0.184375
0 0.40859375 0.540625 0.09453125 0.19296875
0 0.42109375 0.84140625 0.09453125 0.18203125
10 0.84375 0.853125 0.09453125 0.16484375