0 0.35703125 0.74296875 0.065625 0.1888671875
0 0.54375 0.33125 0.07802734375 0.221923828125
0 0.61328125 0.32734375 0.075 0.223193359375
0 0.665625 0.728125 0.0623046875 0.18408203125
0 0.10390625 0.73984375 0.0982421875 0.21875
0 0.68046875 0.32578125 0.0798828125 0.223388671875
0 0.7359375 0.71796875 0.05908203125 0.182958984375
0 0.74140625 0.3234375 0.0701171875 0.21904296875
0 0.80859375 0.321875 0.065625 0.218798828125
0 0.87578125 0.30390625 0.075 0.2515625
0 0.94609375 0.2859375 0.1078125 0.265625
0 0.1671875 0.75625 0.08154296875 0.184423828125
0 0.23046875 0.75390625 0.079736328125 0.196875
7 0.29375 0.74921875 0.08740234375 0.20126953125
7 0.41171875 0.728125 0.069970703125 0.21552734375
7 0.48203125 0.72421875 0.070361328125 0.2326171875
7 0.53984375 0.72109375 0.064404296875 0.215625
7 0.60546875 0.7328125 0.0734375 0.193798828125
7 0.79765625 0.71796875 0.0609375 0.183154296875
7 0.85625 0.72578125 0.08115234375 0.186083984375
7 0.921875 0.71015625 0.078466796875 0.185693359375
8 0.2828125 0.34609375 0.08154296875 0.2138671875
8 0.34609375 0.3421875 0.08125 0.2126953125
8 0.41171875 0.3421875 0.0640625 0.209375
8 0.08203125 0.33515625 0.0921875 0.248779296875
8 0.4765625 0.33515625 0.07197265625 0.220654296875
8 0.14765625 0.33125 0.095068359375 0.25341796875
8 0.21328125 0.328125 0.1111328125 0.25927734375