0 0.275 0.22265625 0.07177734375 0.1544921875
0 0.28515625 0.8390625 0.061279296875 0.146533203125
0 0.284375 0.5296875 0.07216796875 0.149658203125
0 0.3390625 0.8375 0.062158203125 0.146533203125
0 0.6140625 0.8453125 0.06279296875 0.146923828125
0 0.625 0.21796875 0.065771484375 0.153125
0 0.678125 0.8265625 0.087646484375 0.171533203125
0 0.68125 0.54296875 0.062109375 0.14560546875
0 0.684375 0.21953125 0.062646484375 0.1517578125
0 0.7390625 0.8234375 0.084716796875 0.168994140625
0 0.73828125 0.54296875 0.0607421875 0.145654296875
0 0.74453125 0.22109375 0.064306640625 0.1517578125
0 0.79609375 0.8296875 0.073681640625 0.165673828125
0 0.79921875 0.54453125 0.0638671875 0.148193359375
0 0.8046875 0.21953125 0.071826171875 0.1544921875
0 0.15859375 0.21875 0.073681640625 0.15927734375
0 0.1703125 0.83359375 0.062744140625 0.141943359375
0 0.171875 0.528125 0.06220703125 0.146533203125
0 0.21875 0.21875 0.06591796875 0.15654296875
0 0.22734375 0.53125 0.0705078125 0.147119140625
3 0.3296875 0.21796875 0.05634765625 0.15
3 0.34140625 0.5359375 0.0548828125 0.143798828125
3 0.38515625 0.21640625 0.070166015625 0.1544921875
3 0.39375 0.53984375 0.0560546875 0.14521484375
3 0.44453125 0.21640625 0.057861328125 0.1513671875
3 0.45078125 0.5375 0.0705078125 0.147119140625
3 0.5015625 0.21640625 0.062451171875 0.1515625
3 0.509375 0.53984375 0.05634765625 0.145263671875
3 0.5640625 0.21796875 0.059130859375 0.1513671875
3 0.56640625 0.54453125 0.0611328125 0.148193359375
3 0.6265625 0.54453125 0.0591796875 0.14560546875
6 0.23125 0.8375 0.065869140625 0.146923828125
9 0.3921875 0.8375 0.059765625 0.14677734375
9 0.44375 0.846875 0.069140625 0.14716796875
9 0.49453125 0.8390625 0.0640625 0.14677734375
9 0.5609375 0.8421875 0.06845703125 0.147119140625