0 0.2640625 0.38046875 0.059375 0.23515625
0 0.3140625 0.78125 0.0609375 0.21640625
0 0.31953125 0.38046875 0.059375 0.22109375
0 0.37421875 0.7828125 0.0609375 0.228125
0 0.38046875 0.378125 0.059375 0.22109375
0 0.4359375 0.78515625 0.0609375 0.228125
0 0.43984375 0.3828125 0.059375 0.22109375
0 0.49375 0.7875 0.05625 0.228125
0 0.5 0.3828125 0.059375 0.22109375
0 0.56328125 0.75390625 0.0640625 0.2625
0 0.5609375 0.3828125 0.059375 0.22109375
0 0.08671875 0.3703125 0.06328125 0.2375
0 0.61796875 0.3828125 0.059375 0.22109375
0 0.09140625 0.7609375 0.0609375 0.271875
0 0.66796875 0.765625 0.05859375 0.24453125
0 0.68359375 0.38515625 0.059375 0.22109375
0 0.7234375 0.775 0.05859375 0.24453125
0 0.74140625 0.38046875 0.059375 0.22109375
0 0.78125 0.78125 0.053125 0.21171875
0 0.79921875 0.3875 0.059375 0.22109375
0 0.840625 0.77109375 0.053125 0.2421875
0 0.85859375 0.38515625 0.06328125 0.22578125
0 0.1484375 0.3734375 0.059375 0.23515625
0 0.15 0.75859375 0.0609375 0.271875
0 0.20078125 0.78359375 0.0609375 0.21640625
0 0.20625 0.37578125 0.059375 0.23515625
0 0.2609375 0.78125 0.0609375 0.21640625
8 0.6125 0.76328125 0.05859375 0.2625