0 0.265625 0.76015625 0.074658203125 0.1951171875
0 0.34140625 0.7453125 0.0830078125 0.22197265625
0 0.40078125 0.753125 0.0794921875 0.221826171875
0 0.6109375 0.746875 0.06865234375 0.218896484375
0 0.67265625 0.74296875 0.0890625 0.220556640625
0 0.74453125 0.3671875 0.080029296875 0.19404296875
0 0.74609375 0.7640625 0.0796875 0.190869140625
0 0.80546875 0.365625 0.083154296875 0.19697265625
0 0.815625 0.75390625 0.06572265625 0.189208984375
0 0.86171875 0.37109375 0.070263671875 0.1923828125
0 0.86875 0.76015625 0.08134765625 0.192333984375
0 0.11796875 0.75546875 0.079638671875 0.1953125
0 0.13125 0.3375 0.080908203125 0.19697265625
0 0.1859375 0.74765625 0.077783203125 0.1953125
0 0.1984375 0.3359375 0.087158203125 0.19658203125
3 0.265625 0.34765625 0.07822265625 0.1953125
3 0.328125 0.34609375 0.084033203125 0.1955078125
3 0.3953125 0.35390625 0.08447265625 0.196875
3 0.45859375 0.35390625 0.082763671875 0.1955078125
3 0.56328125 0.35546875 0.082763671875 0.1955078125
3 0.62421875 0.3671875 0.08896484375 0.1966796875
3 0.684375 0.3734375 0.068408203125 0.19072265625