0 0.31484375 0.2953125 0.078125 0.1921875
0 0.3328125 0.61796875 0.0765625 0.25859375
0 0.38828125 0.296875 0.078125 0.1921875
0 0.409375 0.62109375 0.0765625 0.25859375
0 0.46171875 0.3 0.078125 0.1921875
0 0.4875 0.62421875 0.0765625 0.26171875
0 0.0890625 0.28515625 0.084375 0.1921875
0 0.534375 0.303125 0.07109375 0.1921875
0 0.58125 0.62734375 0.10859375 0.26171875
0 0.609375 0.30703125 0.07109375 0.1921875
0 0.10859375 0.61875 0.1015625 0.26328125
0 0.66484375 0.67578125 0.071875 0.1515625
0 0.68203125 0.309375 0.078125 0.20078125
0 0.740625 0.66640625 0.071875 0.190625
0 0.759375 0.290625 0.078125 0.22890625
0 0.81328125 0.690625 0.0890625 0.190625
0 0.83125 0.29140625 0.08671875 0.24375
0 0.88203125 0.684375 0.09453125 0.20390625
0 0.91015625 0.2921875 0.0984375 0.23515625
0 0.165625 0.29375 0.084375 0.1921875
0 0.184375 0.61015625 0.09296875 0.26328125
0 0.240625 0.2953125 0.07890625 0.1921875
0 0.2578125 0.6421875 0.07109375 0.221875