0 0.35234375 0.878125 0.05703125 0.10859375
0 0.41171875 0.878125 0.05703125 0.10859375
0 0.07578125 0.08125 0.0734375 0.13984375
0 0.465625 0.8796875 0.05703125 0.10859375
0 0.590625 0.6390625 0.059375 0.1265625
0 0.60078125 0.08828125 0.0625 0.13359375
0 0.65703125 0.62421875 0.0875 0.14609375
0 0.64296875 0.86796875 0.05703125 0.11328125
0 0.6625 0.384375 0.0625 0.13359375
0 0.66953125 0.08671875 0.0625 0.13359375
0 0.7171875 0.62890625 0.0875 0.14609375
0 0.70234375 0.87421875 0.05703125 0.1203125
0 0.0984375 0.37109375 0.0625 0.13359375
0 0.72734375 0.384375 0.0625 0.13359375
0 0.10078125 0.6359375 0.0625 0.13359375
0 0.7390625 0.09296875 0.0625 0.13359375
0 0.759375 0.87421875 0.059375 0.1203125
0 0.78359375 0.63203125 0.0875 0.14609375
0 0.7875 0.3859375 0.0625 0.13359375
0 0.8015625 0.09140625 0.0625 0.13359375
0 0.12578125 0.8734375 0.05703125 0.10859375
0 0.14609375 0.08671875 0.06640625 0.13984375
0 0.16015625 0.37265625 0.0625 0.13359375
0 0.184375 0.8703125 0.05703125 0.10859375
0 0.21015625 0.084375 0.0625 0.13359375
0 0.21953125 0.37109375 0.0625 0.13359375
0 0.225 0.634375 0.0625 0.13359375
0 0.24140625 0.8703125 0.05703125 0.10859375
0 0.28671875 0.6390625 0.0625 0.13359375
0 0.29765625 0.8796875 0.05703125 0.10859375
3 0.3390625 0.0828125 0.0625 0.13359375
3 0.34765625 0.37734375 0.0625 0.13359375
3 0.403125 0.0828125 0.0625 0.13359375
3 0.4109375 0.37421875 0.0625 0.13359375
3 0.4703125 0.084375 0.0625 0.13359375
3 0.471875 0.37578125 0.0625 0.13359375
3 0.53671875 0.084375 0.0625 0.13359375
3 0.53828125 0.37578125 0.0625 0.13359375
3 0.59921875 0.37890625 0.0625 0.13359375
3 0.27265625 0.0828125 0.0625 0.13359375
3 0.28203125 0.37109375 0.0625 0.13359375
6 0.1671875 0.6375 0.0625 0.13359375
9 0.34453125 0.640625 0.059375 0.1265625
9 0.40234375 0.6421875 0.059375 0.1265625
9 0.46171875 0.6375 0.059375 0.1265625
9 0.5234375 0.6390625 0.059375 0.1265625
10 0.52421875 0.878125 0.05703125 0.10859375
10 0.58125 0.878125 0.05703125 0.10859375