0 0.28203125 0.3 0.0546875 0.1765625
0 0.29140625 0.57109375 0.05078125 0.16796875
0 0.29453125 0.8203125 0.05 0.159375
0 0.33828125 0.296875 0.0546875 0.1765625
0 0.3421875 0.56953125 0.05078125 0.16796875
0 0.34375 0.82421875 0.04296875 0.16484375
0 0.396875 0.2984375 0.0546875 0.1765625
0 0.403125 0.82421875 0.06171875 0.16796875
0 0.39921875 0.57265625 0.053125 0.16796875
0 0.453125 0.29296875 0.0546875 0.18359375
0 0.45625 0.5765625 0.053125 0.16796875
0 0.47109375 0.83203125 0.0484375 0.159375
0 0.50546875 0.2921875 0.0546875 0.1890625
0 0.5140625 0.578125 0.053125 0.16796875
0 0.52890625 0.8375 0.046875 0.1765625
0 0.5671875 0.58203125 0.053125 0.16796875
0 0.57109375 0.2890625 0.0546875 0.19921875
0 0.57734375 0.83359375 0.046875 0.1765625
0 0.63046875 0.29375 0.0546875 0.19921875
0 0.63359375 0.5796875 0.053125 0.175
0 0.6359375 0.84296875 0.046875 0.1765625
0 0.68671875 0.5796875 0.05703125 0.19609375
0 0.6859375 0.8375 0.046875 0.1765625
0 0.69296875 0.29375 0.0546875 0.19921875
0 0.74140625 0.5796875 0.05390625 0.19609375
0 0.74609375 0.84453125 0.046875 0.1765625
0 0.7625 0.2890625 0.0546875 0.19921875
0 0.79921875 0.84765625 0.046875 0.1765625
0 0.81640625 0.578125 0.05390625 0.19609375
0 0.82265625 0.2921875 0.06015625 0.19921875
0 0.871875 0.5828125 0.06171875 0.1875
0 0.8640625 0.85625 0.046875 0.1765625
0 0.89140625 0.28203125 0.06015625 0.19921875
0 0.12421875 0.2984375 0.0515625 0.1765625
0 0.13046875 0.56015625 0.06015625 0.16640625
0 0.13984375 0.8140625 0.0484375 0.171875
0 0.178125 0.3 0.04609375 0.1765625
0 0.1859375 0.56640625 0.05078125 0.16796875
0 0.1890625 0.8171875 0.0546875 0.16484375
0 0.2296875 0.2984375 0.04609375 0.1765625
0 0.2328125 0.57109375 0.05078125 0.16796875
0 0.24140625 0.81484375 0.05078125 0.15234375