0 0.07890625 0.71171875 0.073681640625 0.0955078125
0 0.50546875 0.89765625 0.073095703125 0.101806640625
0 0.51171875 0.715625 0.082568359375 0.10634765625
0 0.0859375 0.3078125 0.072216796875 0.09697265625
0 0.57421875 0.7140625 0.076513671875 0.10029296875
0 0.57265625 0.89609375 0.0671875 0.0919921875
0 0.6078125 0.5109375 0.071826171875 0.106298828125
0 0.63515625 0.89296875 0.0705078125 0.09375
0 0.68046875 0.509375 0.076416015625 0.109423828125
0 0.69453125 0.88828125 0.0673828125 0.1
0 0.7546875 0.31875 0.078271484375 0.09990234375
0 0.75390625 0.89140625 0.0736328125 0.103125
0 0.76640625 0.51875 0.073291015625 0.094140625
0 0.78203125 0.10390625 0.076611328125 0.0986328125
0 0.82109375 0.89765625 0.065625 0.082763671875
0 0.8234375 0.32265625 0.078076171875 0.0986328125
0 0.83125 0.70625 0.071533203125 0.109619140625
0 0.8390625 0.5203125 0.07470703125 0.096484375
0 0.86484375 0.11015625 0.076220703125 0.0984375
0 0.88359375 0.89609375 0.075 0.08916015625
0 0.89765625 0.31875 0.076416015625 0.09716796875
0 0.89921875 0.7078125 0.07626953125 0.11259765625
0 0.90859375 0.5203125 0.073681640625 0.0966796875
0 0.9359375 0.11015625 0.081591796875 0.1017578125
0 0.14296875 0.51171875 0.07314453125 0.0955078125
0 0.15234375 0.89296875 0.073779296875 0.104931640625
0 0.16015625 0.30234375 0.076220703125 0.0984375
0 0.2265625 0.88515625 0.07802734375 0.10810546875
0 0.22734375 0.71171875 0.07646484375 0.0982421875
0 0.22734375 0.3078125 0.073291015625 0.09716796875
0 0.22890625 0.51796875 0.073291015625 0.096875
0 0.290625 0.9046875 0.068359375 0.109130859375
0 0.3 0.30625 0.081201171875 0.10009765625
0 0.30546875 0.503125 0.076416015625 0.09716796875
0 0.30859375 0.090625 0.076416015625 0.09716796875
0 0.3015625 0.69921875 0.068408203125 0.110595703125
0 0.365625 0.309375 0.074755859375 0.09658203125
0 0.07421875 0.08359375 0.090625 0.0955078125
0 0.36796875 0.70078125 0.076904296875 0.110595703125
0 0.37265625 0.9015625 0.076416015625 0.106201171875
0 0.37578125 0.50234375 0.07666015625 0.11083984375
0 0.0703125 0.50625 0.07802734375 0.0998046875
0 0.06953125 0.9 0.079638671875 0.09404296875
0 0.43671875 0.309375 0.076416015625 0.09716796875
0 0.44140625 0.88984375 0.073291015625 0.104345703125
0 0.44453125 0.70390625 0.076904296875 0.110595703125
3 0.55546875 0.0984375 0.07958984375 0.102734375
3 0.559375 0.3171875 0.075341796875 0.09990234375
3 0.628125 0.10234375 0.078466796875 0.1013671875
3 0.63515625 0.3140625 0.073095703125 0.09697265625
3 0.70078125 0.10234375 0.07998046875 0.1017578125
3 0.70078125 0.31875 0.076611328125 0.09970703125
3 0.146875 0.0890625 0.08408203125 0.09697265625
3 0.225 0.08359375 0.09072265625 0.103125
3 0.384375 0.096875 0.078466796875 0.09990234375
3 0.45859375 0.0984375 0.079736328125 0.10302734375
6 0.153125 0.7078125 0.074951171875 0.0966796875
9 0.64453125 0.7140625 0.070654296875 0.09716796875
9 0.7015625 0.7125 0.078369140625 0.10615234375
9 0.76953125 0.71015625 0.070654296875 0.0986328125