0 0.31953125 0.7828125 0.08984375 0.2234375
0 0.328125 0.3640625 0.0890625 0.2484375
0 0.42109375 0.7609375 0.08671875 0.26171875
0 0.425 0.33671875 0.09453125 0.3078125
0 0.51796875 0.7609375 0.08515625 0.2546875
0 0.5296875 0.36796875 0.09453125 0.2515625
0 0.6140625 0.784375 0.08515625 0.2171875
0 0.63203125 0.37109375 0.09453125 0.2484375
0 0.11171875 0.35625 0.1046875 0.26484375
0 0.709375 0.7671875 0.08515625 0.2484375
0 0.73359375 0.37109375 0.09453125 0.2484375
0 0.11640625 0.7625 0.09453125 0.2484375
0 0.80859375 0.78984375 0.08359375 0.2140625
0 0.83515625 0.37109375 0.09453125 0.2484375
0 0.9015625 0.79140625 0.08203125 0.20390625
0 0.2140625 0.33828125 0.10625 0.32421875
0 0.22109375 0.76953125 0.09453125 0.2234375
6 0.93515625 0.38046875 0.09453125 0.2484375