0 0.265625 0.76015625 0.06640625 0.1921875
0 0.34140625 0.7453125 0.0640625 0.21796875
0 0.40078125 0.753125 0.0640625 0.21796875
0 0.6109375 0.746875 0.0640625 0.21796875
0 0.67265625 0.74296875 0.0640625 0.21796875
0 0.74453125 0.3671875 0.06640625 0.1921875
0 0.74609375 0.7640625 0.0640625 0.18828125
0 0.80546875 0.365625 0.06640625 0.1921875
0 0.815625 0.75390625 0.0640625 0.18828125
0 0.86171875 0.37109375 0.06640625 0.1921875
0 0.86875 0.76015625 0.0640625 0.18828125
0 0.11796875 0.75546875 0.06640625 0.1921875
0 0.13125 0.3375 0.06640625 0.1921875
0 0.1859375 0.74765625 0.06640625 0.1921875
0 0.1984375 0.3359375 0.06640625 0.1921875
3 0.265625 0.34765625 0.06640625 0.1921875
3 0.328125 0.34609375 0.06640625 0.1921875
3 0.3953125 0.35390625 0.06640625 0.1921875
3 0.45859375 0.35390625 0.06640625 0.1921875
3 0.56328125 0.35546875 0.06640625 0.1921875
3 0.62421875 0.3671875 0.06640625 0.1921875
3 0.684375 0.3734375 0.06640625 0.1921875