0 0.08359375 0.35625 0.07421875 0.21328125
0 0.7734375 0.80625 0.07421875 0.21328125
0 0.80390625 0.38828125 0.07421875 0.21328125
0 0.8484375 0.8015625 0.07421875 0.21328125
0 0.875 0.38828125 0.07421875 0.21328125
0 0.9125 0.80390625 0.07421875 0.21328125
0 0.94375 0.3796875 0.07421875 0.21328125
0 0.159375 0.35234375 0.07421875 0.21328125
0 0.2375 0.35859375 0.07421875 0.21328125
0 0.32265625 0.365625 0.07421875 0.21328125
3 0.37734375 0.79921875 0.07421875 0.21328125
3 0.4046875 0.3703125 0.07421875 0.21328125
3 0.4546875 0.8015625 0.07421875 0.21328125
3 0.4796875 0.3703125 0.07421875 0.21328125
3 0.56796875 0.3703125 0.07421875 0.21328125
3 0.5796875 0.79921875 0.07421875 0.21328125
3 0.0953125 0.7953125 0.07421875 0.21328125
3 0.64375 0.79765625 0.07421875 0.21328125
3 0.646875 0.3796875 0.07421875 0.21328125
3 0.70703125 0.79921875 0.07421875 0.21328125
3 0.715625 0.38359375 0.07421875 0.21328125
3 0.1734375 0.79296875 0.07421875 0.21328125
3 0.240625 0.790625 0.07421875 0.21328125
3 0.3 0.79296875 0.07421875 0.21328125