0 0.31953125 0.79375 0.090625 0.240625
0 0.41171875 0.309375 0.096875 0.33046875
0 0.4140625 0.765625 0.08984375 0.28984375
0 0.090625 0.31875 0.10625 0.2828125
0 0.5109375 0.78671875 0.08984375 0.23046875
0 0.51796875 0.309375 0.096875 0.33046875
0 0.6109375 0.7984375 0.08984375 0.23046875
0 0.62109375 0.346875 0.096875 0.2796875
0 0.70234375 0.78828125 0.08984375 0.23046875
0 0.72734375 0.34453125 0.096875 0.2703125
0 0.115625 0.78046875 0.09140625 0.24609375
0 0.80078125 0.79140625 0.08984375 0.2375
0 0.82578125 0.3515625 0.096875 0.2703125
0 0.9265625 0.353125 0.096875 0.2703125
0 0.19765625 0.33125 0.10625 0.2828125
0 0.21484375 0.765625 0.0984375 0.296875
6 0.89921875 0.80390625 0.08984375 0.2375
9 0.309375 0.33125 0.1 0.2828125