0 0.271875 0.3546875 0.0796875 0.20859375
0 0.27890625 0.73671875 0.071875 0.22734375
0 0.34375 0.7671875 0.06796875 0.1859375
0 0.34609375 0.33359375 0.071875 0.23515625
0 0.41640625 0.33515625 0.071875 0.23515625
0 0.41953125 0.77109375 0.06796875 0.1859375
0 0.4890625 0.7625 0.06796875 0.2140625
0 0.49296875 0.34140625 0.071875 0.23515625
0 0.553125 0.75703125 0.06796875 0.2140625
0 0.5640625 0.36484375 0.071875 0.203125
0 0.61875 0.76953125 0.059375 0.18984375
0 0.6265625 0.3703125 0.071875 0.203125
0 0.67578125 0.76953125 0.059375 0.18984375
0 0.73515625 0.75546875 0.0609375 0.2140625
0 0.7984375 0.7515625 0.0609375 0.2140625
0 0.11953125 0.346875 0.0796875 0.20859375
0 0.85546875 0.7671875 0.0609375 0.178125
0 0.88125 0.3515625 0.071875 0.2328125
0 0.91796875 0.7671875 0.0609375 0.178125
0 0.1265625 0.76171875 0.071875 0.20078125
0 0.94609375 0.3515625 0.071875 0.2328125
0 0.209375 0.73515625 0.071875 0.22734375
6 0.2 0.35078125 0.0796875 0.20859375
9 0.69296875 0.36875 0.071875 0.203125
9 0.7546875 0.37265625 0.071875 0.203125
9 0.81796875 0.37578125 0.071875 0.203125