0 0.39765625 0.77421875 0.076416015625 0.238720703125
0 0.07734375 0.78828125 0.092431640625 0.204443359375
0 0.471875 0.796875 0.075341796875 0.199658203125
0 0.54140625 0.7953125 0.082666015625 0.200048828125
0 0.6109375 0.79140625 0.078076171875 0.198779296875
0 0.68046875 0.78828125 0.075 0.185791015625
0 0.72109375 0.3671875 0.0767578125 0.184130859375
0 0.7890625 0.365625 0.08447265625 0.184521484375
0 0.8578125 0.36953125 0.09091796875 0.185791015625
0 0.8875 0.7609375 0.093359375 0.21533203125
0 0.92109375 0.36640625 0.0796875 0.1794921875
0 0.9546875 0.7609375 0.06572265625 0.209423828125
0 0.1515625 0.79140625 0.087646484375 0.201904296875
3 0.3046875 0.353125 0.07822265625 0.184130859375
3 0.07265625 0.35 0.095068359375 0.184716796875
3 0.38046875 0.35546875 0.0798828125 0.182861328125
3 0.453125 0.35859375 0.08759765625 0.185595703125
3 0.58203125 0.365625 0.071875 0.18115234375
3 0.6515625 0.365625 0.0751953125 0.18154296875
3 0.15859375 0.35859375 0.0794921875 0.182861328125
3 0.23046875 0.35546875 0.0732421875 0.179931640625
6 0.3109375 0.796875 0.07802734375 0.19970703125
6 0.228125 0.79296875 0.084521484375 0.201708984375
9 0.75 0.784375 0.0689453125 0.18427734375
9 0.81796875 0.78125 0.0798828125 0.187646484375