0 0.2515625 0.7015625 0.040625 0.1203125
0 0.253125 0.89765625 0.04296875 0.11171875
0 0.27890625 0.1109375 0.04140625 0.11328125
0 0.284375 0.3109375 0.040625 0.125
0 0.28828125 0.5140625 0.040625 0.1203125
0 0.29140625 0.9 0.04453125 0.10859375
0 0.29296875 0.6984375 0.03359375 0.1265625
0 0.3234375 0.1078125 0.04453125 0.11328125
0 0.33046875 0.5140625 0.04453125 0.1203125
0 0.3296875 0.3109375 0.040625 0.125
0 0.33125 0.90234375 0.04296875 0.11328125
0 0.3359375 0.696875 0.03984375 0.1296875
0 0.36796875 0.1046875 0.04453125 0.11328125
0 0.37265625 0.90390625 0.04140625 0.10390625
0 0.37421875 0.5140625 0.04375 0.1203125
0 0.3734375 0.30390625 0.034375 0.13515625
0 0.3890625 0.7 0.03984375 0.1296875
0 0.41171875 0.10078125 0.04453125 0.11640625
0 0.41171875 0.30234375 0.034375 0.13515625
0 0.41875 0.5140625 0.04453125 0.1203125
0 0.4171875 0.9 0.03828125 0.11484375
0 0.434375 0.703125 0.03359375 0.1296875
0 0.45859375 0.90546875 0.04453125 0.1203125
0 0.45859375 0.103125 0.04140625 0.11640625
0 0.45703125 0.30390625 0.034375 0.13515625
0 0.4625 0.5125 0.04375 0.1234375
0 0.4734375 0.703125 0.03359375 0.1296875
0 0.50078125 0.90703125 0.04375 0.1203125
0 0.503125 0.10078125 0.04140625 0.11640625
0 0.50625 0.30078125 0.034375 0.13515625
0 0.5125 0.5125 0.04375 0.1234375
0 0.51640625 0.70390625 0.0359375 0.13515625
0 0.546875 0.09609375 0.04140625 0.11640625
0 0.55078125 0.90078125 0.04296875 0.1234375
0 0.553125 0.50546875 0.04375 0.1265625
0 0.553125 0.29921875 0.034375 0.13515625
0 0.55703125 0.70546875 0.0359375 0.13515625
0 0.59609375 0.9 0.04140625 0.128125
0 0.59375 0.50546875 0.03515625 0.13359375
0 0.59765625 0.08984375 0.04140625 0.11640625
0 0.6015625 0.70390625 0.0359375 0.13515625
0 0.603125 0.29921875 0.034375 0.14140625
0 0.64375 0.903125 0.04375 0.128125
0 0.6421875 0.70703125 0.0359375 0.13515625
0 0.64609375 0.08984375 0.04140625 0.1203125
0 0.64765625 0.50546875 0.0359375 0.13359375
0 0.646875 0.29609375 0.034375 0.14140625
0 0.6921875 0.9015625 0.0453125 0.13125
0 0.690625 0.50078125 0.0359375 0.13359375
0 0.69140625 0.70546875 0.0359375 0.13515625
0 0.69453125 0.09140625 0.04140625 0.1203125
0 0.69921875 0.29296875 0.034375 0.14140625
0 0.11171875 0.11953125 0.0390625 0.11015625
0 0.11953125 0.3171875 0.03828125 0.121875
0 0.12265625 0.5140625 0.03984375 0.1203125
0 0.12890625 0.7015625 0.040625 0.1203125
0 0.13359375 0.88203125 0.040625 0.1265625
0 0.1546875 0.11953125 0.0390625 0.11015625
0 0.1609375 0.3171875 0.03828125 0.121875
0 0.16171875 0.5140625 0.0390625 0.1203125
0 0.16640625 0.7015625 0.040625 0.1203125
0 0.16953125 0.9 0.04375 0.10546875
0 0.19453125 0.115625 0.04140625 0.11328125
0 0.20390625 0.5140625 0.04453125 0.1203125
0 0.2015625 0.3140625 0.040625 0.125
0 0.2109375 0.7 0.040625 0.1203125
0 0.21171875 0.890625 0.04296875 0.10390625
0 0.23671875 0.1125 0.04140625 0.11328125
0 0.24296875 0.3109375 0.040625 0.125
0 0.246875 0.5140625 0.04140625 0.1203125