0 0.30703125 0.26796875 0.0673828125 0.157763671875
0 0.31015625 0.53359375 0.059375 0.1671875
0 0.31484375 0.81171875 0.057958984375 0.170361328125
0 0.3609375 0.26328125 0.06845703125 0.157763671875
0 0.36640625 0.53046875 0.0576171875 0.1671875
0 0.371875 0.81171875 0.062353515625 0.173095703125
0 0.41875 0.253125 0.06552734375 0.156298828125
0 0.42890625 0.81484375 0.07060546875 0.17353515625
0 0.42734375 0.52578125 0.0640625 0.1826171875
0 0.4765625 0.5234375 0.06259765625 0.18740234375
0 0.47890625 0.253125 0.0578125 0.15595703125
0 0.4890625 0.81171875 0.065869140625 0.173291015625
0 0.53984375 0.253125 0.059375 0.155908203125
0 0.5421875 0.5234375 0.059423828125 0.18720703125
0 0.5484375 0.8078125 0.059228515625 0.172021484375
0 0.59609375 0.2515625 0.0669921875 0.15634765625
0 0.61171875 0.81875 0.06416015625 0.17216796875
0 0.60546875 0.51953125 0.060693359375 0.1861328125
0 0.659375 0.24609375 0.06591796875 0.157763671875
0 0.665625 0.8125 0.065673828125 0.19033203125
0 0.66796875 0.51953125 0.05185546875 0.1859375
0 0.0921875 0.28203125 0.0591796875 0.1453125
0 0.0953125 0.8078125 0.068798828125 0.174951171875
0 0.0953125 0.54296875 0.05908203125 0.173095703125
0 0.721875 0.8109375 0.056201171875 0.18466796875
0 0.7265625 0.23203125 0.059765625 0.155029296875
0 0.73515625 0.51640625 0.064306640625 0.1861328125
0 0.790625 0.23359375 0.075 0.161181640625
0 0.796875 0.51484375 0.078173828125 0.195556640625
0 0.79765625 0.80546875 0.0578125 0.1859375
0 0.85625 0.2296875 0.0748046875 0.162646484375
0 0.8578125 0.809375 0.06220703125 0.18779296875
0 0.86796875 0.51171875 0.067236328125 0.195166015625
0 0.1453125 0.275 0.05595703125 0.1470703125
0 0.14609375 0.53984375 0.0673828125 0.173486328125
0 0.14921875 0.81015625 0.06064453125 0.17060546875
0 0.1953125 0.271875 0.06591796875 0.156298828125
0 0.20078125 0.81484375 0.067333984375 0.173291015625
0 0.2015625 0.5359375 0.0685546875 0.16240234375
0 0.25078125 0.2703125 0.0625 0.156103515625
0 0.253125 0.5359375 0.05341796875 0.159521484375
0 0.25859375 0.8078125 0.06416015625 0.17216796875