0 0.5109375 0.83046875 0.10966796875 0.18916015625
0 0.525 0.2359375 0.12822265625 0.19375
0 0.5203125 0.5421875 0.103173828125 0.197021484375
0 0.6046875 0.8546875 0.112353515625 0.174755859375
0 0.63671875 0.24140625 0.123193359375 0.190625
0 0.11796875 0.5390625 0.13271484375 0.21884765625
0 0.71640625 0.54765625 0.11083984375 0.19853515625
0 0.7375 0.2375 0.131298828125 0.194140625
0 0.73515625 0.8359375 0.105029296875 0.171630859375
0 0.8234375 0.5421875 0.09697265625 0.19404296875
0 0.84921875 0.225 0.111279296875 0.209619140625
0 0.14375 0.82890625 0.11240234375 0.18916015625
0 0.2015625 0.23359375 0.112451171875 0.198486328125
0 0.2140625 0.5359375 0.115869140625 0.212548828125
0 0.3046875 0.2171875 0.131103515625 0.231298828125
0 0.315625 0.540625 0.12783203125 0.21845703125
0 0.32109375 0.84296875 0.095654296875 0.182958984375
0 0.09140625 0.21953125 0.117431640625 0.229736328125
0 0.41484375 0.23125 0.114404296875 0.1873046875
0 0.40859375 0.540625 0.111279296875 0.200146484375
0 0.42109375 0.84140625 0.107568359375 0.188818359375
10 0.84375 0.853125 0.09404296875 0.16572265625