0 0.296875 0.74921875 0.07578125 0.2234375
0 0.3 0.34296875 0.078125 0.23125
0 0.36796875 0.7546875 0.07578125 0.2234375
0 0.3734375 0.34453125 0.078125 0.23125
0 0.45 0.7546875 0.07578125 0.2234375
0 0.52578125 0.775 0.07734375 0.1828125
0 0.59375 0.76953125 0.07734375 0.1828125
0 0.62890625 0.35 0.078125 0.23125
0 0.696875 0.346875 0.078125 0.23125
0 0.79375 0.36953125 0.0765625 0.184375
0 0.12109375 0.35546875 0.0828125 0.2046875
0 0.86796875 0.7515625 0.08046875 0.2140625
0 0.875 0.36640625 0.0765625 0.184375
0 0.93828125 0.75 0.08046875 0.2140625
0 0.95078125 0.3734375 0.0765625 0.184375
0 0.2109375 0.35390625 0.0828125 0.2046875
0 0.21875 0.77578125 0.0765625 0.184375
0 0.0609375 0.771875 0.0765625 0.184375
0 0.04296875 0.3671875 0.0828125 0.2046875
6 0.14453125 0.77421875 0.0765625 0.184375
9 0.6640625 0.775 0.07734375 0.1828125
9 0.72890625 0.77890625 0.07734375 0.1828125
9 0.7953125 0.7734375 0.07734375 0.1828125