0 0.503125 0.8921875 0.0765625 0.16328125
0 0.509375 0.3890625 0.0890625 0.18203125
0 0.5078125 0.66171875 0.0828125 0.1484375
0 0.5875 0.9015625 0.0765625 0.1296875
0 0.60625 0.1296875 0.0859375 0.16484375
0 0.6015625 0.6625 0.0765625 0.13125
0 0.60390625 0.40546875 0.08125 0.15390625
0 0.6796875 0.8875 0.0765625 0.15390625
0 0.684375 0.65859375 0.0765625 0.1390625
0 0.6953125 0.40234375 0.0828125 0.14453125
0 0.765625 0.896875 0.0765625 0.12734375
0 0.76875 0.6546875 0.0765625 0.1390625
0 0.784375 0.4046875 0.0828125 0.14453125
0 0.12578125 0.3921875 0.0921875 0.15390625
0 0.8484375 0.90234375 0.0765625 0.11640625
0 0.8734375 0.40625 0.0828125 0.14453125
0 0.88203125 0.14453125 0.08125 0.15
0 0.13984375 0.6578125 0.0828125 0.14453125
0 0.13984375 0.9203125 0.0765625 0.12578125
0 0.22265625 0.3921875 0.0859375 0.15390625
0 0.22890625 0.909375 0.0765625 0.14453125
0 0.2359375 0.6453125 0.0875 0.1765625
0 0.31953125 0.9109375 0.0765625 0.14453125
0 0.3328125 0.66484375 0.0875 0.13359375
0 0.415625 0.121875 0.09375 0.16484375
0 0.41328125 0.89609375 0.0765625 0.16328125
0 0.4203125 0.6484375 0.0875 0.178125
0 0.42109375 0.3859375 0.0890625 0.18203125
3 0.509375 0.12578125 0.0859375 0.16484375
3 0.1109375 0.103125 0.09375 0.16484375
3 0.70390625 0.13671875 0.08125 0.16484375
3 0.79140625 0.1390625 0.08125 0.15
3 0.2078125 0.1109375 0.09375 0.16484375
6 0.8578125 0.66171875 0.0765625 0.12578125
9 0.32265625 0.4 0.0890625 0.1578125