0 0.28203125 0.3 0.0734375 0.17841796875
0 0.29140625 0.57109375 0.070263671875 0.170361328125
0 0.29453125 0.8203125 0.0578125 0.159765625
0 0.33828125 0.296875 0.071875 0.17822265625
0 0.3421875 0.56953125 0.059228515625 0.169970703125
0 0.34375 0.82421875 0.062451171875 0.167041015625
0 0.396875 0.2984375 0.06533203125 0.18095703125
0 0.403125 0.82421875 0.062451171875 0.167236328125
0 0.39921875 0.57265625 0.0671875 0.170361328125
0 0.453125 0.29296875 0.05966796875 0.183056640625
0 0.45625 0.5765625 0.0564453125 0.168896484375
0 0.47109375 0.83203125 0.0513671875 0.1607421875
0 0.50546875 0.2921875 0.0671875 0.19345703125
0 0.5140625 0.578125 0.0625 0.171630859375
0 0.52890625 0.8375 0.0513671875 0.175390625
0 0.5671875 0.58203125 0.0591796875 0.169970703125
0 0.57109375 0.2890625 0.0794921875 0.20302734375
0 0.57734375 0.83359375 0.0671875 0.1794921875
0 0.63046875 0.29375 0.0609375 0.20029296875
0 0.63359375 0.5796875 0.0611328125 0.177734375
0 0.6359375 0.84296875 0.065234375 0.1794921875
0 0.68671875 0.5796875 0.08251953125 0.20009765625
0 0.6859375 0.8375 0.065625 0.17802734375
0 0.69296875 0.29375 0.0767578125 0.20302734375
0 0.74140625 0.5796875 0.070068359375 0.199755859375
0 0.74609375 0.84453125 0.0544921875 0.178125
0 0.7625 0.2890625 0.07158203125 0.203076171875
0 0.79921875 0.84765625 0.0482421875 0.1765625
0 0.81640625 0.578125 0.057763671875 0.197021484375
0 0.82265625 0.2921875 0.06123046875 0.19990234375
0 0.871875 0.5828125 0.078466796875 0.1908203125
0 0.8640625 0.85625 0.066015625 0.17802734375
0 0.89140625 0.28203125 0.064404296875 0.198681640625
0 0.12421875 0.2984375 0.071875 0.1810546875
0 0.13046875 0.56015625 0.073388671875 0.170263671875
0 0.13984375 0.8140625 0.0580078125 0.172265625
0 0.178125 0.3 0.056005859375 0.17783203125
0 0.1859375 0.56640625 0.059228515625 0.169970703125
0 0.1890625 0.8171875 0.06865234375 0.168701171875
0 0.2296875 0.2984375 0.059130859375 0.18095703125
0 0.2328125 0.57109375 0.07158203125 0.17041015625
0 0.24140625 0.81484375 0.066943359375 0.154736328125