0 0.29375 0.73984375 0.06484375 0.25546875
0 0.30703125 0.27578125 0.06796875 0.21875
0 0.3828125 0.27734375 0.06796875 0.21875
0 0.453125 0.2796875 0.06796875 0.21875
0 0.52421875 0.27578125 0.06484375 0.21875
0 0.53203125 0.74296875 0.06171875 0.2328125
0 0.08515625 0.73046875 0.06484375 0.265625
0 0.5953125 0.2796875 0.06484375 0.21875
0 0.596875 0.7328125 0.06171875 0.2328125
0 0.6640625 0.7328125 0.06171875 0.2328125
0 0.665625 0.26328125 0.06484375 0.271875
0 0.73125 0.7546875 0.06171875 0.1921875
0 0.73984375 0.26171875 0.06484375 0.271875
0 0.79921875 0.75078125 0.06171875 0.1921875
0 0.81015625 0.2765625 0.0609375 0.22109375
0 0.86640625 0.7484375 0.06171875 0.1921875
0 0.87578125 0.2703125 0.0609375 0.20859375
0 0.93203125 0.7484375 0.06171875 0.1921875
0 0.95390625 0.2484375 0.06875 0.265625
0 0.14296875 0.27421875 0.0703125 0.2171875
0 0.15625 0.73359375 0.06484375 0.25546875
0 0.21953125 0.2734375 0.07890625 0.21875
0 0.225 0.73984375 0.06484375 0.25546875
0 0.059375 0.24921875 0.07890625 0.259375
10 0.3625 0.7578125 0.06953125 0.2109375
10 0.4625 0.76015625 0.065625 0.20234375