0 0.30234375 0.853125 0.064208984375 0.12783203125
0 0.34296875 0.3734375 0.07353515625 0.133984375
0 0.34375 0.12578125 0.06259765625 0.135791015625
0 0.35546875 0.85 0.054541015625 0.112841796875
0 0.3953125 0.3765625 0.06552734375 0.13720703125
0 0.4046875 0.12421875 0.06533203125 0.135595703125
0 0.46171875 0.12578125 0.059375 0.133056640625
0 0.46171875 0.3796875 0.06708984375 0.13779296875
0 0.515625 0.61015625 0.06279296875 0.1267578125
0 0.51953125 0.3796875 0.07021484375 0.13779296875
0 0.521875 0.12890625 0.06259765625 0.135791015625
0 0.575 0.61484375 0.062548828125 0.128125
0 0.5828125 0.36328125 0.0716796875 0.1625
0 0.58125 0.13046875 0.06591796875 0.135986328125
0 0.6171875 0.8484375 0.062158203125 0.115771484375
0 0.6328125 0.36875 0.075 0.1654296875
0 0.6296875 0.61640625 0.059423828125 0.1267578125
0 0.63828125 0.12890625 0.0671875 0.136181640625
0 0.678125 0.846875 0.056201171875 0.115380859375
0 0.684375 0.61640625 0.059423828125 0.1267578125
0 0.68671875 0.37421875 0.0548828125 0.159375
0 0.69765625 0.13046875 0.065625 0.135986328125
0 0.7390625 0.61640625 0.05908203125 0.1265625
0 0.74296875 0.37109375 0.0546875 0.153125
0 0.75859375 0.13046875 0.0640625 0.135986328125
0 0.1078125 0.11328125 0.071533203125 0.142138671875
0 0.8 0.38046875 0.06572265625 0.139111328125
0 0.1125 0.36015625 0.08720703125 0.1638671875
0 0.815625 0.13046875 0.06552734375 0.135986328125
0 0.85 0.6078125 0.0720703125 0.1533203125
0 0.853125 0.371875 0.059326171875 0.149853515625
0 0.871875 0.13046875 0.0564453125 0.13310546875
0 0.1359375 0.84296875 0.06552734375 0.135595703125
0 0.17109375 0.11953125 0.0640625 0.135791015625
0 0.17421875 0.36015625 0.0642578125 0.1580078125
0 0.18984375 0.85546875 0.06064453125 0.1201171875
0 0.22890625 0.37578125 0.0765625 0.14189453125
0 0.22890625 0.12109375 0.071875 0.138720703125
0 0.2453125 0.85078125 0.062548828125 0.1263671875
0 0.284375 0.12734375 0.06884765625 0.136181640625
0 0.28671875 0.375 0.0765625 0.1341796875
7 0.4046875 0.84375 0.0439453125 0.128125
7 0.4609375 0.84375 0.05322265625 0.140283203125
7 0.51328125 0.8421875 0.057666015625 0.137744140625
7 0.56640625 0.8546875 0.0548828125 0.12802734375
7 0.7296875 0.85234375 0.059716796875 0.114306640625
7 0.78125 0.85390625 0.056201171875 0.113916015625
7 0.834375 0.85234375 0.056396484375 0.113916015625
8 0.29765625 0.6140625 0.0609375 0.134521484375
8 0.35078125 0.61171875 0.0642578125 0.125
8 0.40625 0.60859375 0.06884765625 0.1265625
8 0.46015625 0.61015625 0.051904296875 0.1232421875
8 0.790625 0.6046875 0.06884765625 0.1533203125
8 0.12421875 0.59453125 0.07021484375 0.14814453125
8 0.18125 0.5984375 0.059423828125 0.143798828125
8 0.2375 0.5984375 0.0623046875 0.14345703125