0 0.3734375 0.79140625 0.10625 0.266943359375
0 0.378125 0.31015625 0.1033203125 0.239404296875
0 0.47109375 0.321875 0.125 0.246533203125
0 0.47265625 0.78984375 0.115625 0.267529296875
0 0.56640625 0.31953125 0.115625 0.245068359375
0 0.5609375 0.7859375 0.097265625 0.26572265625
0 0.6359375 0.79140625 0.1029296875 0.26728515625
0 0.6703125 0.3265625 0.1216796875 0.243994140625
0 0.71953125 0.78984375 0.1048828125 0.267529296875
0 0.7625 0.33984375 0.125 0.24560546875
0 0.79765625 0.79453125 0.096875 0.267138671875
0 0.875 0.34921875 0.1033203125 0.239404296875
0 0.8734375 0.79296875 0.08779296875 0.264208984375
0 0.16640625 0.7875 0.1296875 0.27158203125
0 0.184375 0.31640625 0.124609375 0.245458984375
0 0.2734375 0.7875 0.1126953125 0.265869140625
0 0.2796875 0.321875 0.1216796875 0.243994140625