0 0.40546875 0.24140625 0.0921875 0.190625
0 0.4109375 0.54765625 0.1 0.2140625
0 0.41171875 0.85078125 0.08828125 0.20546875
0 0.0890625 0.55546875 0.1015625 0.1828125
0 0.5109375 0.54921875 0.1 0.2140625
0 0.50703125 0.24375 0.0921875 0.190625
0 0.51171875 0.8703125 0.08828125 0.16796875
0 0.61640625 0.56796875 0.0953125 0.17265625
0 0.61328125 0.875 0.08828125 0.16796875
0 0.10546875 0.86796875 0.0953125 0.17265625
0 0.70390625 0.86484375 0.08359375 0.16796875
0 0.71640625 0.56640625 0.0953125 0.17265625
0 0.72421875 0.246875 0.0921875 0.18125
0 0.79765625 0.86171875 0.08359375 0.16796875
0 0.8125 0.56796875 0.0953125 0.17265625
0 0.82265625 0.2515625 0.0921875 0.18125
0 0.91015625 0.571875 0.0953125 0.17265625
0 0.92265625 0.25625 0.0921875 0.18125
0 0.196875 0.56171875 0.1015625 0.1828125
0 0.21015625 0.85234375 0.0921875 0.20078125
0 0.3140625 0.87734375 0.08828125 0.15
3 0.61484375 0.24375 0.0921875 0.190625
3 0.18046875 0.22890625 0.09921875 0.190625
3 0.07265625 0.2296875 0.09921875 0.19609375
6 0.8953125 0.875 0.08359375 0.1546875
9 0.30234375 0.56640625 0.1015625 0.1828125