0 0.38515625 0.17421875 0.080029296875 0.148193359375
0 0.43671875 0.8734375 0.082568359375 0.200048828125
0 0.5078125 0.89296875 0.093505859375 0.179736328125
0 0.571875 0.88984375 0.075146484375 0.176220703125
0 0.64140625 0.88984375 0.085986328125 0.179345703125
0 0.70390625 0.89140625 0.088916015625 0.179541015625
0 0.73359375 0.19765625 0.064208984375 0.142138671875
0 0.80234375 0.534375 0.0734375 0.1564453125
0 0.82109375 0.19375 0.076513671875 0.146533203125
0 0.8625 0.5359375 0.074609375 0.1560546875
0 0.8890625 0.19765625 0.07783203125 0.14560546875
0 0.896875 0.86640625 0.081396484375 0.201708984375
0 0.9296875 0.5375 0.0875 0.16220703125
0 0.94765625 0.19765625 0.07041015625 0.14501953125
0 0.96171875 0.86484375 0.06689453125 0.19833984375
0 0.13671875 0.88359375 0.0701171875 0.170361328125
0 0.20546875 0.88125 0.0796875 0.175146484375
3 0.284375 0.525 0.0845703125 0.16220703125
3 0.28125 0.17265625 0.077978515625 0.145654296875
3 0.3578125 0.528125 0.08125 0.1595703125
3 0.4265625 0.5265625 0.077734375 0.15634765625
3 0.44609375 0.1828125 0.064208984375 0.140673828125
3 0.49296875 0.5265625 0.0701171875 0.15322265625
3 0.515625 0.1828125 0.06552734375 0.14091796875
3 0.59765625 0.19375 0.079638671875 0.146728515625
3 0.6078125 0.5359375 0.0873046875 0.15947265625
3 0.66015625 0.19609375 0.07626953125 0.14541015625
3 0.67578125 0.5359375 0.0705078125 0.153515625
3 0.73828125 0.5375 0.075 0.15908203125
3 0.13515625 0.52265625 0.0828125 0.159375
3 0.14375 0.17578125 0.06845703125 0.14248046875
3 0.2125 0.17734375 0.062744140625 0.142138671875
3 0.2203125 0.51953125 0.083984375 0.159375
6 0.35390625 0.88125 0.0767578125 0.171826171875
6 0.27734375 0.8796875 0.0828125 0.175146484375
9 0.76796875 0.88984375 0.076806640625 0.176416015625
9 0.834375 0.88515625 0.09072265625 0.17958984375