0 0.39609375 0.39609375 0.0734375 0.1326171875
0 0.46015625 0.65546875 0.0703125 0.110888671875
0 0.46796875 0.4125 0.06875 0.118505859375
0 0.08203125 0.64921875 0.07353515625 0.13603515625
0 0.5296875 0.65703125 0.0685546875 0.108154296875
0 0.53515625 0.8921875 0.070654296875 0.12490234375
0 0.53671875 0.41484375 0.0703125 0.117236328125
0 0.57734375 0.15546875 0.075 0.113818359375
0 0.08828125 0.890625 0.073779296875 0.12822265625
0 0.59921875 0.65859375 0.0669921875 0.107763671875
0 0.6 0.4109375 0.062890625 0.11552734375
0 0.08828125 0.40078125 0.065625 0.107958984375
0 0.603125 0.8875 0.06875 0.1279296875
0 0.646875 0.15546875 0.062890625 0.10771484375
0 0.6671875 0.6515625 0.06572265625 0.1341796875
0 0.66953125 0.884375 0.071875 0.12822265625
0 0.67421875 0.4125 0.0705078125 0.112646484375
0 0.71640625 0.16015625 0.0705078125 0.111083984375
0 0.73359375 0.89609375 0.0671875 0.107861328125
0 0.73515625 0.653125 0.0611328125 0.13125
0 0.784375 0.16171875 0.06279296875 0.107763671875
0 0.79921875 0.89609375 0.0701171875 0.107666015625
0 0.803125 0.6625 0.06572265625 0.119140625
0 0.85078125 0.16171875 0.0732421875 0.111279296875
0 0.865625 0.65859375 0.062890625 0.10498046875
0 0.86953125 0.89609375 0.06875 0.107470703125
0 0.87578125 0.40234375 0.078125 0.1326171875
0 0.91953125 0.165625 0.065625 0.106494140625
0 0.93203125 0.89453125 0.0642578125 0.107666015625
0 0.93984375 0.646875 0.070263671875 0.12529296875
0 0.9453125 0.40390625 0.07822265625 0.1326171875
0 0.15625 0.8890625 0.078173828125 0.12802734375
0 0.1609375 0.14609375 0.078125 0.10771484375
0 0.15546875 0.40234375 0.065625 0.107958984375
0 0.159375 0.6578125 0.077978515625 0.1220703125
0 0.22578125 0.8859375 0.08251953125 0.1345703125
0 0.23515625 0.65703125 0.073583984375 0.110693359375
0 0.296875 0.8921875 0.078173828125 0.13408203125
0 0.3203125 0.65546875 0.068994140625 0.107763671875
0 0.3765625 0.14765625 0.07529296875 0.117041015625
0 0.39140625 0.65546875 0.076513671875 0.110888671875
3 0.0765625 0.14296875 0.0783203125 0.107666015625
3 0.44921875 0.153125 0.0765625 0.118505859375
3 0.22890625 0.14609375 0.075 0.110791015625
3 0.30625 0.15 0.06884765625 0.115576171875
6 0.22890625 0.40390625 0.0642578125 0.107763671875
6 0.31171875 0.40390625 0.0671875 0.108154296875
9 0.7390625 0.4125 0.06845703125 0.109716796875
9 0.80625 0.41640625 0.06884765625 0.110986328125
10 0.465625 0.896875 0.077978515625 0.121728515625
10 0.3671875 0.90234375 0.074658203125 0.120458984375