0 0.465625 0.80390625 0.0796875 0.215625
0 0.478125 0.47734375 0.08359375 0.24921875
0 0.4765625 0.18671875 0.078125 0.2109375
0 0.54140625 0.79375 0.08515625 0.23125
0 0.56640625 0.18671875 0.08125 0.2109375
0 0.625 0.80390625 0.08515625 0.23125
0 0.70390625 0.81640625 0.08359375 0.2109375
0 0.71640625 0.17421875 0.08125 0.23125
0 0.77890625 0.79140625 0.08359375 0.2359375
0 0.790625 0.5078125 0.08359375 0.21328125
0 0.79921875 0.2015625 0.08125 0.2109375
0 0.8609375 0.81171875 0.0796875 0.215625
0 0.87421875 0.503125 0.08359375 0.21328125
0 0.8796875 0.2015625 0.08125 0.2109375
0 0.15234375 0.48125 0.08359375 0.24609375
0 0.16328125 0.15859375 0.0796875 0.24609375
0 0.23046875 0.80234375 0.08359375 0.21328125
0 0.2375 0.184375 0.0796875 0.23125
0 0.31015625 0.47734375 0.08359375 0.24921875
0 0.31796875 0.17890625 0.0796875 0.23125
0 0.39296875 0.4796875 0.08359375 0.24921875
0 0.39375 0.16875 0.0796875 0.2515625
1 0.2296875 0.48984375 0.08359375 0.21875
5 0.5515625 0.5 0.08359375 0.21328125
5 0.6328125 0.503125 0.08359375 0.21328125
7 0.31875 0.79609375 0.075 0.2359375
7 0.38984375 0.80625 0.075 0.215625
10 0.1453125 0.8078125 0.08359375 0.21328125
2 0.63828125 0.196875 0.08125 0.2109375