0 0.40078125 0.625 0.0826171875 0.162890625
0 0.39921875 0.21484375 0.0794921875 0.16123046875
0 0.40625 0.428125 0.090380859375 0.146826171875
0 0.4078125 0.83515625 0.084716796875 0.175
0 0.47109375 0.2203125 0.086279296875 0.162353515625
0 0.47421875 0.634375 0.086181640625 0.146826171875
0 0.47734375 0.42109375 0.08916015625 0.15625
0 0.47734375 0.82578125 0.086181640625 0.175
0 0.54609375 0.23125 0.085693359375 0.152783203125
0 0.55078125 0.42421875 0.07666015625 0.134375
0 0.55703125 0.6328125 0.073291015625 0.140771484375
0 0.6171875 0.41640625 0.071728515625 0.1517578125
0 0.61796875 0.228125 0.067431640625 0.131201171875
0 0.6875 0.209375 0.07509765625 0.153125
0 0.690625 0.4203125 0.08125 0.1654296875
0 0.6890625 0.61484375 0.084521484375 0.1548828125
0 0.75859375 0.4359375 0.076611328125 0.149853515625
0 0.7625 0.62421875 0.08408203125 0.1546875
0 0.7640625 0.834375 0.087451171875 0.14990234375
0 0.8296875 0.22890625 0.090576171875 0.154638671875
0 0.83203125 0.6296875 0.085595703125 0.1560546875
0 0.83203125 0.4296875 0.076611328125 0.149853515625
0 0.83515625 0.83203125 0.073291015625 0.1423828125
0 0.1875 0.83515625 0.087255859375 0.175
0 0.19140625 0.41875 0.07646484375 0.14716796875
0 0.196875 0.61875 0.081298828125 0.171875
0 0.190625 0.21328125 0.059033203125 0.158154296875
0 0.265625 0.21328125 0.081005859375 0.160888671875
0 0.2640625 0.63359375 0.0779296875 0.1455078125
0 0.27109375 0.41171875 0.079345703125 0.160693359375
0 0.3296875 0.8265625 0.081396484375 0.16279296875
0 0.33359375 0.6375 0.078125 0.14716796875
0 0.32890625 0.21328125 0.060986328125 0.158154296875
1 0.25859375 0.83359375 0.085595703125 0.154443359375
5 0.54375 0.83984375 0.08447265625 0.1482421875
5 0.61328125 0.8359375 0.073486328125 0.14345703125
9 0.75390625 0.22890625 0.083056640625 0.1296875
2 0.61953125 0.63046875 0.07333984375 0.13935546875