0 0.07109375 0.79140625 0.06796875 0.1625
0 0.07265625 0.51640625 0.07109375 0.17578125
0 0.41015625 0.53515625 0.07109375 0.15
0 0.41484375 0.2515625 0.0625 0.16640625
0 0.47265625 0.52578125 0.07109375 0.15
0 0.47578125 0.24609375 0.06796875 0.16640625
0 0.0796875 0.26015625 0.06796875 0.1421875
0 0.53828125 0.52734375 0.07109375 0.15
0 0.54375 0.25859375 0.06796875 0.14609375
0 0.60546875 0.52734375 0.07109375 0.15
0 0.60625 0.26015625 0.06796875 0.14609375
0 0.6703125 0.2640625 0.06796875 0.14609375
0 0.6765625 0.51484375 0.0640625 0.159375
0 0.734375 0.2515625 0.06796875 0.13671875
0 0.73984375 0.5140625 0.07109375 0.134375
0 0.74140625 0.790625 0.06796875 0.1421875
0 0.80078125 0.51640625 0.07109375 0.134375
0 0.80546875 0.25390625 0.06796875 0.13671875
0 0.80859375 0.7890625 0.06796875 0.1421875
0 0.8625 0.25546875 0.06796875 0.13671875
0 0.8640625 0.5171875 0.06640625 0.14765625
0 0.87109375 0.78125 0.06796875 0.1421875
0 0.925 0.25546875 0.06796875 0.13671875
0 0.928125 0.51484375 0.06640625 0.14765625
0 0.13671875 0.79140625 0.06796875 0.1625
0 0.1390625 0.51640625 0.07109375 0.17578125
0 0.14609375 0.25625 0.06796875 0.1421875
0 0.2015625 0.79140625 0.06796875 0.1625
0 0.2046875 0.5140625 0.07109375 0.17578125
0 0.20703125 0.25859375 0.06796875 0.1421875
0 0.27265625 0.79609375 0.06796875 0.1421875
0 0.27265625 0.2546875 0.06796875 0.1421875
0 0.34375 0.253125 0.06796875 0.1421875
1 0.27421875 0.52734375 0.07109375 0.15
1 0.33984375 0.5296875 0.07109375 0.15
5 0.409375 0.790625 0.06796875 0.1421875
5 0.47578125 0.7890625 0.06796875 0.1421875
5 0.54296875 0.7890625 0.06796875 0.1421875
5 0.6125 0.7890625 0.06796875 0.1421875
5 0.675 0.79296875 0.06796875 0.1421875
5 0.9328125 0.77109375 0.05546875 0.15546875
5 0.33828125 0.7984375 0.06796875 0.1421875