0 0.39296875 0.53828125 0.07265625 0.1546875
0 0.40078125 0.2453125 0.0625 0.16640625
0 0.4625 0.5359375 0.07265625 0.1546875
0 0.46875 0.24140625 0.06796875 0.16640625
0 0.078125 0.2453125 0.06796875 0.1421875
0 0.525 0.534375 0.07265625 0.1546875
0 0.53203125 0.2515625 0.06640625 0.14609375
0 0.5890625 0.53984375 0.07265625 0.1546875
0 0.5984375 0.25546875 0.06640625 0.14609375
0 0.65859375 0.2578125 0.06640625 0.14609375
0 0.6640625 0.52578125 0.0640625 0.1703125
0 0.72265625 0.81015625 0.0640625 0.14609375
0 0.7234375 0.25390625 0.06640625 0.14609375
0 0.7234375 0.53203125 0.0640625 0.15
0 0.78515625 0.25390625 0.06640625 0.14609375
0 0.78359375 0.53125 0.0640625 0.13984375
0 0.7890625 0.8125 0.0640625 0.14609375
0 0.84453125 0.52890625 0.0640625 0.13984375
0 0.84765625 0.8078125 0.0640625 0.14609375
0 0.8515625 0.25546875 0.06640625 0.13828125
0 0.90859375 0.52890625 0.0640625 0.13984375
0 0.9125 0.2578125 0.06640625 0.13828125
0 0.91015625 0.80234375 0.05859375 0.1546875
0 0.12890625 0.81015625 0.0640625 0.16640625
0 0.13203125 0.52421875 0.065625 0.17890625
0 0.13671875 0.25 0.06796875 0.1421875
0 0.1953125 0.8125 0.0640625 0.16640625
0 0.19765625 0.2453125 0.06796875 0.1421875
0 0.19765625 0.528125 0.065625 0.17890625
0 0.26171875 0.8125 0.0640625 0.14609375
0 0.2640625 0.2453125 0.06796875 0.1421875
0 0.33359375 0.24765625 0.06796875 0.1421875
0 0.06484375 0.81015625 0.0640625 0.16640625
0 0.065625 0.521875 0.065625 0.17890625
1 0.26328125 0.53984375 0.07265625 0.1546875
1 0.33203125 0.53203125 0.07265625 0.1546875
5 0.39140625 0.80390625 0.0640625 0.14609375
5 0.4609375 0.8078125 0.0640625 0.14609375
5 0.5265625 0.81015625 0.0640625 0.14609375
5 0.5890625 0.8125 0.0640625 0.14609375
5 0.65390625 0.81015625 0.0640625 0.14609375
5 0.321875 0.81015625 0.0640625 0.14609375