0 0.42421875 0.35 0.06640625 0.1796875
0 0.4921875 0.771875 0.07265625 0.24140625
0 0.49609375 0.3609375 0.06640625 0.1796875
0 0.5609375 0.78046875 0.0796875 0.21484375
0 0.56015625 0.3578125 0.06640625 0.1796875
0 0.63046875 0.771875 0.0796875 0.21484375
0 0.09296875 0.37109375 0.06640625 0.1796875
0 0.634375 0.359375 0.06640625 0.19296875
0 0.70859375 0.7828125 0.0796875 0.21484375
0 0.70390625 0.3671875 0.06640625 0.19296875
0 0.778125 0.78515625 0.0796875 0.21484375
0 0.77734375 0.3671875 0.06640625 0.19296875
0 0.84765625 0.78046875 0.0796875 0.21484375
0 0.85859375 0.3703125 0.06640625 0.19296875
0 0.13515625 0.76953125 0.065625 0.225
0 0.1484375 0.365625 0.06640625 0.1796875
0 0.19921875 0.77578125 0.065625 0.20625
0 0.2125 0.36328125 0.06640625 0.1796875
0 0.28046875 0.35234375 0.06640625 0.1796875
0 0.3546875 0.36328125 0.06640625 0.1796875
0 0.06875 0.76953125 0.07265625 0.21484375
1 0.41796875 0.77578125 0.08125 0.20625
1 0.26640625 0.77578125 0.07265625 0.20625
1 0.34296875 0.77109375 0.08125 0.20625