0 0.409375 0.82890625 0.07109375 0.15703125
0 0.43203125 0.25703125 0.065625 0.14140625
0 0.07421875 0.55234375 0.065625 0.16875
0 0.48125 0.83125 0.07109375 0.15703125
0 0.5015625 0.553125 0.07421875 0.17890625
0 0.503125 0.2515625 0.065625 0.14140625
0 0.55859375 0.825 0.07109375 0.15703125
0 0.57265625 0.56015625 0.0796875 0.153125
0 0.575 0.259375 0.065625 0.14140625
0 0.63515625 0.83125 0.07109375 0.15703125
0 0.0921875 0.2671875 0.065625 0.14140625
0 0.6421875 0.5578125 0.0796875 0.153125
0 0.64375 0.253125 0.065625 0.14140625
0 0.7046875 0.82734375 0.07109375 0.15703125
0 0.7171875 0.5578125 0.0796875 0.153125
0 0.7171875 0.25546875 0.06796875 0.14140625
0 0.77734375 0.82109375 0.065625 0.1765625
0 0.78671875 0.5578125 0.0796875 0.153125
0 0.78828125 0.26328125 0.06796875 0.14140625
0 0.85 0.8296875 0.07265625 0.159375
0 0.8625 0.5578125 0.0796875 0.153125
0 0.86640625 0.25703125 0.06796875 0.14140625
0 0.125 0.81328125 0.07109375 0.16875
0 0.1390625 0.5484375 0.06796875 0.16875
0 0.15078125 0.26953125 0.065625 0.14140625
0 0.19296875 0.8078125 0.07109375 0.16875
0 0.05078125 0.809375 0.07109375 0.16875
0 0.20703125 0.55625 0.06796875 0.16875
0 0.215625 0.26328125 0.065625 0.14140625
0 0.28671875 0.25703125 0.065625 0.14140625
0 0.33671875 0.825 0.07109375 0.15703125
0 0.3609375 0.26328125 0.065625 0.14140625
1 0.42734375 0.56171875 0.07421875 0.15703125
1 0.27734375 0.56015625 0.07421875 0.15703125
1 0.35234375 0.55234375 0.07421875 0.15703125
5 0.265625 0.82109375 0.07109375 0.15703125