0 0.42109375 0.2328125 0.076708984375 0.16845703125
0 0.42109375 0.84140625 0.07998046875 0.17666015625
0 0.421875 0.53203125 0.068701171875 0.167138671875
0 0.48515625 0.22421875 0.085693359375 0.175
0 0.490625 0.84296875 0.074853515625 0.176318359375
0 0.54765625 0.22890625 0.079443359375 0.1734375
0 0.54921875 0.84140625 0.073193359375 0.173779296875
0 0.61171875 0.8453125 0.07666015625 0.17509765625
0 0.6140625 0.2203125 0.084033203125 0.17509765625
0 0.09921875 0.21328125 0.079541015625 0.204541015625
0 0.6796875 0.83671875 0.06865234375 0.17353515625
0 0.68671875 0.2109375 0.073388671875 0.184765625
0 0.09765625 0.84296875 0.0828125 0.1607421875
0 0.10234375 0.5359375 0.07939453125 0.19375
0 0.74140625 0.22421875 0.082666015625 0.1734375
0 0.740625 0.83359375 0.081103515625 0.157470703125
0 0.74609375 0.534375 0.085986328125 0.171728515625
0 0.80390625 0.22265625 0.085595703125 0.1736328125
0 0.803125 0.82734375 0.084033203125 0.179931640625
0 0.80703125 0.53671875 0.076220703125 0.170068359375
0 0.86640625 0.2203125 0.079541015625 0.17470703125
0 0.86796875 0.53671875 0.067236328125 0.167138671875
0 0.8703125 0.825 0.078369140625 0.181201171875
0 0.92890625 0.22265625 0.07978515625 0.16396484375
0 0.92421875 0.51640625 0.061181640625 0.167529296875
0 0.16171875 0.20859375 0.073095703125 0.201611328125
0 0.16171875 0.52890625 0.091845703125 0.1953125
0 0.16328125 0.84140625 0.0734375 0.1576171875
0 0.22421875 0.215625 0.095361328125 0.209130859375
0 0.22421875 0.5265625 0.076220703125 0.1935546875
0 0.22890625 0.84140625 0.0826171875 0.159375
0 0.29140625 0.54375 0.07021484375 0.16591796875
0 0.30078125 0.834375 0.07646484375 0.18466796875
0 0.35859375 0.84765625 0.07958984375 0.17666015625
1 0.29375 0.23046875 0.078076171875 0.188720703125
1 0.35390625 0.2328125 0.070556640625 0.178076171875
5 0.4875 0.534375 0.078466796875 0.168994140625
5 0.55078125 0.53671875 0.07939453125 0.17021484375
5 0.61328125 0.53671875 0.07373046875 0.17001953125
5 0.67734375 0.534375 0.076611328125 0.168798828125
5 0.35390625 0.5390625 0.083056640625 0.171533203125
2 0.93515625 0.81875 0.086279296875 0.181591796875