0 0.07421875 0.53203125 0.075 0.15703125
0 0.45 0.834375 0.07109375 0.16484375
0 0.45546875 0.5171875 0.075 0.1828125
0 0.08046875 0.825 0.075 0.146875
0 0.52109375 0.83671875 0.06796875 0.13125
0 0.5265625 0.50703125 0.075 0.1828125
0 0.596875 0.8421875 0.07109375 0.14140625
0 0.6015625 0.52421875 0.075 0.153125
0 0.6359375 0.19765625 0.075 0.15703125
0 0.66015625 0.834375 0.07109375 0.14140625
0 0.67578125 0.521875 0.075 0.153125
0 0.734375 0.825 0.07109375 0.159375
0 0.80546875 0.82578125 0.07109375 0.16484375
0 0.87734375 0.840625 0.05859375 0.14296875
0 0.8953125 0.5078125 0.075 0.17265625
0 0.946875 0.8328125 0.05859375 0.14296875
0 0.9640625 0.5140625 0.0703125 0.17265625
0 0.1515625 0.82890625 0.075 0.14296875
0 0.21953125 0.8140625 0.075 0.16875
0 0.290625 0.521875 0.075 0.15703125
0 0.2984375 0.834375 0.07421875 0.1328125
0 0.36875 0.50703125 0.075 0.1828125
0 0.38515625 0.8296875 0.07109375 0.16484375
3 0.71796875 0.20390625 0.075 0.15703125
3 0.80625 0.20390625 0.075 0.15703125
3 0.89140625 0.19609375 0.075 0.15703125
3 0.12890625 0.19765625 0.075 0.15703125
3 0.96328125 0.1921875 0.071875 0.15703125
3 0.0515625 0.2 0.075 0.15703125
3 0.20546875 0.2015625 0.075 0.15703125
3 0.29609375 0.20546875 0.075 0.15703125
3 0.3703125 0.20390625 0.075 0.15703125
6 0.15 0.51796875 0.075 0.15703125
6 0.22265625 0.521875 0.075 0.15703125
9 0.74921875 0.5296875 0.075 0.153125
9 0.82421875 0.52578125 0.075 0.153125