0 0.07421875 0.53203125 0.0919921875 0.164013671875
0 0.45 0.834375 0.072021484375 0.165576171875
0 0.45546875 0.5171875 0.0828125 0.18720703125
0 0.08046875 0.825 0.078125 0.149609375
0 0.52109375 0.83671875 0.07041015625 0.1328125
0 0.5265625 0.50703125 0.0904296875 0.1875
0 0.596875 0.8421875 0.074755859375 0.140869140625
0 0.6015625 0.52421875 0.0814453125 0.15625
0 0.6359375 0.19765625 0.0751953125 0.157763671875
0 0.66015625 0.834375 0.083056640625 0.146728515625
0 0.67578125 0.521875 0.0892578125 0.1591796875
0 0.734375 0.825 0.078076171875 0.1623046875
0 0.80546875 0.82578125 0.085791015625 0.169970703125
0 0.87734375 0.840625 0.070361328125 0.147021484375
0 0.8953125 0.5078125 0.075 0.171923828125
0 0.946875 0.8328125 0.06572265625 0.14658203125
0 0.96015625 0.51328125 0.0796875 0.1765625
0 0.1515625 0.82890625 0.0751953125 0.14228515625
0 0.21953125 0.8140625 0.084375 0.1720703125
0 0.290625 0.521875 0.09375 0.162744140625
0 0.2984375 0.834375 0.08134765625 0.137109375
0 0.36875 0.50703125 0.0841796875 0.1859375
0 0.38515625 0.8296875 0.08583984375 0.16904296875
3 0.71796875 0.20390625 0.08125 0.160693359375
3 0.80625 0.20390625 0.081640625 0.160888671875
3 0.89140625 0.19609375 0.0892578125 0.163818359375
3 0.12890625 0.19765625 0.0857421875 0.16103515625
3 0.96015625 0.19140625 0.0796875 0.1609375
3 0.0515625 0.2 0.0783203125 0.159033203125
3 0.20546875 0.2015625 0.0919921875 0.162548828125
3 0.29609375 0.20546875 0.0763671875 0.15771484375
3 0.3703125 0.20390625 0.09375 0.16396484375
6 0.15 0.51796875 0.0875 0.161279296875
6 0.22265625 0.521875 0.0919921875 0.162548828125
9 0.74921875 0.5296875 0.0796875 0.1560546875
9 0.82421875 0.52578125 0.0826171875 0.15625