0 0.4609375 0.76015625 0.08125 0.2984375
0 0.5375 0.29296875 0.08359375 0.31875
0 0.546875 0.73203125 0.08828125 0.33984375
0 0.62890625 0.2953125 0.08359375 0.3296875
0 0.6359375 0.74921875 0.08359375 0.284375
0 0.71484375 0.32109375 0.08671875 0.29140625
0 0.71484375 0.753125 0.08359375 0.284375
0 0.79609375 0.3 0.08671875 0.38046875
0 0.88125 0.3171875 0.08125 0.2984375
0 0.88671875 0.73046875 0.08359375 0.36328125
0 0.13125 0.76640625 0.08125 0.2984375
0 0.20703125 0.32109375 0.08671875 0.31875
0 0.3046875 0.753125 0.08125 0.2984375
0 0.37578125 0.33125 0.08359375 0.31875
0 0.38671875 0.76015625 0.08125 0.2984375
4 0.22265625 0.74921875 0.08125 0.2984375
7 0.4578125 0.32109375 0.08359375 0.31875
7 0.29921875 0.29296875 0.075 0.34609375
8 0.8046875 0.73203125 0.08359375 0.3125
10 0.11875 0.3140625 0.08671875 0.31875