0 0.40078125 0.625 0.065625 0.159375
0 0.39921875 0.21484375 0.0625 0.15703125
0 0.40625 0.428125 0.07421875 0.13984375
0 0.4078125 0.83515625 0.07109375 0.1703125
0 0.47109375 0.2203125 0.07265625 0.15703125
0 0.47421875 0.634375 0.07109375 0.13984375
0 0.47734375 0.42109375 0.07421875 0.15
0 0.47734375 0.82578125 0.07109375 0.1703125
0 0.54609375 0.23125 0.07265625 0.14765625
0 0.55078125 0.42421875 0.07421875 0.1328125
0 0.55703125 0.6328125 0.07109375 0.13984375
0 0.6171875 0.41640625 0.06953125 0.1515625
0 0.61796875 0.228125 0.06796875 0.13046875
0 0.6875 0.209375 0.07421875 0.153125
0 0.690625 0.4203125 0.0765625 0.1625
0 0.6890625 0.61484375 0.07109375 0.15
0 0.75859375 0.4359375 0.07109375 0.14765625
0 0.7625 0.62421875 0.07109375 0.15
0 0.7640625 0.834375 0.07109375 0.1421875
0 0.8296875 0.22890625 0.07421875 0.14765625
0 0.83203125 0.6296875 0.07109375 0.15
0 0.83203125 0.4296875 0.07109375 0.14765625
0 0.83515625 0.83203125 0.07109375 0.1421875
0 0.1875 0.83515625 0.07109375 0.1703125
0 0.19140625 0.41875 0.07421875 0.14765625
0 0.196875 0.61875 0.07265625 0.16875
0 0.190625 0.21328125 0.05390625 0.15703125
0 0.265625 0.21328125 0.07109375 0.15703125
0 0.2640625 0.63359375 0.065625 0.1421875
0 0.27109375 0.41171875 0.07421875 0.15703125
0 0.3296875 0.8265625 0.07109375 0.1609375
0 0.33359375 0.6375 0.065625 0.1421875
0 0.32890625 0.21328125 0.05546875 0.15703125
1 0.25859375 0.83359375 0.07109375 0.14765625
5 0.54375 0.83984375 0.07109375 0.1421875
5 0.61328125 0.8359375 0.07109375 0.1421875
9 0.75390625 0.22890625 0.07421875 0.125
2 0.61953125 0.63046875 0.07109375 0.13984375