0 0.08125 0.76015625 0.090625 0.18046875
0 0.41640625 0.41171875 0.08203125 0.20703125
0 0.48984375 0.415625 0.08203125 0.20703125
0 0.09296875 0.42421875 0.08984375 0.16953125
0 0.56875 0.4421875 0.08125 0.19296875
0 0.6453125 0.44375 0.08125 0.19296875
0 0.80390625 0.7703125 0.090625 0.18046875
0 0.87265625 0.42734375 0.08671875 0.20546875
0 0.878125 0.76640625 0.090625 0.18046875
0 0.95078125 0.42734375 0.08671875 0.20546875
0 0.9546875 0.7640625 0.0796875 0.18046875
0 0.16484375 0.75625 0.090625 0.18046875
0 0.246875 0.76875 0.090625 0.18046875
0 0.25625 0.428125 0.08984375 0.16953125
0 0.334375 0.428125 0.08984375 0.16953125
3 0.41171875 0.7640625 0.090625 0.18046875
3 0.49453125 0.7703125 0.090625 0.18046875
3 0.5765625 0.77265625 0.090625 0.18046875
3 0.65078125 0.775 0.090625 0.18046875
3 0.72421875 0.77265625 0.090625 0.18046875
3 0.328125 0.7640625 0.090625 0.18046875
6 0.17578125 0.428125 0.08984375 0.16953125
9 0.71953125 0.4421875 0.08125 0.19296875
9 0.79296875 0.44609375 0.08125 0.19296875