0 0.3921875 0.36953125 0.07421875 0.18515625
0 0.39375 0.14921875 0.06796875 0.165625
0 0.3953125 0.84765625 0.06953125 0.159375
0 0.39765625 0.60546875 0.07421875 0.18046875
0 0.4671875 0.5921875 0.07421875 0.19375
0 0.46875 0.37890625 0.07421875 0.1578125
0 0.465625 0.13515625 0.06796875 0.17265625
0 0.534375 0.82734375 0.0765625 0.165625
0 0.54296875 0.1390625 0.06796875 0.1640625
0 0.55078125 0.37421875 0.07421875 0.1578125
0 0.6078125 0.8296875 0.0765625 0.1703125
0 0.6125 0.12890625 0.065625 0.16796875
0 0.68203125 0.840625 0.0765625 0.165625
0 0.68046875 0.13828125 0.07421875 0.1828125
0 0.68359375 0.3609375 0.07421875 0.1765625
0 0.7515625 0.8203125 0.0765625 0.18046875
0 0.75390625 0.14609375 0.07421875 0.15078125
0 0.7546875 0.6078125 0.075 0.159375
0 0.75703125 0.3796875 0.06796875 0.1640625
0 0.81953125 0.83515625 0.06796875 0.16796875
0 0.825 0.14609375 0.07421875 0.15078125
0 0.825 0.37734375 0.06796875 0.1640625
0 0.82890625 0.6078125 0.075 0.159375
0 0.175 0.14140625 0.06796875 0.16796875
0 0.17734375 0.603125 0.06796875 0.19375
0 0.184375 0.3625 0.07421875 0.1890625
0 0.253125 0.37890625 0.07421875 0.16171875
0 0.2546875 0.85 0.075 0.159375
0 0.253125 0.12578125 0.06796875 0.1828125
0 0.32109375 0.59609375 0.07421875 0.1703125
0 0.32421875 0.37421875 0.07421875 0.16171875
0 0.33046875 0.840625 0.06953125 0.17890625
1 0.25 0.6125 0.07421875 0.1703125
5 0.5390625 0.61171875 0.075 0.159375
5 0.6046875 0.6078125 0.075 0.159375
7 0.46484375 0.84375 0.07265625 0.1640625
10 0.1765625 0.85 0.075 0.159375
2 0.61796875 0.37421875 0.07421875 0.1578125