0 0.42578125 0.36171875 0.06953125 0.26796875
0 0.43046875 0.75234375 0.07421875 0.25234375
0 0.49765625 0.35546875 0.06953125 0.26796875
0 0.08515625 0.71953125 0.065625 0.26796875
0 0.56484375 0.33046875 0.06953125 0.28046875
0 0.58359375 0.76171875 0.07421875 0.28984375
0 0.646875 0.35234375 0.075 0.26171875
0 0.72265625 0.34921875 0.075 0.26171875
0 0.80078125 0.34609375 0.075 0.26171875
0 0.865625 0.33671875 0.075 0.26171875
0 0.14296875 0.34609375 0.075 0.24921875
0 0.153125 0.72265625 0.07421875 0.28046875
0 0.2109375 0.32890625 0.06953125 0.28359375
0 0.22578125 0.74921875 0.07421875 0.25234375
0 0.28359375 0.33203125 0.06953125 0.28359375
0 0.29140625 0.75234375 0.07421875 0.25234375
0 0.35625 0.75859375 0.07421875 0.25234375
0 0.35703125 0.33515625 0.06953125 0.28359375
0 0.071875 0.33984375 0.075 0.24921875
2 0.50703125 0.74609375 0.07421875 0.25234375
2 0.66015625 0.73984375 0.07421875 0.28984375
2 0.71875 0.73046875 0.07421875 0.28984375
2 0.79296875 0.75859375 0.07421875 0.26484375
2 0.86484375 0.75234375 0.07421875 0.26484375