0 0.4609375 0.76015625 0.1126953125 0.303125
0 0.5375 0.29296875 0.094091796875 0.3205078125
0 0.546875 0.73203125 0.127783203125 0.345166015625
0 0.62890625 0.2953125 0.094970703125 0.33115234375
0 0.6359375 0.74921875 0.106005859375 0.2890625
0 0.71484375 0.32109375 0.113720703125 0.298193359375
0 0.71484375 0.753125 0.09228515625 0.2873046875
0 0.79609375 0.3 0.108056640625 0.384326171875
0 0.88125 0.3171875 0.1091796875 0.30283203125
0 0.88671875 0.73046875 0.126220703125 0.367333984375
0 0.13125 0.76640625 0.1091796875 0.303125
0 0.20703125 0.32109375 0.088916015625 0.31875
0 0.3046875 0.753125 0.0908203125 0.30283203125
0 0.37578125 0.33125 0.114306640625 0.324609375
0 0.38671875 0.76015625 0.0919921875 0.3013671875
4 0.22265625 0.74921875 0.0984375 0.3015625
7 0.4578125 0.32109375 0.103076171875 0.3232421875
7 0.29921875 0.29296875 0.109375 0.34873046875
8 0.8046875 0.73203125 0.109521484375 0.3171875
10 0.11875 0.3140625 0.090380859375 0.31875