0 0.53828125 0.72109375 0.065625 0.1640625
0 0.77109375 0.71640625 0.07109375 0.16875
0 0.77734375 0.3296875 0.065625 0.15078125
0 0.8453125 0.71171875 0.07109375 0.16875
0 0.8546875 0.32265625 0.06953125 0.15546875
0 0.91875 0.71171875 0.07109375 0.16875
0 0.93125 0.321875 0.06953125 0.16640625
3 0.40078125 0.71640625 0.065625 0.1640625
3 0.42734375 0.33515625 0.065625 0.1484375
3 0.51875 0.33515625 0.065625 0.1484375
3 0.5953125 0.33203125 0.065625 0.15078125
3 0.61484375 0.71875 0.065625 0.1640625
3 0.03828125 0.35625 0.065625 0.14140625
3 0.671875 0.3296875 0.065625 0.15078125
3 0.6890625 0.71875 0.065625 0.16875
3 0.10625 0.35859375 0.065625 0.14140625
3 0.0421875 0.715625 0.06953125 0.153125
3 0.109375 0.72109375 0.065625 0.15546875
3 0.17890625 0.72109375 0.065625 0.15546875
3 0.18203125 0.340625 0.065625 0.14140625
3 0.2515625 0.72109375 0.065625 0.1640625
3 0.26171875 0.3375 0.065625 0.1484375
3 0.325 0.72109375 0.065625 0.1640625
3 0.340625 0.33984375 0.065625 0.1484375