0 0.73046875 0.49296875 0.06640625 0.134375
0 0.75234375 0.184375 0.06640625 0.12421875
0 0.79921875 0.490625 0.06640625 0.134375
0 0.82578125 0.18359375 0.06640625 0.13046875
0 0.865625 0.490625 0.06640625 0.134375
0 0.89140625 0.1875 0.06640625 0.13046875
3 0.40859375 0.490625 0.06640625 0.13046875
3 0.071875 0.4890625 0.06640625 0.13046875
3 0.428125 0.18828125 0.06640625 0.12421875
3 0.5046875 0.184375 0.06640625 0.12421875
3 0.53203125 0.49296875 0.06640625 0.134375
3 0.5859375 0.18671875 0.06640625 0.12421875
3 0.59296875 0.809375 0.06640625 0.140625
3 0.59765625 0.49296875 0.06640625 0.134375
3 0.65703125 0.18828125 0.06640625 0.12421875
3 0.65859375 0.8078125 0.06640625 0.140625
3 0.6609375 0.490625 0.06640625 0.134375
3 0.74375 0.80546875 0.06640625 0.140625
3 0.821875 0.8015625 0.06640625 0.140625
3 0.8859375 0.79921875 0.06640625 0.140625
3 0.12265625 0.79921875 0.06640625 0.140625
3 0.12890625 0.18828125 0.06640625 0.12421875
3 0.13671875 0.4890625 0.06640625 0.13046875
3 0.1953125 0.79921875 0.06640625 0.140625
3 0.20078125 0.184375 0.06640625 0.12421875
3 0.20546875 0.49296875 0.06640625 0.13046875
3 0.053125 0.7953125 0.06640625 0.140625
3 0.275 0.4890625 0.06640625 0.13046875
3 0.2765625 0.8078125 0.06640625 0.140625
3 0.0578125 0.18203125 0.06640625 0.12421875
3 0.2875 0.18671875 0.06640625 0.12421875
3 0.34140625 0.490625 0.06640625 0.13046875
3 0.35 0.8078125 0.06640625 0.140625
3 0.3546875 0.18671875 0.06640625 0.12421875