0 0.4234375 0.2390625 0.06484375 0.13359375
0 0.42421875 0.8765625 0.05703125 0.1078125
0 0.48671875 0.2390625 0.06484375 0.13359375
0 0.484375 0.87109375 0.05703125 0.12265625
0 0.51875 0.56953125 0.06171875 0.13984375
0 0.54296875 0.8859375 0.05703125 0.1140625
0 0.55 0.24140625 0.06484375 0.1421875
0 0.59921875 0.88046875 0.05703125 0.12890625
0 0.61875 0.24296875 0.06484375 0.1421875
0 0.66171875 0.90234375 0.05703125 0.11640625
0 0.0984375 0.83125 0.06171875 0.12890625
0 0.709375 0.5984375 0.06171875 0.125
0 0.77734375 0.6015625 0.06171875 0.12734375
0 0.784375 0.90625 0.05859375 0.11640625
0 0.8421875 0.90234375 0.065625 0.11640625
0 0.11484375 0.24296875 0.06328125 0.1203125
0 0.11328125 0.559375 0.05703125 0.1203125
0 0.89453125 0.25 0.0765625 0.1421875
0 0.9015625 0.9109375 0.053125 0.11640625
0 0.96328125 0.24140625 0.07265625 0.159375
0 0.15546875 0.8484375 0.05859375 0.1203125
0 0.16484375 0.56640625 0.05703125 0.1203125
0 0.175 0.2421875 0.06328125 0.11875
0 0.20859375 0.84609375 0.05859375 0.1203125
0 0.2203125 0.56640625 0.05703125 0.1203125
0 0.2328125 0.24140625 0.06484375 0.12890625
0 0.2625 0.85 0.05859375 0.1203125
0 0.05703125 0.2390625 0.0671875 0.13359375
0 0.26796875 0.5640625 0.0515625 0.1375
0 0.29609375 0.2359375 0.06171875 0.13984375
0 0.315625 0.85390625 0.05390625 0.13984375
0 0.35546875 0.23984375 0.06328125 0.1359375
0 0.0609375 0.5421875 0.05703125 0.1421875
0 0.371875 0.871875 0.05703125 0.1078125
4 0.6890625 0.2453125 0.0703125 0.1421875
4 0.7609375 0.24765625 0.0765625 0.1421875
4 0.828125 0.2453125 0.0765625 0.1421875
7 0.3984375 0.578125 0.06015625 0.12734375
7 0.453125 0.5671875 0.06171875 0.1359375
7 0.58515625 0.5890625 0.06171875 0.13984375
7 0.65078125 0.5953125 0.06171875 0.1359375
7 0.83984375 0.6078125 0.06171875 0.13125
7 0.91171875 0.6078125 0.06171875 0.12265625
7 0.33671875 0.5734375 0.06015625 0.12734375