0 0.39609375 0.103125 0.0701171875 0.12529296875
0 0.4171875 0.62578125 0.084033203125 0.151416015625
0 0.41953125 0.8984375 0.0638671875 0.1158203125
0 0.478125 0.8890625 0.07158203125 0.1375
0 0.48203125 0.62421875 0.067333984375 0.145361328125
0 0.5125 0.09765625 0.071875 0.1263671875
0 0.54296875 0.63515625 0.07666015625 0.12373046875
0 0.54296875 0.89140625 0.0734375 0.1388671875
0 0.57265625 0.3703125 0.0705078125 0.12490234375
0 0.084375 0.89296875 0.06845703125 0.1173828125
0 0.5796875 0.09765625 0.0751953125 0.128125
0 0.0875 0.6328125 0.0658203125 0.12470703125
0 0.60703125 0.64140625 0.079443359375 0.126318359375
0 0.60546875 0.89453125 0.0794921875 0.146875
0 0.63515625 0.37421875 0.0794921875 0.1294921875
0 0.64375 0.09921875 0.069140625 0.1263671875
0 0.66796875 0.6390625 0.079833984375 0.125048828125
0 0.66796875 0.8890625 0.0736328125 0.146484375
0 0.70859375 0.0953125 0.0732421875 0.12509765625
0 0.721875 0.36875 0.068359375 0.12509765625
0 0.728125 0.63828125 0.065869140625 0.125
0 0.73203125 0.8890625 0.0642578125 0.14072265625
0 0.77265625 0.0921875 0.0701171875 0.12470703125
0 0.784375 0.36875 0.0658203125 0.12490234375
0 0.790625 0.90234375 0.07216796875 0.1267578125
0 0.83828125 0.09375 0.078125 0.13095703125
0 0.853125 0.36640625 0.074658203125 0.1267578125
0 0.853125 0.896875 0.07470703125 0.12841796875
0 0.15390625 0.89296875 0.0625 0.1169921875
0 0.20546875 0.6328125 0.0642578125 0.122216796875
0 0.2109375 0.884375 0.06591796875 0.131298828125
0 0.26796875 0.63671875 0.0625 0.120556640625
0 0.2765625 0.89296875 0.059765625 0.115625
0 0.34296875 0.62578125 0.073193359375 0.148291015625
0 0.34765625 0.371875 0.0765625 0.12841796875
0 0.35390625 0.89140625 0.0763671875 0.13125
3 0.08125 0.3703125 0.075390625 0.124853515625
3 0.084375 0.1125 0.07490234375 0.1216796875
3 0.1453125 0.1109375 0.06572265625 0.11875
3 0.14609375 0.37421875 0.0625 0.120263671875
3 0.20546875 0.10859375 0.0673828125 0.11875
3 0.20703125 0.371875 0.0640625 0.11904296875
3 0.26875 0.10859375 0.0658203125 0.1234375
3 0.2828125 0.3703125 0.071484375 0.121728515625
3 0.33515625 0.10859375 0.065625 0.1234375
6 0.1484375 0.63828125 0.071484375 0.12373046875
9 0.79296875 0.64296875 0.0734375 0.1205078125
9 0.853125 0.6390625 0.075 0.1216796875