0 0.73046875 0.49296875 0.07958984375 0.1392578125
0 0.75234375 0.184375 0.07626953125 0.12822265625
0 0.79921875 0.490625 0.076904296875 0.137890625
0 0.82578125 0.18359375 0.073193359375 0.132666015625
0 0.865625 0.490625 0.068798828125 0.137109375
0 0.89140625 0.1875 0.07021484375 0.13154296875
3 0.40859375 0.490625 0.07333984375 0.13427734375
3 0.071875 0.4890625 0.071728515625 0.134130859375
3 0.428125 0.18828125 0.07529296875 0.12939453125
3 0.5046875 0.184375 0.080908203125 0.131005859375
3 0.53203125 0.49296875 0.07333984375 0.1375
3 0.5859375 0.18671875 0.078173828125 0.129541015625
3 0.59296875 0.809375 0.070068359375 0.1408203125
3 0.59765625 0.49296875 0.076318359375 0.1388671875
3 0.65703125 0.18828125 0.067529296875 0.123681640625
3 0.65859375 0.8078125 0.082763671875 0.1466796875
3 0.6609375 0.490625 0.065673828125 0.134375
3 0.74375 0.80546875 0.075244140625 0.1451171875
3 0.821875 0.8015625 0.075244140625 0.1439453125
3 0.8859375 0.79921875 0.071728515625 0.1423828125
3 0.12265625 0.79921875 0.07646484375 0.1451171875
3 0.12890625 0.18828125 0.076904296875 0.129345703125
3 0.13671875 0.4890625 0.07314453125 0.13408203125
3 0.1953125 0.79921875 0.065869140625 0.140625
3 0.20078125 0.184375 0.079638671875 0.131005859375
3 0.20546875 0.49296875 0.073583984375 0.132861328125
3 0.053125 0.7953125 0.074658203125 0.14375
3 0.275 0.4890625 0.077978515625 0.134716796875
3 0.2765625 0.8078125 0.068798828125 0.141015625
3 0.0578125 0.18203125 0.074853515625 0.126806640625
3 0.2875 0.18671875 0.077978515625 0.129541015625
3 0.34140625 0.490625 0.079443359375 0.134716796875
3 0.35 0.8078125 0.071728515625 0.1435546875
3 0.3546875 0.18671875 0.072119140625 0.126611328125