0 0.42578125 0.36171875 0.079443359375 0.269970703125
0 0.43046875 0.75234375 0.073486328125 0.251611328125
0 0.49765625 0.35546875 0.07998046875 0.27021484375
0 0.08515625 0.71953125 0.0921875 0.270361328125
0 0.56484375 0.33046875 0.09541015625 0.28310546875
0 0.58359375 0.76171875 0.095361328125 0.292431640625
0 0.646875 0.35234375 0.099609375 0.26689453125
0 0.72265625 0.34921875 0.1076171875 0.266845703125
0 0.80078125 0.34609375 0.08125 0.263720703125
0 0.865625 0.33671875 0.096875 0.264306640625
0 0.14296875 0.34609375 0.1 0.254345703125
0 0.153125 0.72265625 0.106005859375 0.285595703125
0 0.2109375 0.32890625 0.081103515625 0.285791015625
0 0.22578125 0.74921875 0.088916015625 0.254736328125
0 0.28359375 0.33203125 0.098388671875 0.286181640625
0 0.29140625 0.75234375 0.101806640625 0.257470703125
0 0.35625 0.75859375 0.087451171875 0.254736328125
0 0.35703125 0.33515625 0.09189453125 0.28603515625
0 0.071875 0.33984375 0.100390625 0.254345703125
2 0.50703125 0.74609375 0.095556640625 0.257470703125
2 0.66015625 0.73984375 0.098291015625 0.292431640625
2 0.71875 0.73046875 0.096826171875 0.292431640625
2 0.79296875 0.75859375 0.101611328125 0.269970703125
2 0.86484375 0.75234375 0.09541015625 0.26748046875