0 0.42578125 0.76015625 0.090625 0.267138671875
0 0.428125 0.3171875 0.06845703125 0.25625
0 0.49921875 0.75078125 0.0888671875 0.267138671875
0 0.50234375 0.3140625 0.075 0.25625
0 0.0859375 0.7296875 0.07470703125 0.241015625
0 0.5734375 0.76015625 0.0935546875 0.26728515625
0 0.58046875 0.32109375 0.0984375 0.2609375
0 0.090625 0.30625 0.084130859375 0.268408203125
0 0.640625 0.74296875 0.094140625 0.288818359375
0 0.65 0.3109375 0.087109375 0.2591796875
0 0.71328125 0.76953125 0.0955078125 0.267333984375
0 0.7234375 0.3140625 0.1029296875 0.259765625
0 0.7828125 0.76640625 0.09990234375 0.267529296875
0 0.79453125 0.30625 0.09560546875 0.26904296875
0 0.86328125 0.76328125 0.0857421875 0.266943359375
0 0.87109375 0.3140625 0.079736328125 0.252734375
0 0.1578125 0.3078125 0.081396484375 0.277783203125
0 0.15390625 0.7328125 0.095068359375 0.2439453125
0 0.21875 0.7234375 0.099951171875 0.281494140625
0 0.22578125 0.2984375 0.10498046875 0.28095703125
0 0.28671875 0.7296875 0.101806640625 0.281494140625
0 0.35 0.7359375 0.074658203125 0.278369140625
0 0.36171875 0.32421875 0.08876953125 0.259375
5 0.29453125 0.3140625 0.088818359375 0.259375