0 0.02890625 0.8015625 0.0578125 0.146875
0 0.40703125 0.1765625 0.0609375 0.11328125
0 0.43125 0.5078125 0.06640625 0.1234375
0 0.4625 0.846875 0.05859375 0.12578125
0 0.46953125 0.1765625 0.0609375 0.11328125
0 0.49921875 0.50546875 0.06640625 0.1234375
0 0.53046875 0.1765625 0.0609375 0.11328125
0 0.56015625 0.50546875 0.06640625 0.1234375
0 0.59375 0.84609375 0.0625 0.13203125
0 0.59609375 0.18203125 0.0609375 0.11328125
0 0.62421875 0.509375 0.06640625 0.1234375
0 0.659375 0.85 0.0625 0.13203125
0 0.65859375 0.178125 0.0609375 0.11328125
0 0.68984375 0.50546875 0.06640625 0.1234375
0 0.71953125 0.18203125 0.0609375 0.11328125
0 0.72265625 0.85625 0.0625 0.13203125
0 0.75390625 0.5140625 0.06640625 0.1234375
0 0.784375 0.85390625 0.0625 0.13203125
0 0.78515625 0.18203125 0.0609375 0.11328125
0 0.821875 0.51171875 0.06640625 0.1234375
0 0.84609375 0.18671875 0.0609375 0.11328125
0 0.1109375 0.1796875 0.05703125 0.11171875
0 0.88125 0.50078125 0.05859375 0.14609375
0 0.91640625 0.18046875 0.0625 0.11328125
0 0.921875 0.83515625 0.065625 0.1421875
0 0.95078125 0.50078125 0.05859375 0.14609375
0 0.125 0.5015625 0.059375 0.11953125
0 0.16484375 0.17734375 0.05703125 0.11171875
0 0.18203125 0.50390625 0.0625 0.11953125
0 0.22265625 0.18046875 0.0609375 0.11328125
0 0.0484375 0.18515625 0.05703125 0.09921875
0 0.24296875 0.50390625 0.0625 0.11953125
0 0.28203125 0.17421875 0.0609375 0.11328125
0 0.2984375 0.50546875 0.0625 0.11953125
0 0.34140625 0.1765625 0.0609375 0.11328125
0 0.0625 0.4859375 0.0625 0.1421875
0 0.36328125 0.5015625 0.06640625 0.11953125
8 0.3984375 0.840625 0.05859375 0.12578125
8 0.5265625 0.84921875 0.05859375 0.12578125
8 0.1 0.81875 0.05859375 0.12578125
8 0.85078125 0.8390625 0.065625 0.1421875
8 0.16015625 0.82265625 0.05859375 0.12578125
8 0.21484375 0.8328125 0.05859375 0.12578125
8 0.275 0.83515625 0.05859375 0.12578125
8 0.3359375 0.8390625 0.05859375 0.12578125