0 0.39453125 0.9328125 0.0859375 0.128125
0 0.40234375 0.69375 0.0828125 0.1560546875
0 0.428125 0.13515625 0.07509765625 0.1359375
0 0.4703125 0.9328125 0.07802734375 0.12197265625
0 0.47890625 0.690625 0.0767578125 0.153125
0 0.49375 0.42265625 0.080908203125 0.170458984375
0 0.50234375 0.13515625 0.07353515625 0.134375
0 0.54296875 0.93515625 0.0890625 0.1296875
0 0.55234375 0.6921875 0.0828125 0.1560546875
0 0.56640625 0.43359375 0.0923828125 0.15478515625
0 0.08671875 0.1515625 0.076416015625 0.13759765625
0 0.56875 0.13515625 0.075244140625 0.1359375
0 0.615625 0.925 0.07783203125 0.143408203125
0 0.625 0.68671875 0.08427734375 0.1576171875
0 0.6375 0.43359375 0.07529296875 0.148388671875
0 0.64140625 0.1375 0.073583984375 0.134375
0 0.6875 0.93828125 0.077880859375 0.11875
0 0.69609375 0.690625 0.0798828125 0.155859375
0 0.71484375 0.4375 0.0892578125 0.152978515625
0 0.7140625 0.1375 0.07216796875 0.134375
0 0.75703125 0.934375 0.070556640625 0.115625
0 0.784375 0.4375 0.07822265625 0.149658203125
0 0.78359375 0.14140625 0.088818359375 0.140625
0 0.1125 0.9296875 0.081201171875 0.140576171875
0 0.840625 0.6921875 0.078466796875 0.1529296875
0 0.84375 0.93671875 0.077880859375 0.11875
0 0.8609375 0.4359375 0.08095703125 0.147119140625
0 0.8640625 0.14296875 0.07529296875 0.1359375
0 0.0453125 0.92421875 0.081201171875 0.139111328125
0 0.12265625 0.675 0.085888671875 0.1748046875
0 0.1359375 0.42421875 0.087548828125 0.1642578125
0 0.14453125 0.14765625 0.076220703125 0.1359375
0 0.184375 0.91796875 0.08408203125 0.1544921875
0 0.19140625 0.67734375 0.067138671875 0.16875
0 0.04921875 0.67109375 0.073583984375 0.1705078125
0 0.19921875 0.43671875 0.079833984375 0.1455078125
0 0.20703125 0.14296875 0.08271484375 0.1390625
0 0.2515625 0.9140625 0.09052734375 0.15625
0 0.28046875 0.13515625 0.073583984375 0.134375
0 0.31640625 0.925 0.06875 0.137109375
0 0.3296875 0.68828125 0.09658203125 0.1607421875
0 0.06640625 0.42421875 0.080029296875 0.1625
0 0.35546875 0.1375 0.076708984375 0.1373046875
1 0.41953125 0.4296875 0.084375 0.15029296875
1 0.2703125 0.43125 0.08134765625 0.15009765625
1 0.34765625 0.4296875 0.0767578125 0.147119140625
5 0.77109375 0.6796875 0.0673828125 0.175146484375
5 0.2609375 0.68828125 0.084228515625 0.1580078125