0 0.40234375 0.73359375 0.0642578125 0.161083984375
0 0.47265625 0.73359375 0.0796875 0.164404296875
0 0.5390625 0.73359375 0.0783203125 0.167431640625
0 0.58046875 0.31015625 0.079638671875 0.167236328125
0 0.6015625 0.7359375 0.0716796875 0.165966796875
0 0.090625 0.71875 0.06845703125 0.14677734375
0 0.64921875 0.315625 0.076708984375 0.168505859375
0 0.71875 0.31015625 0.074853515625 0.166845703125
0 0.7859375 0.31328125 0.08095703125 0.16748046875
0 0.86953125 0.7484375 0.078125 0.168896484375
0 0.9265625 0.3 0.084375 0.194140625
0 0.93828125 0.73125 0.075 0.187353515625
0 0.15 0.72109375 0.0751953125 0.15
0 0.1796875 0.3078125 0.066015625 0.16845703125
0 0.2125 0.7234375 0.07216796875 0.15009765625
0 0.27421875 0.72109375 0.06875 0.157666015625
0 0.33515625 0.72578125 0.0794921875 0.16064453125
0 0.03203125 0.71171875 0.0640625 0.1609375
4 0.675 0.74609375 0.084375 0.170166015625
4 0.74140625 0.7359375 0.0859375 0.171630859375
4 0.80703125 0.74375 0.0826171875 0.169091796875
8 0.44140625 0.303125 0.0669921875 0.16572265625
8 0.5078125 0.3078125 0.08134765625 0.16884765625
8 0.85546875 0.29765625 0.084375 0.1953125
8 0.1171875 0.31015625 0.0623046875 0.164306640625
8 0.24375 0.3078125 0.0626953125 0.165771484375
8 0.3078125 0.3078125 0.0779296875 0.168896484375
8 0.06015625 0.31328125 0.0611328125 0.164306640625
8 0.3703125 0.31015625 0.071875 0.167236328125