0 0.40859375 0.821875 0.06640625 0.15859375
0 0.4140625 0.52734375 0.06640625 0.16015625
0 0.47109375 0.8125 0.06640625 0.16875
0 0.4765625 0.5234375 0.07265625 0.16015625
0 0.0765625 0.5328125 0.065625 0.15
0 0.48203125 0.2234375 0.0640625 0.16015625
0 0.07734375 0.2234375 0.0640625 0.1734375
0 0.07890625 0.81484375 0.0640625 0.16875
0 0.5359375 0.80859375 0.06640625 0.16875
0 0.54296875 0.53203125 0.07265625 0.16015625
0 0.603125 0.8171875 0.06640625 0.16875
0 0.60859375 0.52734375 0.07265625 0.16015625
0 0.6640625 0.80625 0.06640625 0.16875
0 0.67109375 0.2234375 0.0640625 0.16015625
0 0.6796875 0.52265625 0.06953125 0.18359375
0 0.73359375 0.8171875 0.06640625 0.16015625
0 0.740625 0.52265625 0.06640625 0.1453125
0 0.7453125 0.228125 0.07265625 0.15234375
0 0.80078125 0.51484375 0.06796875 0.15625
0 0.81171875 0.23046875 0.07265625 0.15234375
0 0.85546875 0.80625 0.06640625 0.16015625
0 0.87265625 0.228125 0.07265625 0.15234375
0 0.871875 0.51484375 0.06796875 0.16015625
0 0.9390625 0.51484375 0.06796875 0.16015625
0 0.13828125 0.2171875 0.0640625 0.1734375
0 0.14453125 0.8171875 0.06640625 0.16875
0 0.14453125 0.52890625 0.065625 0.15
0 0.20390625 0.21953125 0.0640625 0.1734375
0 0.209375 0.82421875 0.06640625 0.15
0 0.21328125 0.53125 0.065625 0.15
0 0.275 0.23203125 0.0640625 0.16015625
0 0.27734375 0.81171875 0.06640625 0.16640625
0 0.28828125 0.51953125 0.065625 0.16875
0 0.34453125 0.8265625 0.06640625 0.15859375
0 0.3484375 0.52734375 0.0609375 0.16015625
5 0.415625 0.22578125 0.0640625 0.16015625
5 0.54296875 0.23046875 0.0640625 0.16015625
5 0.61328125 0.2234375 0.0640625 0.16015625
5 0.940625 0.21875 0.065625 0.15859375
5 0.34296875 0.228125 0.0640625 0.16015625
2 0.79453125 0.79765625 0.06640625 0.16015625
2 0.9171875 0.81484375 0.06640625 0.16015625