0 0.08125 0.76015625 0.1060546875 0.185986328125
0 0.41640625 0.41171875 0.10146484375 0.21376953125
0 0.48984375 0.415625 0.085888671875 0.206494140625
0 0.09296875 0.42421875 0.098486328125 0.173779296875
0 0.56875 0.4421875 0.1 0.19990234375
0 0.6453125 0.44375 0.097265625 0.19970703125
0 0.80390625 0.7703125 0.1076171875 0.187451171875
0 0.87265625 0.42734375 0.09873046875 0.21064453125
0 0.878125 0.76640625 0.0908203125 0.179736328125
0 0.94921875 0.4265625 0.1015625 0.209375
0 0.95390625 0.76328125 0.0921875 0.1859375
0 0.16484375 0.75625 0.1044921875 0.18720703125
0 0.246875 0.76875 0.090625 0.181201171875
0 0.25625 0.428125 0.093505859375 0.168994140625
0 0.334375 0.428125 0.09052734375 0.16884765625
3 0.41171875 0.7640625 0.1048828125 0.187451171875
3 0.49453125 0.7703125 0.09375 0.181396484375
3 0.5765625 0.77265625 0.0935546875 0.17998046875
3 0.65078125 0.775 0.09375 0.181396484375
3 0.72421875 0.77265625 0.1109375 0.188720703125
3 0.328125 0.7640625 0.093359375 0.181201171875
6 0.17578125 0.428125 0.104541015625 0.175048828125
9 0.71953125 0.4421875 0.0859375 0.19404296875
9 0.79296875 0.44609375 0.0875 0.195166015625