0 0.3875 0.909375 0.0654296875 0.13779296875
0 0.38828125 0.51328125 0.070166015625 0.121875
0 0.39921875 0.06875 0.0701171875 0.11220703125
0 0.434375 0.71484375 0.0720703125 0.1203125
0 0.44765625 0.91875 0.071875 0.140771484375
0 0.4484375 0.51328125 0.062646484375 0.11875
0 0.45703125 0.06328125 0.0705078125 0.1138671875
0 0.49453125 0.7203125 0.0705078125 0.1189453125
0 0.50078125 0.51328125 0.070166015625 0.121875
0 0.503125 0.92265625 0.0720703125 0.139306640625
0 0.51328125 0.29921875 0.071875 0.139111328125
0 0.5171875 0.06328125 0.0595703125 0.1078125
0 0.55390625 0.71875 0.07021484375 0.119140625
0 0.55859375 0.9125 0.075 0.14091796875
0 0.56171875 0.5078125 0.063720703125 0.11845703125
0 0.571875 0.3046875 0.06904296875 0.11884765625
0 0.57265625 0.06875 0.0625 0.10908203125
0 0.61328125 0.70703125 0.05791015625 0.12978515625
0 0.61875 0.51328125 0.062255859375 0.1173828125
0 0.62109375 0.92421875 0.0701171875 0.13916015625
0 0.6296875 0.30703125 0.07490234375 0.121875
0 0.63046875 0.06875 0.0609375 0.106640625
0 0.6703125 0.7140625 0.06904296875 0.12529296875
0 0.6765625 0.50546875 0.062255859375 0.1173828125
0 0.68203125 0.92421875 0.065625 0.138916015625
0 0.6890625 0.0671875 0.071875 0.11533203125
0 0.69140625 0.3046875 0.065625 0.11591796875
0 0.7234375 0.715625 0.075244140625 0.130859375
0 0.7359375 0.5046875 0.0595703125 0.118798828125
0 0.74296875 0.91875 0.0701171875 0.140576171875
0 0.74609375 0.303125 0.0734375 0.121875
0 0.746875 0.065625 0.0626953125 0.10927734375
0 0.7921875 0.7140625 0.065673828125 0.125
0 0.7953125 0.50859375 0.066015625 0.123388671875
0 0.8 0.91640625 0.0625 0.13623046875
0 0.803125 0.30078125 0.07509765625 0.1232421875
0 0.8125 0.06328125 0.0626953125 0.1107421875
0 0.1640625 0.903125 0.07802734375 0.130859375
0 0.1640625 0.5078125 0.062646484375 0.13466796875
0 0.16640625 0.7109375 0.0609375 0.118994140625
0 0.17421875 0.3109375 0.06748046875 0.13154296875
0 0.184375 0.08203125 0.05615234375 0.1080078125
0 0.21484375 0.7109375 0.0611328125 0.11904296875
0 0.22109375 0.50390625 0.073291015625 0.1375
0 0.22265625 0.90703125 0.0638671875 0.11875
0 0.228125 0.30703125 0.06259765625 0.135986328125
0 0.23671875 0.08203125 0.0544921875 0.109375
0 0.27265625 0.7 0.06875 0.13427734375
0 0.27734375 0.9015625 0.0625 0.137646484375
0 0.27734375 0.50390625 0.067236328125 0.1359375
0 0.28125 0.31171875 0.059033203125 0.1236328125
0 0.28515625 0.0765625 0.0609375 0.11259765625
0 0.325 0.7015625 0.062109375 0.13134765625
0 0.33671875 0.9015625 0.0732421875 0.14072265625
0 0.340625 0.07109375 0.068359375 0.1111328125
0 0.3765625 0.71328125 0.0720703125 0.135595703125
1 0.39765625 0.3046875 0.0671875 0.116015625
1 0.45625 0.30703125 0.075390625 0.1232421875
1 0.33828125 0.30703125 0.0763671875 0.121875
5 0.3328125 0.51171875 0.068505859375 0.1205078125