0 0.409375 0.834375 0.07421875 0.15703125
0 0.421875 0.5578125 0.07421875 0.15859375
0 0.07421875 0.81875 0.06953125 0.15859375
0 0.07421875 0.54296875 0.06796875 0.1734375
0 0.484375 0.8359375 0.07421875 0.15703125
0 0.49453125 0.56015625 0.07421875 0.15859375
0 0.50703125 0.278125 0.07109375 0.18515625
0 0.08984375 0.2921875 0.078125 0.16875
0 0.55703125 0.8359375 0.07421875 0.15703125
0 0.565625 0.56015625 0.07421875 0.15859375
0 0.5796875 0.2875 0.07109375 0.15859375
0 0.621875 0.82890625 0.0625 0.175
0 0.6375 0.5640625 0.07421875 0.15859375
0 0.64921875 0.2859375 0.07109375 0.16875
0 0.69375 0.8359375 0.07265625 0.16484375
0 0.7046875 0.5625 0.07421875 0.15859375
0 0.7203125 0.2859375 0.07109375 0.16875
0 0.76328125 0.8359375 0.07265625 0.16484375
0 0.7796875 0.54921875 0.0625 0.17734375
0 0.78984375 0.2859375 0.0765625 0.1609375
0 0.84453125 0.834375 0.07265625 0.16484375
0 0.84765625 0.5578125 0.06953125 0.15859375
0 0.86484375 0.28828125 0.0765625 0.1609375
0 0.14453125 0.82109375 0.06953125 0.15859375
0 0.14609375 0.55078125 0.06796875 0.1734375
0 0.1578125 0.2859375 0.07421875 0.16875
0 0.2078125 0.81796875 0.06640625 0.17734375
0 0.21171875 0.54453125 0.06796875 0.1734375
0 0.215625 0.29296875 0.07421875 0.15859375
0 0.271875 0.815625 0.06640625 0.17734375
0 0.3390625 0.81796875 0.06640625 0.17734375
0 0.34921875 0.56015625 0.07421875 0.15859375
1 0.4296875 0.2890625 0.078125 0.1671875
1 0.290625 0.29296875 0.078125 0.1671875
1 0.3671875 0.2890625 0.078125 0.1671875
5 0.28125 0.55703125 0.06796875 0.16484375