0 0.42578125 0.821875 0.07939453125 0.17197265625
0 0.43203125 0.5375 0.085791015625 0.17216796875
0 0.5 0.821875 0.068896484375 0.168798828125
0 0.50703125 0.53359375 0.082470703125 0.1705078125
0 0.51796875 0.24609375 0.082763671875 0.192333984375
0 0.56953125 0.81953125 0.086181640625 0.176318359375
0 0.57421875 0.53359375 0.079345703125 0.1703125
0 0.58671875 0.24921875 0.083056640625 0.151904296875
0 0.6390625 0.8109375 0.077734375 0.190771484375
0 0.64609375 0.52890625 0.079736328125 0.1703125
0 0.09609375 0.81171875 0.085888671875 0.163916015625
0 0.09453125 0.53046875 0.085693359375 0.178125
0 0.6546875 0.2453125 0.074755859375 0.147119140625
0 0.709375 0.81640625 0.07216796875 0.17314453125
0 0.7171875 0.53125 0.090966796875 0.17490234375
0 0.72578125 0.24296875 0.079736328125 0.151708984375
0 0.10546875 0.26328125 0.086279296875 0.195556640625
0 0.775 0.81015625 0.071728515625 0.170556640625
0 0.7984375 0.24765625 0.075341796875 0.148779296875
0 0.8546875 0.52734375 0.0875 0.171875
0 0.85859375 0.80546875 0.070263671875 0.170361328125
0 0.86796875 0.2453125 0.083056640625 0.152783203125
0 0.16015625 0.81015625 0.085888671875 0.163916015625
0 0.165625 0.528125 0.075244140625 0.17802734375
0 0.16953125 0.25703125 0.073583984375 0.1796875
0 0.22734375 0.8015625 0.082861328125 0.18408203125
0 0.2265625 0.53046875 0.08427734375 0.178125
0 0.23359375 0.2625 0.076904296875 0.16552734375
0 0.28828125 0.80546875 0.07021484375 0.1798828125
0 0.35078125 0.81015625 0.079931640625 0.1830078125
0 0.3609375 0.5375 0.077880859375 0.16904296875
1 0.4421875 0.253125 0.078369140625 0.156298828125
1 0.30625 0.259375 0.087353515625 0.159228515625
1 0.37734375 0.25078125 0.092138671875 0.160888671875
5 0.7921875 0.51875 0.08095703125 0.18447265625
5 0.29375 0.53984375 0.07509765625 0.16875