0 0.409375 0.89140625 0.072216796875 0.14375
0 0.425 0.39296875 0.08759765625 0.15166015625
0 0.4234375 0.11171875 0.081396484375 0.15625
0 0.48046875 0.88515625 0.07314453125 0.15810546875
0 0.4875 0.1171875 0.07529296875 0.1560546875
0 0.546875 0.88515625 0.07529296875 0.16083984375
0 0.55390625 0.1328125 0.082666015625 0.146630859375
0 0.61796875 0.88828125 0.070166015625 0.139306640625
0 0.62109375 0.1328125 0.067236328125 0.140576171875
0 0.68046875 0.88046875 0.08251953125 0.14521484375
0 0.73828125 0.65078125 0.082666015625 0.1392578125
0 0.74140625 0.875 0.08310546875 0.14677734375
0 0.75703125 0.396875 0.079736328125 0.150146484375
0 0.809375 0.64453125 0.087255859375 0.140625
0 0.80859375 0.8890625 0.07314453125 0.14716796875
0 0.8140625 0.125 0.081005859375 0.1658203125
0 0.82109375 0.396875 0.07060546875 0.14677734375
0 0.871875 0.646875 0.081005859375 0.1376953125
0 0.8734375 0.89375 0.07802734375 0.137109375
0 0.88046875 0.125 0.070166015625 0.1626953125
0 0.8875 0.39453125 0.07177734375 0.14541015625
0 0.13046875 0.63515625 0.079345703125 0.1375
0 0.14453125 0.8890625 0.079736328125 0.1376953125
0 0.14765625 0.38125 0.070361328125 0.146826171875
0 0.14921875 0.121875 0.070556640625 0.131591796875
0 0.2 0.64296875 0.077880859375 0.1361328125
0 0.2171875 0.89453125 0.087255859375 0.140625
0 0.2171875 0.38125 0.07177734375 0.14677734375
0 0.26875 0.646875 0.07783203125 0.1373046875
0 0.28125 0.88125 0.084716796875 0.162158203125
0 0.28671875 0.121875 0.079541015625 0.134716796875
0 0.28984375 0.3890625 0.07626953125 0.14716796875
0 0.3421875 0.89296875 0.078076171875 0.1455078125
0 0.35234375 0.39140625 0.076806640625 0.148486328125
0 0.35390625 0.12578125 0.07353515625 0.13291015625
3 0.403125 0.64296875 0.072021484375 0.134375
3 0.471875 0.646875 0.078076171875 0.1375
3 0.49609375 0.39296875 0.076220703125 0.148095703125
3 0.54296875 0.646875 0.070361328125 0.134375
3 0.5640625 0.39296875 0.084130859375 0.151220703125
3 0.60390625 0.65078125 0.085595703125 0.1392578125
3 0.6265625 0.39453125 0.084326171875 0.151416015625
3 0.6734375 0.646875 0.081591796875 0.137890625
3 0.6890625 0.3890625 0.087646484375 0.153076171875
3 0.33828125 0.64453125 0.085595703125 0.1392578125
6 0.21875 0.12578125 0.08154296875 0.13603515625
9 0.68203125 0.134375 0.076611328125 0.143896484375
9 0.74453125 0.1328125 0.070166015625 0.140771484375