0 0.41328125 0.10546875 0.1013671875 0.2046875
0 0.078125 0.1015625 0.0814453125 0.1970703125
0 0.47890625 0.48515625 0.09208984375 0.2015625
0 0.48125 0.80546875 0.096533203125 0.2173828125
0 0.49296875 0.1078125 0.1013671875 0.20322265625
0 0.08984375 0.81796875 0.092138671875 0.2015625
0 0.55234375 0.4828125 0.08310546875 0.1970703125
0 0.55859375 0.81015625 0.08876953125 0.215625
0 0.64375 0.821875 0.075341796875 0.187158203125
0 0.71484375 0.821875 0.073095703125 0.184423828125
0 0.7890625 0.80859375 0.078125 0.1984375
0 0.79375 0.4984375 0.097119140625 0.20302734375
0 0.815625 0.1171875 0.0841796875 0.197265625
0 0.87109375 0.4890625 0.09814453125 0.2029296875
0 0.8703125 0.81796875 0.0908203125 0.2017578125
0 0.8921875 0.12109375 0.09990234375 0.2044921875
0 0.94140625 0.81953125 0.0857421875 0.18291015625
0 0.94609375 0.48671875 0.089013671875 0.2013671875
0 0.96015625 0.1203125 0.0796875 0.203125
0 0.1375 0.4671875 0.093359375 0.2029296875
0 0.16640625 0.1015625 0.0982421875 0.20302734375
0 0.16875 0.81953125 0.10341796875 0.2046875
0 0.22578125 0.4671875 0.083154296875 0.19697265625
0 0.2375 0.80078125 0.09658203125 0.22060546875
0 0.2484375 0.10390625 0.08447265625 0.2013671875
0 0.0640625 0.47421875 0.08759765625 0.2015625
0 0.315625 0.81953125 0.100244140625 0.2046875
0 0.3890625 0.48046875 0.087548828125 0.2013671875
0 0.39453125 0.83046875 0.086279296875 0.2
3 0.5765625 0.11015625 0.09365234375 0.203125
3 0.63046875 0.48671875 0.095458984375 0.203125
3 0.659375 0.11484375 0.10322265625 0.2046875
3 0.70703125 0.4890625 0.085888671875 0.19716796875
3 0.7375 0.1171875 0.09970703125 0.20302734375
3 0.30390625 0.47578125 0.098193359375 0.203125
3 0.32890625 0.1015625 0.0984375 0.203125