0 0.4546875 0.4578125 0.09345703125 0.253125
0 0.45859375 0.7984375 0.09521484375 0.24697265625
0 0.53828125 0.48203125 0.078125 0.25
0 0.54375 0.8015625 0.097119140625 0.247119140625
0 0.61953125 0.79609375 0.10185546875 0.2703125
0 0.6234375 0.48046875 0.0876953125 0.2234375
0 0.70234375 0.7984375 0.0921875 0.2685546875
0 0.7046875 0.47109375 0.09697265625 0.2701171875
0 0.78203125 0.81328125 0.090625 0.2392578125
0 0.8625 0.4671875 0.102783203125 0.231103515625
0 0.8671875 0.80546875 0.083984375 0.2375
0 0.13515625 0.7890625 0.092138671875 0.228173828125
0 0.13515625 0.4578125 0.08583984375 0.2435546875
0 0.21796875 0.46015625 0.086181640625 0.233056640625
0 0.21875 0.7703125 0.093994140625 0.23779296875
0 0.2953125 0.46328125 0.087841796875 0.248583984375
0 0.378125 0.80390625 0.087353515625 0.223779296875
0 0.3765625 0.4578125 0.07529296875 0.24658203125
9 0.7828125 0.48359375 0.10615234375 0.22041015625