0 0.409375 0.89140625 0.06796875 0.1421875
0 0.425 0.39296875 0.07109375 0.14609375
0 0.4234375 0.11171875 0.06796875 0.1515625
0 0.48046875 0.88515625 0.06796875 0.15703125
0 0.4875 0.1171875 0.06796875 0.1515625
0 0.546875 0.88515625 0.06796875 0.15703125
0 0.55390625 0.1328125 0.06796875 0.13984375
0 0.61796875 0.88828125 0.06796875 0.13984375
0 0.62109375 0.1328125 0.06796875 0.13984375
0 0.68046875 0.88046875 0.06796875 0.13984375
0 0.73828125 0.65078125 0.07109375 0.134375
0 0.74140625 0.875 0.06796875 0.13984375
0 0.75703125 0.396875 0.07109375 0.14609375
0 0.809375 0.64453125 0.07109375 0.134375
0 0.80859375 0.8890625 0.06796875 0.14609375
0 0.8140625 0.125 0.06796875 0.1625
0 0.82109375 0.396875 0.07109375 0.14609375
0 0.871875 0.646875 0.07109375 0.134375
0 0.8734375 0.89375 0.06796875 0.1328125
0 0.88046875 0.125 0.06796875 0.1625
0 0.8875 0.39453125 0.07109375 0.14609375
0 0.13046875 0.63515625 0.07109375 0.134375
0 0.14453125 0.8890625 0.07109375 0.134375
0 0.14765625 0.38125 0.07109375 0.14609375
0 0.14921875 0.121875 0.06796875 0.13046875
0 0.2 0.64296875 0.07109375 0.134375
0 0.2171875 0.89453125 0.07109375 0.134375
0 0.2171875 0.38125 0.07109375 0.14609375
0 0.26875 0.646875 0.07109375 0.134375
0 0.28125 0.88125 0.07109375 0.15703125
0 0.28671875 0.121875 0.06796875 0.13046875
0 0.28984375 0.3890625 0.07109375 0.14609375
0 0.3421875 0.89296875 0.06796875 0.1421875
0 0.35234375 0.39140625 0.07109375 0.14609375
0 0.35390625 0.12578125 0.06796875 0.13046875
3 0.403125 0.64296875 0.07109375 0.134375
3 0.471875 0.646875 0.07109375 0.134375
3 0.49609375 0.39296875 0.07109375 0.14609375
3 0.54296875 0.646875 0.07109375 0.134375
3 0.5640625 0.39296875 0.07109375 0.14609375
3 0.60390625 0.65078125 0.07109375 0.134375
3 0.6265625 0.39453125 0.07109375 0.14609375
3 0.6734375 0.646875 0.07109375 0.134375
3 0.6890625 0.3890625 0.07109375 0.14609375
3 0.33828125 0.64453125 0.07109375 0.134375
6 0.21875 0.12578125 0.06796875 0.13046875
9 0.68203125 0.134375 0.06796875 0.13984375
9 0.74453125 0.1328125 0.06796875 0.13984375