0 0.40859375 0.821875 0.085888671875 0.165380859375
0 0.4140625 0.52734375 0.080908203125 0.164404296875
0 0.47109375 0.8125 0.076318359375 0.1716796875
0 0.4765625 0.5234375 0.07490234375 0.15966796875
0 0.0765625 0.5328125 0.0748046875 0.153125
0 0.48203125 0.2234375 0.0763671875 0.162744140625
0 0.07734375 0.2234375 0.0673828125 0.17216796875
0 0.07890625 0.81484375 0.0828125 0.1734375
0 0.5359375 0.80859375 0.08427734375 0.1734375
0 0.54296875 0.53203125 0.089013671875 0.166943359375
0 0.603125 0.8171875 0.06591796875 0.16875
0 0.60859375 0.52734375 0.08564453125 0.16435546875
0 0.6640625 0.80625 0.08720703125 0.1748046875
0 0.67109375 0.2234375 0.0826171875 0.165283203125
0 0.6796875 0.52265625 0.087353515625 0.188720703125
0 0.73359375 0.8171875 0.070068359375 0.159619140625
0 0.740625 0.52265625 0.072119140625 0.1482421875
0 0.7453125 0.228125 0.077783203125 0.153466796875
0 0.80078125 0.51484375 0.082470703125 0.1609375
0 0.81171875 0.23046875 0.088818359375 0.157666015625
0 0.85546875 0.80625 0.08564453125 0.16552734375
0 0.87265625 0.228125 0.082958984375 0.156396484375
0 0.871875 0.51484375 0.078271484375 0.164208984375
0 0.9390625 0.51484375 0.084326171875 0.164404296875
0 0.13828125 0.2171875 0.0736328125 0.17509765625
0 0.14453125 0.8171875 0.070068359375 0.1689453125
0 0.14453125 0.52890625 0.0669921875 0.15
0 0.20390625 0.21953125 0.0701171875 0.175
0 0.209375 0.82421875 0.07158203125 0.1515625
0 0.21328125 0.53125 0.065625 0.15
0 0.275 0.23203125 0.08095703125 0.164404296875
0 0.27734375 0.81171875 0.070458984375 0.167529296875
0 0.28828125 0.51953125 0.0736328125 0.1705078125
0 0.34453125 0.8265625 0.07001953125 0.15947265625
0 0.3484375 0.52734375 0.06572265625 0.161279296875
5 0.415625 0.22578125 0.06279296875 0.160888671875
5 0.54296875 0.23046875 0.078125 0.164208984375
5 0.61328125 0.2234375 0.0669921875 0.159619140625
5 0.940625 0.21875 0.080859375 0.162841796875
5 0.34296875 0.228125 0.0701171875 0.16220703125
2 0.79453125 0.79765625 0.079833984375 0.164208984375
2 0.9171875 0.81484375 0.081298828125 0.164404296875