0 0.390625 0.8625 0.0720703125 0.137890625
0 0.46015625 0.86875 0.065625 0.1373046875
0 0.52421875 0.86484375 0.0732421875 0.1390625
0 0.58359375 0.8796875 0.0625 0.12216796875
0 0.64375 0.88125 0.0689453125 0.128125
0 0.7328125 0.36328125 0.0625 0.11435546875
0 0.74609375 0.10703125 0.0642578125 0.1107421875
0 0.79296875 0.36328125 0.0703125 0.11748046875
0 0.81640625 0.1125 0.0673828125 0.10966796875
0 0.82265625 0.86015625 0.065625 0.13896484375
0 0.85390625 0.36015625 0.0607421875 0.114013671875
0 0.8765625 0.10546875 0.0689453125 0.1125
0 0.88046875 0.86015625 0.0734375 0.141845703125
0 0.14296875 0.87890625 0.067041015625 0.123486328125
0 0.32578125 0.88046875 0.06435546875 0.12333984375
3 0.38671875 0.36484375 0.071875 0.1138671875
3 0.39453125 0.1125 0.0671875 0.10966796875
3 0.39765625 0.6234375 0.0732421875 0.11865234375
3 0.44453125 0.3625 0.065625 0.10947265625
3 0.45859375 0.1125 0.0607421875 0.10634765625
3 0.53125 0.11484375 0.0716796875 0.1138671875
3 0.55390625 0.3671875 0.0705078125 0.118408203125
3 0.60546875 0.11484375 0.0607421875 0.1078125
3 0.60625 0.6234375 0.0716796875 0.118408203125
3 0.6125 0.3671875 0.0685546875 0.11591796875
3 0.66640625 0.11484375 0.0625 0.109375
3 0.6703125 0.62109375 0.066015625 0.117333984375
3 0.6734375 0.365625 0.071484375 0.11845703125
3 0.74140625 0.61953125 0.0701171875 0.117333984375
3 0.8109375 0.6171875 0.059765625 0.11279296875
3 0.871875 0.6171875 0.059375 0.112548828125
3 0.13046875 0.11875 0.0640625 0.109375
3 0.13671875 0.61953125 0.0609375 0.114208984375
3 0.15078125 0.36875 0.071875 0.11240234375
3 0.19453125 0.6171875 0.0607421875 0.11259765625
3 0.19453125 0.121875 0.065625 0.1095703125
3 0.20625 0.36875 0.0716796875 0.11240234375
3 0.25703125 0.61953125 0.0609375 0.114208984375
3 0.26015625 0.11640625 0.0671875 0.1111328125
3 0.2625 0.37578125 0.0654296875 0.1107421875
3 0.3265625 0.36640625 0.0689453125 0.1125
3 0.33203125 0.6234375 0.065625 0.115673828125
3 0.33359375 0.11484375 0.0609375 0.1080078125
6 0.2078125 0.875 0.072216796875 0.127880859375
6 0.26953125 0.8765625 0.064306640625 0.124755859375
9 0.70703125 0.88125 0.0732421875 0.1283203125
9 0.765625 0.878125 0.0625 0.12509765625