0 0.4171875 0.33046875 0.090234375 0.28271484375
0 0.425 0.77578125 0.084130859375 0.282568359375
0 0.07578125 0.3078125 0.079443359375 0.237353515625
0 0.4921875 0.33359375 0.0814453125 0.280029296875
0 0.4984375 0.79296875 0.094091796875 0.282958984375
0 0.08203125 0.73671875 0.071875 0.2638671875
0 0.56015625 0.340625 0.0890625 0.281298828125
0 0.56640625 0.75390625 0.1080078125 0.301220703125
0 0.6328125 0.3078125 0.06845703125 0.315673828125
0 0.6421875 0.78125 0.09716796875 0.300146484375
0 0.70234375 0.31796875 0.09375 0.2859375
0 0.71875 0.78828125 0.10009765625 0.298681640625
0 0.7765625 0.31796875 0.084375 0.284375
0 0.79140625 0.76796875 0.1015625 0.298681640625
0 0.86015625 0.321875 0.0861328125 0.28427734375
0 0.86328125 0.77109375 0.1044921875 0.27998046875
0 0.14375 0.31484375 0.069091796875 0.254736328125
0 0.15078125 0.7578125 0.0875 0.265625
0 0.20703125 0.29921875 0.07314453125 0.2861328125
0 0.2140625 0.7453125 0.090673828125 0.296826171875
0 0.27578125 0.29609375 0.067236328125 0.2859375
0 0.2875 0.7453125 0.084033203125 0.296630859375
0 0.34140625 0.31015625 0.0669921875 0.298486328125
0 0.35546875 0.74921875 0.083154296875 0.295166015625