0 0.55625 0.7171875 0.0671875 0.11171875
0 0.56328125 0.17890625 0.06953125 0.09296875
0 0.5625 0.36875 0.0671875 0.096875
0 0.60390625 0.89453125 0.0671875 0.1
0 0.62734375 0.725 0.0671875 0.0984375
0 0.62890625 0.1828125 0.06953125 0.09296875
0 0.63203125 0.36484375 0.0671875 0.096875
0 0.67109375 0.88984375 0.0671875 0.10234375
0 0.6875 0.7234375 0.0671875 0.0984375
0 0.696875 0.36484375 0.0671875 0.096875
0 0.7328125 0.88671875 0.0671875 0.10234375
0 0.74453125 0.55234375 0.0671875 0.096875
0 0.746875 0.71484375 0.0671875 0.1078125
0 0.76015625 0.36484375 0.0671875 0.096875
0 0.8 0.8921875 0.0671875 0.10234375
0 0.81171875 0.71953125 0.0671875 0.11015625
0 0.815625 0.5484375 0.0671875 0.096875
0 0.82265625 0.1796875 0.06953125 0.12109375
0 0.82734375 0.3703125 0.0671875 0.096875
0 0.865625 0.88671875 0.0671875 0.10234375
0 0.8734375 0.55390625 0.0671875 0.096875
0 0.87890625 0.72265625 0.0671875 0.1
0 0.8859375 0.178125 0.06953125 0.12109375
0 0.89140625 0.371875 0.0671875 0.096875
0 0.146875 0.88125 0.0671875 0.1
0 0.15234375 0.54296875 0.0671875 0.096875
0 0.16015625 0.3625 0.0671875 0.096875
0 0.1640625 0.1796875 0.07109375 0.0984375
0 0.16796875 0.71484375 0.0671875 0.08515625
0 0.2078125 0.54609375 0.0671875 0.096875
0 0.2140625 0.8796875 0.0671875 0.1
0 0.22734375 0.36484375 0.0671875 0.096875
0 0.2296875 0.7171875 0.0671875 0.08515625
0 0.27890625 0.54453125 0.0671875 0.096875
0 0.28125 0.89453125 0.0671875 0.1
0 0.29140625 0.36484375 0.0671875 0.096875
0 0.29296875 0.71015625 0.0671875 0.10625
0 0.296875 0.18203125 0.07109375 0.0984375
0 0.33828125 0.89453125 0.0671875 0.1
0 0.3546875 0.72734375 0.0671875 0.09453125
0 0.3640625 0.18359375 0.07109375 0.0984375
0 0.4140625 0.89296875 0.0671875 0.1
0 0.4234375 0.721875 0.0671875 0.09453125
0 0.42734375 0.36640625 0.0671875 0.096875
0 0.43046875 0.16953125 0.06953125 0.115625
0 0.4734375 0.89296875 0.0671875 0.1
0 0.4890625 0.71484375 0.0671875 0.11171875
0 0.49609375 0.17109375 0.06953125 0.115625
0 0.496875 0.3609375 0.0671875 0.096875
3 0.54453125 0.5484375 0.0671875 0.096875
3 0.61171875 0.55390625 0.0671875 0.096875
3 0.67890625 0.55390625 0.0671875 0.096875
3 0.346875 0.54609375 0.0671875 0.096875
3 0.3625 0.3625 0.0671875 0.096875
3 0.41171875 0.54609375 0.0671875 0.096875
3 0.4734375 0.54609375 0.0671875 0.096875
6 0.2359375 0.17578125 0.07109375 0.0984375
9 0.69375 0.1828125 0.06953125 0.09296875
9 0.759375 0.1828125 0.06953125 0.09296875
10 0.53671875 0.90234375 0.0671875 0.1