0 0.45390625 0.8109375 0.0796875 0.1970703125
0 0.51640625 0.80625 0.06875 0.1939453125
0 0.584375 0.82734375 0.06884765625 0.163916015625
0 0.61640625 0.49296875 0.08125 0.161279296875
0 0.6515625 0.825 0.08115234375 0.165966796875
0 0.75390625 0.15 0.075 0.153125
0 0.109375 0.80859375 0.078125 0.161083984375
0 0.82265625 0.14765625 0.0794921875 0.1546875
0 0.84453125 0.80546875 0.0828125 0.18251953125
0 0.89375 0.15 0.071875 0.1529296875
0 0.91015625 0.8078125 0.0669921875 0.178271484375
0 0.30625 0.8203125 0.08095703125 0.162158203125
0 0.37890625 0.80625 0.0765625 0.196875
3 0.44140625 0.15 0.0826171875 0.15
3 0.55546875 0.14765625 0.0765625 0.1486328125
3 0.625 0.15 0.0779296875 0.14716796875
3 0.684375 0.49296875 0.08125 0.16123046875
3 0.09765625 0.48203125 0.0736328125 0.153125
3 0.690625 0.15 0.069140625 0.150390625
3 0.765625 0.49296875 0.0689453125 0.15810546875
3 0.83984375 0.49453125 0.0763671875 0.160888671875
3 0.11484375 0.14765625 0.0798828125 0.1513671875
3 0.9078125 0.4859375 0.078125 0.159619140625
3 0.16328125 0.48046875 0.075 0.153125
3 0.1734375 0.15 0.0810546875 0.14990234375
3 0.23046875 0.48125 0.0673828125 0.15654296875
3 0.234375 0.14765625 0.0658203125 0.1453125
3 0.30703125 0.14765625 0.06875 0.146875
3 0.3140625 0.490625 0.0779296875 0.159619140625
3 0.371875 0.14765625 0.075390625 0.1486328125
3 0.38046875 0.4859375 0.0736328125 0.159423828125
6 0.17578125 0.81796875 0.0796875 0.161279296875
6 0.240625 0.8203125 0.0685546875 0.15927734375
9 0.71640625 0.81796875 0.0736328125 0.164111328125
9 0.78359375 0.825 0.0826171875 0.165966796875