0 0.39921875 0.2890625 0.08203125 0.159375
0 0.40078125 0.903125 0.08203125 0.1671875
0 0.409375 0.59609375 0.07109375 0.159375
0 0.0796875 0.2890625 0.08203125 0.159375
0 0.471875 0.89921875 0.08203125 0.1671875
0 0.48046875 0.2875 0.08203125 0.159375
0 0.08515625 0.88125 0.08203125 0.1671875
0 0.48515625 0.58359375 0.075 0.19375
0 0.56875 0.58515625 0.075 0.19375
0 0.6453125 0.59453125 0.075 0.16328125
0 0.7046875 0.8890625 0.08203125 0.1796875
0 0.109375 0.59453125 0.08203125 0.159375
0 0.7265625 0.59453125 0.075 0.16328125
0 0.778125 0.88125 0.08203125 0.1796875
0 0.796875 0.2890625 0.08203125 0.159375
0 0.80078125 0.584375 0.08203125 0.1875
0 0.8578125 0.89296875 0.07109375 0.1515625
0 0.875 0.6 0.08203125 0.1671875
0 0.878125 0.28515625 0.08203125 0.159375
0 0.934375 0.8953125 0.07109375 0.1515625
0 0.953125 0.59609375 0.08203125 0.1671875
0 0.9546875 0.28515625 0.08203125 0.159375
0 0.15234375 0.2875 0.08203125 0.159375
0 0.16015625 0.86953125 0.08203125 0.1671875
0 0.18046875 0.59609375 0.08203125 0.159375
0 0.23984375 0.903125 0.08203125 0.1671875
0 0.23984375 0.2875 0.08203125 0.159375
0 0.25625 0.58046875 0.08125 0.1875
0 0.3140625 0.8953125 0.08203125 0.1671875
0 0.31953125 0.28515625 0.08203125 0.159375
0 0.33125 0.59609375 0.07109375 0.159375
3 0.55859375 0.2875 0.08203125 0.159375
3 0.6390625 0.2890625 0.08203125 0.159375
3 0.7171875 0.29140625 0.08203125 0.159375
10 0.55 0.89921875 0.08203125 0.1671875
10 0.625 0.903125 0.08203125 0.1671875