0 0.40390625 0.625 0.06640625 0.15546875
0 0.41015625 0.8875 0.059375 0.13828125
0 0.4671875 0.89453125 0.059375 0.13828125
0 0.4796875 0.6328125 0.06640625 0.15546875
0 0.534375 0.8984375 0.059375 0.115625
0 0.5390625 0.625 0.06640625 0.15546875
0 0.59921875 0.89765625 0.05078125 0.1171875
0 0.6078125 0.63828125 0.0625 0.1328125
0 0.6375 0.375 0.0625 0.12890625
0 0.653125 0.9015625 0.05078125 0.1171875
0 0.66640625 0.63671875 0.0625 0.1328125
0 0.7234375 0.88984375 0.0609375 0.12890625
0 0.77421875 0.090625 0.0625 0.12890625
0 0.78359375 0.884375 0.0609375 0.12890625
0 0.8421875 0.096875 0.0625 0.12890625
0 0.8453125 0.89609375 0.05703125 0.11328125
0 0.8578125 0.62578125 0.065625 0.15
0 0.909375 0.0875 0.0625 0.12890625
0 0.909375 0.89609375 0.05703125 0.11328125
0 0.9234375 0.628125 0.065625 0.15
0 0.14375 0.8796875 0.065625 0.11171875
0 0.14921875 0.634375 0.0625 0.12890625
0 0.20703125 0.8875 0.065625 0.11171875
0 0.26875 0.884375 0.065625 0.13671875
0 0.33515625 0.63671875 0.0625 0.12890625
0 0.3359375 0.8921875 0.0609375 0.11328125
3 0.40234375 0.0890625 0.0625 0.12890625
3 0.40625 0.36953125 0.0625 0.12890625
3 0.46015625 0.08515625 0.0625 0.12890625
3 0.58125 0.090625 0.0625 0.12890625
3 0.64453125 0.090625 0.0625 0.12890625
3 0.7015625 0.375 0.0625 0.12890625
3 0.71328125 0.09453125 0.0625 0.12890625
3 0.7796875 0.37109375 0.0625 0.12890625
3 0.85625 0.3734375 0.0625 0.12890625
3 0.9203125 0.3734375 0.0625 0.12890625
3 0.13046875 0.36328125 0.0625 0.12890625
3 0.14375 0.0890625 0.0625 0.12890625
3 0.19609375 0.36328125 0.0625 0.12890625
3 0.2046875 0.096875 0.0625 0.12890625
3 0.26171875 0.365625 0.0625 0.12890625
3 0.26875 0.096875 0.0625 0.12890625
3 0.33515625 0.090625 0.0625 0.12890625
3 0.340625 0.36953125 0.0625 0.12890625
6 0.21015625 0.63046875 0.0625 0.12890625
6 0.27578125 0.6328125 0.0625 0.12890625
9 0.73125 0.6328125 0.0625 0.1328125
9 0.796875 0.63984375 0.065625 0.1328125