0 0.421875 0.81875 0.0783203125 0.16572265625
0 0.428125 0.23671875 0.081103515625 0.169970703125
0 0.42890625 0.534375 0.0794921875 0.162646484375
0 0.4828125 0.815625 0.0658203125 0.17509765625
0 0.49453125 0.5296875 0.0734375 0.162255859375
0 0.5484375 0.80859375 0.0783203125 0.1798828125
0 0.55703125 0.53203125 0.078125 0.161181640625
0 0.60390625 0.8109375 0.0736328125 0.18095703125
0 0.61953125 0.53203125 0.0767578125 0.16123046875
0 0.66875 0.80859375 0.080859375 0.1798828125
0 0.68359375 0.52421875 0.073388671875 0.173583984375
0 0.7328125 0.81171875 0.072265625 0.167041015625
0 0.74375 0.234375 0.081103515625 0.169091796875
0 0.73984375 0.5265625 0.0794921875 0.16533203125
0 0.7984375 0.52109375 0.075146484375 0.1701171875
0 0.8046875 0.2390625 0.081103515625 0.169091796875
0 0.11015625 0.81796875 0.0701171875 0.182666015625
0 0.11328125 0.22890625 0.08310546875 0.19248046875
0 0.1125 0.53515625 0.0654296875 0.142431640625
0 0.84765625 0.80546875 0.0673828125 0.164306640625
0 0.86171875 0.2390625 0.07373046875 0.16845703125
0 0.8625 0.51875 0.087451171875 0.17470703125
0 0.17109375 0.2265625 0.076904296875 0.193701171875
0 0.17421875 0.53203125 0.0767578125 0.15439453125
0 0.17421875 0.821875 0.0673828125 0.181591796875
0 0.23515625 0.21953125 0.086279296875 0.194970703125
0 0.240625 0.8265625 0.087158203125 0.162841796875
0 0.2390625 0.5296875 0.06865234375 0.150341796875
0 0.29609375 0.23671875 0.070458984375 0.166845703125
0 0.3 0.81875 0.0689453125 0.16279296875
0 0.3046875 0.5234375 0.072265625 0.1689453125
0 0.3578125 0.8296875 0.0689453125 0.16220703125
0 0.36640625 0.53671875 0.0767578125 0.161181640625
5 0.4921875 0.240625 0.084423828125 0.171630859375
5 0.5515625 0.234375 0.074658203125 0.168505859375
5 0.6203125 0.23671875 0.077783203125 0.167236328125
5 0.678125 0.2296875 0.084423828125 0.171630859375
5 0.9203125 0.225 0.0685546875 0.17158203125
5 0.36015625 0.23671875 0.070068359375 0.164306640625
2 0.79140625 0.80546875 0.0673828125 0.164306640625
2 0.9046875 0.8 0.0748046875 0.153076171875
2 0.925 0.51640625 0.068896484375 0.1671875