0 0.39921875 0.2890625 0.086083984375 0.159765625
0 0.40078125 0.903125 0.08876953125 0.169140625
0 0.409375 0.59609375 0.08134765625 0.1638671875
0 0.0796875 0.2890625 0.096923828125 0.165625
0 0.471875 0.89921875 0.093798828125 0.171875
0 0.48046875 0.2875 0.08896484375 0.1625
0 0.08515625 0.88125 0.092138671875 0.17197265625
0 0.48515625 0.58359375 0.0875 0.1982421875
0 0.56875 0.58515625 0.08125 0.1955078125
0 0.6453125 0.59453125 0.084765625 0.167333984375
0 0.7046875 0.8890625 0.102783203125 0.18466796875
0 0.109375 0.59453125 0.087548828125 0.1625
0 0.7265625 0.59453125 0.075 0.16396484375
0 0.778125 0.88125 0.097119140625 0.18720703125
0 0.796875 0.2890625 0.081298828125 0.159375
0 0.80078125 0.584375 0.089404296875 0.190625
0 0.8578125 0.89296875 0.084521484375 0.15625
0 0.875 0.6 0.093798828125 0.17216796875
0 0.878125 0.28515625 0.09384765625 0.1642578125
0 0.934375 0.8953125 0.078271484375 0.15615234375
0 0.9515625 0.59609375 0.096875 0.1734375
0 0.953125 0.284375 0.09375 0.165625
0 0.15234375 0.2875 0.098388671875 0.165625
0 0.16015625 0.86953125 0.089404296875 0.1703125
0 0.18046875 0.59609375 0.101318359375 0.1669921875
0 0.23984375 0.903125 0.082958984375 0.16865234375
0 0.23984375 0.2875 0.101318359375 0.1658203125
0 0.25625 0.58046875 0.087890625 0.190625
0 0.3140625 0.8953125 0.08427734375 0.166015625
0 0.31953125 0.28515625 0.095263671875 0.1642578125
0 0.33125 0.59609375 0.078466796875 0.1625
3 0.55859375 0.2875 0.082763671875 0.159375
3 0.6390625 0.2890625 0.096533203125 0.165625
3 0.7171875 0.29140625 0.09384765625 0.1642578125
10 0.55 0.89921875 0.081494140625 0.1671875
10 0.625 0.903125 0.100048828125 0.17509765625