0 0.40234375 0.73359375 0.0625 0.16015625
0 0.47265625 0.73359375 0.065625 0.16015625
0 0.5390625 0.73359375 0.065625 0.16484375
0 0.58046875 0.31015625 0.06953125 0.16484375
0 0.6015625 0.7359375 0.065625 0.16484375
0 0.090625 0.71875 0.0609375 0.1453125
0 0.64921875 0.315625 0.06953125 0.16484375
0 0.71875 0.31015625 0.06953125 0.16484375
0 0.7859375 0.31328125 0.06953125 0.16484375
0 0.86953125 0.7484375 0.065625 0.16484375
0 0.9265625 0.3 0.065625 0.190625
0 0.93828125 0.73125 0.065625 0.18515625
0 0.15 0.72109375 0.0609375 0.1453125
0 0.1796875 0.3078125 0.059375 0.16484375
0 0.2125 0.7234375 0.0609375 0.1453125
0 0.27421875 0.72109375 0.0625 0.15546875
0 0.33515625 0.72578125 0.0625 0.15546875
0 0.03046875 0.7125 0.05546875 0.1578125
4 0.675 0.74609375 0.065625 0.16484375
4 0.74140625 0.7359375 0.065625 0.16484375
4 0.80703125 0.74375 0.065625 0.16484375
8 0.44140625 0.303125 0.0625 0.16484375
8 0.5078125 0.3078125 0.06953125 0.16484375
8 0.85546875 0.29765625 0.065625 0.190625
8 0.1171875 0.31015625 0.059375 0.16484375
8 0.24375 0.3078125 0.059375 0.16484375
8 0.3078125 0.3078125 0.0625 0.16484375
8 0.06015625 0.31328125 0.059375 0.16484375
8 0.3703125 0.31015625 0.0625 0.16484375