0 0.42265625 0.51796875 0.0640625 0.146875
0 0.4234375 0.13515625 0.059375 0.125
0 0.4234375 0.3390625 0.059375 0.125
0 0.42734375 0.90234375 0.0625 0.1328125
0 0.428125 0.7109375 0.0609375 0.14453125
0 0.4828125 0.14765625 0.059375 0.146875
0 0.4890625 0.52578125 0.0640625 0.13125
0 0.48828125 0.3328125 0.059375 0.14453125
0 0.4921875 0.70078125 0.0609375 0.1484375
0 0.54609375 0.1515625 0.05546875 0.115625
0 0.55078125 0.8890625 0.0625 0.1328125
0 0.55625 0.52578125 0.0640625 0.13125
0 0.55625 0.3375 0.05546875 0.12734375
0 0.61015625 0.1578125 0.05546875 0.115625
0 0.61640625 0.88515625 0.0625 0.1328125
0 0.61328125 0.33125 0.05546875 0.13671875
0 0.6765625 0.5078125 0.0640625 0.13125
0 0.67421875 0.146875 0.05546875 0.13671875
0 0.67890625 0.89453125 0.0625 0.1328125
0 0.67578125 0.32890625 0.05546875 0.14453125
0 0.734375 0.87734375 0.0625 0.1328125
0 0.73828125 0.7078125 0.0609375 0.12734375
0 0.740625 0.521875 0.0640625 0.13125
0 0.73828125 0.34375 0.05546875 0.12734375
0 0.79453125 0.8890625 0.05859375 0.12890625
0 0.79375 0.1546875 0.05703125 0.12890625
0 0.8 0.33984375 0.059375 0.12734375
0 0.8015625 0.5234375 0.0640625 0.13125
0 0.8015625 0.709375 0.0609375 0.12734375
0 0.23828125 0.71171875 0.06796875 0.146875
0 0.2359375 0.340625 0.05703125 0.12890625
0 0.23515625 0.140625 0.046875 0.125
0 0.24609375 0.51484375 0.059375 0.1484375
0 0.3015625 0.90546875 0.0609375 0.12734375
0 0.303125 0.53125 0.0640625 0.13515625
0 0.30234375 0.1390625 0.059375 0.125
0 0.30390625 0.3328125 0.0625 0.140625
0 0.35859375 0.53125 0.0640625 0.13515625
0 0.3625 0.70078125 0.06796875 0.140625
0 0.3578125 0.13671875 0.059375 0.125
1 0.2984375 0.71484375 0.06796875 0.140625
5 0.55078125 0.709375 0.0609375 0.12734375
5 0.60859375 0.71328125 0.0609375 0.12734375
7 0.4875 0.90234375 0.0625 0.1328125
7 0.37421875 0.89453125 0.0609375 0.140625
9 0.734375 0.1625 0.05703125 0.1171875
10 0.23828125 0.90390625 0.0609375 0.12734375
2 0.615625 0.52734375 0.0640625 0.13125