0 0.41796875 0.840625 0.07060546875 0.13095703125
0 0.42109375 0.5359375 0.070654296875 0.15341796875
0 0.48828125 0.83203125 0.08271484375 0.1578125
0 0.49296875 0.53984375 0.076806640625 0.158056640625
0 0.559375 0.8421875 0.07822265625 0.1564453125
0 0.5609375 0.55 0.078076171875 0.134521484375
0 0.59453125 0.25390625 0.082763671875 0.144970703125
0 0.628125 0.8359375 0.08427734375 0.1591796875
0 0.63203125 0.55234375 0.067236328125 0.129736328125
0 0.6640625 0.25390625 0.077978515625 0.142431640625
0 0.69609375 0.8421875 0.070556640625 0.153515625
0 0.703125 0.5484375 0.074755859375 0.134130859375
0 0.76171875 0.25390625 0.080029296875 0.144970703125
0 0.7671875 0.8359375 0.078466796875 0.1564453125
0 0.77421875 0.55 0.070361328125 0.131591796875
0 0.834375 0.25546875 0.075244140625 0.142236328125
0 0.83515625 0.8484375 0.070361328125 0.127734375
0 0.90546875 0.85 0.079638671875 0.131298828125
0 0.9109375 0.25546875 0.077978515625 0.142431640625
0 0.125 0.825 0.06884765625 0.13115234375
0 0.04921875 0.54453125 0.076513671875 0.1296875
0 0.18671875 0.5484375 0.0703125 0.13095703125
0 0.19296875 0.81328125 0.073681640625 0.132861328125
0 0.05234375 0.8265625 0.067236328125 0.131201171875
0 0.25390625 0.5484375 0.075 0.13154296875
0 0.25859375 0.83203125 0.07958984375 0.1294921875
0 0.2703125 0.25390625 0.077783203125 0.142236328125
0 0.3375 0.5375 0.081494140625 0.15615234375
0 0.34375 0.8375 0.078271484375 0.13720703125
0 0.34609375 0.25546875 0.08603515625 0.14541015625
3 0.11875 0.2515625 0.08134765625 0.13427734375
3 0.04921875 0.2484375 0.083154296875 0.134423828125
3 0.18984375 0.25 0.076513671875 0.131298828125
6 0.1203125 0.54453125 0.07158203125 0.1298828125
9 0.83828125 0.55625 0.076416015625 0.134521484375
9 0.91015625 0.55625 0.076611328125 0.134521484375