0 0.45390625 0.91171875 0.0703125 0.1296875
0 0.45625 0.3109375 0.0654296875 0.124755859375
0 0.459375 0.7109375 0.0689453125 0.109033203125
0 0.45859375 0.10703125 0.061279296875 0.114111328125
0 0.50859375 0.91015625 0.0671875 0.1294921875
0 0.50859375 0.30859375 0.0732421875 0.12626953125
0 0.51484375 0.71328125 0.065625 0.10771484375
0 0.51484375 0.11015625 0.0669921875 0.10751953125
0 0.5609375 0.92109375 0.0658203125 0.107568359375
0 0.5640625 0.31171875 0.072265625 0.1125
0 0.56796875 0.70546875 0.0625 0.105029296875
0 0.56953125 0.11328125 0.065625 0.107470703125
0 0.61875 0.115625 0.0654296875 0.10634765625
0 0.621875 0.90703125 0.074609375 0.121875
0 0.62421875 0.315625 0.0642578125 0.10634765625
0 0.6234375 0.70703125 0.0654296875 0.1173828125
0 0.678125 0.71015625 0.075390625 0.1111328125
0 0.675 0.3078125 0.069140625 0.11279296875
0 0.675 0.1171875 0.068359375 0.106591796875
0 0.675 0.903125 0.05625 0.10947265625
0 0.675 0.509375 0.059375 0.115283203125
0 0.72578125 0.31171875 0.0611328125 0.1080078125
0 0.728125 0.9015625 0.06884765625 0.11884765625
0 0.72734375 0.11328125 0.0638671875 0.10478515625
0 0.73046875 0.70234375 0.0642578125 0.1173828125
0 0.73046875 0.5078125 0.0638671875 0.11572265625
0 0.77578125 0.9 0.0703125 0.12197265625
0 0.7765625 0.31171875 0.0654296875 0.1107421875
0 0.778125 0.115625 0.0623046875 0.106005859375
0 0.778125 0.509375 0.062890625 0.115673828125
0 0.78359375 0.70078125 0.071875 0.1205078125
0 0.834375 0.31328125 0.059375 0.1078125
0 0.8390625 0.1171875 0.0626953125 0.106201171875
0 0.11328125 0.71796875 0.0640625 0.1078125
0 0.1140625 0.915625 0.072265625 0.1283203125
0 0.1171875 0.30703125 0.0685546875 0.132763671875
0 0.11875 0.51328125 0.0658203125 0.1294921875
0 0.1234375 0.11171875 0.066015625 0.1017578125
0 0.1671875 0.915625 0.0658203125 0.12529296875
0 0.17421875 0.71796875 0.0732421875 0.1111328125
0 0.1734375 0.30078125 0.059765625 0.129833984375
0 0.171875 0.51171875 0.0625 0.1267578125
0 0.18125 0.11171875 0.0689453125 0.103125
0 0.228125 0.71796875 0.07470703125 0.1111328125
0 0.22578125 0.509375 0.0671875 0.1283203125
0 0.23046875 0.92421875 0.0642578125 0.10439453125
0 0.23046875 0.30703125 0.0701171875 0.132958984375
0 0.23203125 0.11171875 0.0640625 0.1013671875
0 0.28671875 0.11015625 0.0673828125 0.103125
0 0.28515625 0.51484375 0.0640625 0.117138671875
0 0.29140625 0.91015625 0.0640625 0.111181640625
0 0.29453125 0.71015625 0.060986328125 0.1203125
0 0.34375 0.91171875 0.0689453125 0.114111328125
0 0.340625 0.5171875 0.062109375 0.11533203125
0 0.34375 0.71484375 0.0685546875 0.10791015625
0 0.34609375 0.11171875 0.0642578125 0.1015625
0 0.396875 0.9140625 0.0748046875 0.109423828125
0 0.396875 0.3109375 0.059375 0.12177734375
0 0.4 0.71484375 0.0654296875 0.10771484375
0 0.4 0.51328125 0.056640625 0.11416015625
0 0.403125 0.10859375 0.05595703125 0.11416015625
1 0.28515625 0.3109375 0.0703125 0.125146484375
1 0.34375 0.3125 0.0625 0.122021484375
5 0.4578125 0.51328125 0.0626953125 0.117138671875
5 0.51328125 0.5171875 0.0611328125 0.11552734375
5 0.56484375 0.51484375 0.0578125 0.114208984375
5 0.6171875 0.51328125 0.059765625 0.114404296875
5 0.828125 0.5015625 0.0685546875 0.118408203125
2 0.8390625 0.696875 0.0716796875 0.121875