0 0.421875 0.81875 0.065625 0.1609375
0 0.428125 0.23671875 0.06640625 0.16484375
0 0.42890625 0.534375 0.065625 0.15859375
0 0.4828125 0.815625 0.065625 0.1765625
0 0.49453125 0.5296875 0.065625 0.15859375
0 0.5484375 0.80859375 0.065625 0.1765625
0 0.55703125 0.53203125 0.065625 0.15859375
0 0.60390625 0.8109375 0.065625 0.1765625
0 0.61953125 0.53203125 0.065625 0.15859375
0 0.66875 0.80859375 0.065625 0.1765625
0 0.68359375 0.52421875 0.05703125 0.16953125
0 0.7328125 0.81171875 0.065625 0.16484375
0 0.74375 0.234375 0.06640625 0.16484375
0 0.73984375 0.5265625 0.059375 0.1609375
0 0.7984375 0.52109375 0.06796875 0.1671875
0 0.8046875 0.2390625 0.06640625 0.16484375
0 0.11015625 0.81796875 0.0609375 0.18046875
0 0.11328125 0.22890625 0.06640625 0.18984375
0 0.1125 0.53515625 0.0625 0.14296875
0 0.84765625 0.80546875 0.065625 0.16484375
0 0.86171875 0.2390625 0.06640625 0.16484375
0 0.8625 0.51875 0.06796875 0.1671875
0 0.17109375 0.2265625 0.06640625 0.18984375
0 0.17421875 0.53203125 0.0640625 0.14921875
0 0.17421875 0.821875 0.0609375 0.18046875
0 0.23515625 0.21953125 0.06640625 0.18984375
0 0.240625 0.8265625 0.07265625 0.15859375
0 0.2390625 0.5296875 0.0640625 0.14921875
0 0.29609375 0.23671875 0.06640625 0.16484375
0 0.3 0.81875 0.065625 0.1609375
0 0.3046875 0.5234375 0.0609375 0.1671875
0 0.3578125 0.8296875 0.065625 0.1609375
0 0.36640625 0.53671875 0.065625 0.15859375
5 0.4921875 0.240625 0.06640625 0.16484375
5 0.5515625 0.234375 0.06640625 0.16484375
5 0.6203125 0.23671875 0.06640625 0.16484375
5 0.678125 0.2296875 0.06640625 0.16484375
5 0.9203125 0.225 0.0625 0.16953125
5 0.36015625 0.23671875 0.06640625 0.16484375
2 0.79140625 0.80546875 0.065625 0.16484375
2 0.9046875 0.8 0.065625 0.14921875
2 0.925 0.51640625 0.06796875 0.1671875