0 0.42421875 0.35 0.08623046875 0.1845703125
0 0.4921875 0.771875 0.087548828125 0.243798828125
0 0.49609375 0.3609375 0.07978515625 0.183984375
0 0.5609375 0.78046875 0.09990234375 0.220166015625
0 0.56015625 0.3578125 0.083154296875 0.18408203125
0 0.63046875 0.771875 0.090625 0.21865234375
0 0.09296875 0.37109375 0.086279296875 0.184375
0 0.634375 0.359375 0.08720703125 0.19716796875
0 0.70859375 0.7828125 0.0888671875 0.21845703125
0 0.70390625 0.3671875 0.080029296875 0.197021484375
0 0.778125 0.78515625 0.10322265625 0.220361328125
0 0.77734375 0.3671875 0.073779296875 0.196630859375
0 0.84765625 0.78046875 0.0861328125 0.217041015625
0 0.85859375 0.3703125 0.07958984375 0.19677734375
0 0.13515625 0.76953125 0.06875 0.2263671875
0 0.1484375 0.365625 0.084228515625 0.18466796875
0 0.19921875 0.77578125 0.065625 0.20625
0 0.2125 0.36328125 0.07216796875 0.1826171875
0 0.28046875 0.35234375 0.08310546875 0.184375
0 0.3546875 0.36328125 0.07529296875 0.1828125
0 0.06875 0.76953125 0.08759765625 0.21748046875
1 0.41796875 0.77578125 0.0951171875 0.2107421875
1 0.26640625 0.77578125 0.079833984375 0.2078125
1 0.34296875 0.77109375 0.0892578125 0.209375