0 0.43515625 0.60390625 0.0642578125 0.134375
0 0.4359375 0.3796875 0.0720703125 0.13154296875
0 0.43828125 0.8453125 0.071875 0.12783203125
0 0.4390625 0.13359375 0.065283203125 0.1375
0 0.49140625 0.378125 0.0625 0.125390625
0 0.4953125 0.8453125 0.06845703125 0.12509765625
0 0.4984375 0.1328125 0.0654296875 0.1345703125
0 0.55078125 0.37421875 0.071875 0.13125
0 0.55546875 0.14296875 0.0734375 0.1267578125
0 0.5546875 0.84375 0.06279296875 0.12529296875
0 0.60546875 0.378125 0.0705078125 0.13095703125
0 0.61484375 0.14140625 0.0734375 0.1267578125
0 0.6140625 0.8359375 0.06552734375 0.134765625
0 0.66875 0.14140625 0.069140625 0.1263671875
0 0.67265625 0.834375 0.0732421875 0.1376953125
0 0.67109375 0.36328125 0.063720703125 0.139111328125
0 0.72109375 0.37109375 0.064306640625 0.1267578125
0 0.72578125 0.1375 0.0763671875 0.12841796875
0 0.725 0.83984375 0.0685546875 0.1361328125
0 0.7265625 0.61328125 0.07470703125 0.1375
0 0.77890625 0.83203125 0.0640625 0.1357421875
0 0.784375 0.1390625 0.0748046875 0.12529296875
0 0.78203125 0.375 0.064306640625 0.1279296875
0 0.7859375 0.60625 0.06865234375 0.13447265625
0 0.8375 0.3734375 0.07216796875 0.128515625
0 0.84140625 0.6078125 0.0701171875 0.13740234375
0 0.8421875 0.14140625 0.0689453125 0.116845703125
0 0.84609375 0.82890625 0.0669921875 0.1361328125
0 0.89296875 0.3734375 0.064306640625 0.1279296875
0 0.89765625 0.1390625 0.0609375 0.112646484375
0 0.90546875 0.825 0.0763671875 0.137890625
0 0.13671875 0.85234375 0.0705078125 0.121875
0 0.14375 0.13828125 0.0720703125 0.121875
0 0.14296875 0.6078125 0.063916015625 0.146484375
0 0.14375 0.36328125 0.0748046875 0.1484375
0 0.19921875 0.60390625 0.073095703125 0.1482421875
0 0.2015625 0.13984375 0.066015625 0.1201171875
0 0.2 0.3671875 0.074609375 0.1470703125
0 0.20234375 0.85234375 0.0669921875 0.1201171875
0 0.25390625 0.60390625 0.06083984375 0.1451171875
0 0.25546875 0.36328125 0.0625 0.1451171875
0 0.2625 0.13671875 0.0748046875 0.1232421875
0 0.26171875 0.8484375 0.0701171875 0.11904296875
0 0.31328125 0.61328125 0.0701171875 0.1359375
0 0.32265625 0.13046875 0.071875 0.1205078125
0 0.3234375 0.84453125 0.05966796875 0.135986328125
0 0.37578125 0.84765625 0.071875 0.1267578125
0 0.38359375 0.13984375 0.0669921875 0.11875
1 0.32109375 0.3703125 0.059375 0.12802734375
1 0.3765625 0.3703125 0.0625 0.128125
5 0.49765625 0.6078125 0.0671875 0.134765625
5 0.55078125 0.61171875 0.0671875 0.1357421875
5 0.60859375 0.61171875 0.075 0.1375
5 0.665625 0.6078125 0.0654296875 0.134375
5 0.89453125 0.5984375 0.0611328125 0.146875
5 0.3703125 0.615625 0.06591796875 0.13447265625