0 0.46484375 0.79140625 0.08203125 0.2390625
0 0.46953125 0.5265625 0.08671875 0.1984375
0 0.47265625 0.228125 0.08203125 0.21484375
0 0.553125 0.23828125 0.08359375 0.190625
0 0.55546875 0.53203125 0.07421875 0.203125
0 0.62890625 0.53046875 0.075 0.20078125
0 0.625 0.2234375 0.065625 0.24375
0 0.70234375 0.234375 0.08359375 0.22734375
0 0.70703125 0.51328125 0.08203125 0.2203125
0 0.78515625 0.81328125 0.0953125 0.20546875
0 0.78125 0.25 0.08515625 0.21484375
0 0.79140625 0.53046875 0.08203125 0.190625
0 0.86328125 0.528125 0.08203125 0.19609375
0 0.87109375 0.8109375 0.0953125 0.20546875
0 0.86875 0.240625 0.075 0.21484375
0 0.15078125 0.80859375 0.08515625 0.234375
0 0.1515625 0.225 0.08125 0.1984375
0 0.159375 0.50234375 0.08515625 0.24140625
0 0.23828125 0.19921875 0.08671875 0.2203125
0 0.2359375 0.52578125 0.0796875 0.20078125
0 0.30859375 0.80703125 0.08828125 0.23671875
0 0.30859375 0.5234375 0.08515625 0.1859375
0 0.38515625 0.51484375 0.08203125 0.23671875
0 0.38984375 0.8046875 0.08125 0.246875
0 0.39140625 0.2390625 0.08125 0.18359375
1 0.22890625 0.81484375 0.08515625 0.2078125
5 0.53984375 0.8171875 0.08828125 0.17421875
5 0.62421875 0.81796875 0.0953125 0.20546875