0 0.03046875 0.80078125 0.0609375 0.1484375
0 0.40703125 0.1765625 0.0611328125 0.112548828125
0 0.43125 0.5078125 0.06845703125 0.122265625
0 0.4625 0.846875 0.07470703125 0.13115234375
0 0.46953125 0.1765625 0.0669921875 0.115478515625
0 0.49921875 0.50546875 0.067529296875 0.1236328125
0 0.53046875 0.1765625 0.06875 0.115869140625
0 0.56015625 0.50546875 0.076904296875 0.128125
0 0.59375 0.84609375 0.062890625 0.132958984375
0 0.59609375 0.18203125 0.06875 0.117333984375
0 0.62421875 0.509375 0.070458984375 0.12529296875
0 0.659375 0.85 0.0748046875 0.137158203125
0 0.65859375 0.178125 0.071875 0.11845703125
0 0.68984375 0.50546875 0.079638671875 0.1294921875
0 0.71953125 0.18203125 0.0703125 0.117333984375
0 0.72265625 0.85625 0.071875 0.13466796875
0 0.75390625 0.5140625 0.076318359375 0.12529296875
0 0.784375 0.85390625 0.071875 0.136083984375
0 0.78515625 0.18203125 0.0736328125 0.120068359375
0 0.821875 0.51171875 0.07216796875 0.1265625
0 0.84609375 0.18671875 0.0671875 0.117138671875
0 0.1109375 0.1796875 0.065283203125 0.115576171875
0 0.88125 0.50078125 0.059326171875 0.145361328125
0 0.91640625 0.18046875 0.0701171875 0.117138671875
0 0.921875 0.83515625 0.078125 0.146875
0 0.95078125 0.50078125 0.060791015625 0.145556640625
0 0.125 0.5015625 0.065625 0.121923828125
0 0.16484375 0.17734375 0.07041015625 0.11708984375
0 0.18203125 0.50390625 0.0638671875 0.120263671875
0 0.22265625 0.18046875 0.0669921875 0.116943359375
0 0.0484375 0.18515625 0.056494140625 0.098486328125
0 0.24296875 0.50390625 0.0732421875 0.12373046875
0 0.28203125 0.17421875 0.0625 0.114208984375
0 0.2984375 0.50546875 0.0716796875 0.123583984375
0 0.34140625 0.1765625 0.0673828125 0.115673828125
0 0.0625 0.4859375 0.0783203125 0.14677734375
0 0.36328125 0.5015625 0.079833984375 0.125048828125
8 0.3984375 0.840625 0.062841796875 0.127978515625
8 0.5265625 0.84921875 0.065966796875 0.129638671875
8 0.1 0.81875 0.072216796875 0.130908203125
8 0.85078125 0.8390625 0.0673828125 0.141015625
8 0.16015625 0.82265625 0.07001953125 0.12978515625
8 0.21484375 0.8328125 0.066845703125 0.128173828125
8 0.275 0.83515625 0.059716796875 0.126708984375
8 0.3359375 0.8390625 0.072216796875 0.130908203125