0 0.41796875 0.840625 0.06796875 0.12890625
0 0.42109375 0.5359375 0.06640625 0.1515625
0 0.48828125 0.83203125 0.06796875 0.153125
0 0.49296875 0.53984375 0.06796875 0.15546875
0 0.559375 0.8421875 0.06796875 0.153125
0 0.5609375 0.55 0.06796875 0.13046875
0 0.59453125 0.25390625 0.06953125 0.13984375
0 0.628125 0.8359375 0.06796875 0.153125
0 0.63203125 0.55234375 0.06796875 0.13046875
0 0.6640625 0.25390625 0.06953125 0.13984375
0 0.69609375 0.8421875 0.06796875 0.153125
0 0.703125 0.5484375 0.06796875 0.13046875
0 0.76171875 0.25390625 0.06953125 0.13984375
0 0.7671875 0.8359375 0.06796875 0.153125
0 0.77421875 0.55 0.06796875 0.13046875
0 0.834375 0.25546875 0.06953125 0.13984375
0 0.83515625 0.8484375 0.06796875 0.125
0 0.90546875 0.85 0.07265625 0.12890625
0 0.9109375 0.25546875 0.06953125 0.13984375
0 0.125 0.825 0.06796875 0.13046875
0 0.04921875 0.54453125 0.06953125 0.1265625
0 0.18671875 0.5484375 0.0640625 0.1265625
0 0.19296875 0.81328125 0.06796875 0.13046875
0 0.05234375 0.8265625 0.06796875 0.13046875
0 0.25390625 0.5484375 0.0640625 0.1265625
0 0.25859375 0.83203125 0.06796875 0.1234375
0 0.2703125 0.25390625 0.06953125 0.13984375
0 0.3375 0.5375 0.06640625 0.1515625
0 0.34375 0.8375 0.06796875 0.1328125
0 0.34609375 0.25546875 0.06953125 0.13984375
3 0.11875 0.2515625 0.06953125 0.12890625
3 0.04921875 0.2484375 0.06953125 0.12890625
3 0.18984375 0.25 0.06953125 0.12890625
6 0.1203125 0.54453125 0.0609375 0.1265625
9 0.83828125 0.55625 0.06796875 0.13046875
9 0.91015625 0.55625 0.06796875 0.13046875