0 0.43359375 0.884375 0.0611328125 0.125
0 0.43515625 0.16484375 0.0734375 0.1294921875
0 0.4390625 0.64296875 0.071484375 0.1298828125
0 0.44140625 0.4046875 0.063818359375 0.131591796875
0 0.48828125 0.871875 0.0611328125 0.134375
0 0.49609375 0.1609375 0.0763671875 0.128515625
0 0.496875 0.6390625 0.065625 0.13095703125
0 0.54765625 0.86640625 0.0732421875 0.1388671875
0 0.55625 0.1625 0.0720703125 0.1283203125
0 0.5609375 0.64453125 0.059375 0.1265625
0 0.60703125 0.86640625 0.06875 0.1375
0 0.61484375 0.6390625 0.0669921875 0.1310546875
0 0.61875 0.1625 0.075 0.130859375
0 0.67109375 0.85859375 0.0763671875 0.1390625
0 0.67890625 0.15234375 0.059375 0.139013671875
0 0.6796875 0.63828125 0.05908203125 0.13623046875
0 0.73046875 0.6390625 0.0734375 0.13154296875
0 0.73046875 0.87421875 0.075 0.1390625
0 0.734375 0.16015625 0.056494140625 0.1234375
0 0.734375 0.39765625 0.065869140625 0.1294921875
0 0.78203125 0.86484375 0.06875 0.1375
0 0.78671875 0.16171875 0.0767578125 0.1294921875
0 0.790625 0.628125 0.07216796875 0.1376953125
0 0.79296875 0.39765625 0.06416015625 0.1267578125
0 0.8375 0.8625 0.06552734375 0.1345703125
0 0.8453125 0.15625 0.072265625 0.12822265625
0 0.8484375 0.6296875 0.0623046875 0.1345703125
0 0.85078125 0.39375 0.067333984375 0.1283203125
0 0.8953125 0.86328125 0.05947265625 0.129638671875
0 0.9046875 0.15625 0.078515625 0.13095703125
0 0.13671875 0.15546875 0.0765625 0.158056640625
0 0.13828125 0.6484375 0.0671875 0.12197265625
0 0.1390625 0.40234375 0.075 0.142529296875
0 0.1390625 0.8796875 0.071533203125 0.1376953125
0 0.1953125 0.1515625 0.08154296875 0.162255859375
0 0.196875 0.87421875 0.06904296875 0.142138671875
0 0.19609375 0.40234375 0.0701171875 0.142138671875
0 0.1984375 0.646875 0.06572265625 0.121923828125
0 0.25625 0.15703125 0.07216796875 0.1546875
0 0.259375 0.646875 0.0720703125 0.12470703125
0 0.25859375 0.3984375 0.059375 0.137548828125
0 0.26328125 0.8828125 0.0611328125 0.121826171875
0 0.315625 0.4046875 0.062548828125 0.134130859375
0 0.3203125 0.87109375 0.05966796875 0.125
0 0.3234375 0.64140625 0.056005859375 0.139208984375
0 0.37578125 0.8828125 0.0611328125 0.125
0 0.375 0.4078125 0.059033203125 0.131396484375
0 0.38203125 0.6484375 0.071875 0.13154296875
1 0.31875 0.16484375 0.06904296875 0.128125
1 0.37890625 0.159375 0.0765625 0.1310546875
5 0.496875 0.4015625 0.068994140625 0.128515625
5 0.55703125 0.40546875 0.070458984375 0.1296875
5 0.61796875 0.4015625 0.067138671875 0.128125
5 0.671875 0.4015625 0.071728515625 0.128515625
5 0.89609375 0.3921875 0.067333984375 0.140771484375
2 0.91015625 0.628125 0.0736328125 0.137890625