0 0.0375 0.68984375 0.075 0.1671875
0 0.40390625 0.6921875 0.08125 0.190771484375
0 0.446875 0.253125 0.093359375 0.174609375
0 0.08671875 0.684375 0.0955078125 0.209130859375
0 0.52890625 0.25078125 0.0984375 0.18291015625
0 0.65859375 0.725 0.0861328125 0.1779296875
0 0.74375 0.72265625 0.0841796875 0.1763671875
0 0.875 0.25703125 0.100048828125 0.182861328125
0 0.12109375 0.259375 0.0763671875 0.16875
0 0.953125 0.2421875 0.09375 0.20625
0 0.04921875 0.26328125 0.0767578125 0.1701171875
0 0.19921875 0.25703125 0.0890625 0.1734375
0 0.28359375 0.2546875 0.0984375 0.175
0 0.36328125 0.25078125 0.0888671875 0.171875
4 0.6203125 0.253125 0.0841796875 0.178271484375
4 0.71171875 0.253125 0.09853515625 0.18408203125
4 0.79375 0.25703125 0.090869140625 0.179736328125
7 0.49296875 0.71328125 0.107958984375 0.198095703125
7 0.57890625 0.7125 0.0888671875 0.178125
7 0.82890625 0.7265625 0.0830078125 0.1751953125
7 0.91796875 0.73125 0.0923828125 0.180859375
7 0.1671875 0.7046875 0.09658203125 0.17158203125
7 0.24375 0.703125 0.096630859375 0.171630859375
7 0.31484375 0.696875 0.0796875 0.190576171875