0 0.409375 0.834375 0.078271484375 0.159033203125
0 0.421875 0.5578125 0.08720703125 0.16279296875
0 0.07421875 0.81875 0.079638671875 0.162451171875
0 0.07421875 0.54296875 0.076416015625 0.1763671875
0 0.484375 0.8359375 0.07822265625 0.15908203125
0 0.49453125 0.56015625 0.07978515625 0.16083984375
0 0.50703125 0.278125 0.08271484375 0.18779296875
0 0.08984375 0.2921875 0.0794921875 0.16875
0 0.55703125 0.8359375 0.082470703125 0.159423828125
0 0.565625 0.56015625 0.078271484375 0.160595703125
0 0.5796875 0.2875 0.087451171875 0.165380859375
0 0.621875 0.82890625 0.075390625 0.1794921875
0 0.6375 0.5640625 0.090771484375 0.165576171875
0 0.64921875 0.2859375 0.082861328125 0.1720703125
0 0.69375 0.8359375 0.090673828125 0.171630859375
0 0.7046875 0.5625 0.078271484375 0.159716796875
0 0.7203125 0.2859375 0.075146484375 0.171484375
0 0.76328125 0.8359375 0.092333984375 0.171826171875
0 0.7796875 0.54921875 0.0689453125 0.179541015625
0 0.78984375 0.2859375 0.084375 0.16259765625
0 0.84453125 0.834375 0.07353515625 0.16552734375
0 0.84765625 0.5578125 0.082568359375 0.162646484375
0 0.86484375 0.28828125 0.0794921875 0.1611328125
0 0.14453125 0.82109375 0.073779296875 0.160595703125
0 0.14609375 0.55078125 0.085791015625 0.178125
0 0.1578125 0.2859375 0.093505859375 0.175
0 0.2078125 0.81796875 0.081298828125 0.179931640625
0 0.21171875 0.54453125 0.079736328125 0.1767578125
0 0.215625 0.29296875 0.090771484375 0.164111328125
0 0.271875 0.815625 0.07529296875 0.18115234375
0 0.3390625 0.81796875 0.074853515625 0.179541015625
0 0.34921875 0.56015625 0.076806640625 0.160595703125
1 0.4296875 0.2890625 0.090234375 0.171484375
1 0.290625 0.29296875 0.0841796875 0.1701171875
1 0.3671875 0.2890625 0.084765625 0.16884765625
5 0.28125 0.55703125 0.075341796875 0.167236328125