0 0.42890625 0.61171875 0.059375 0.11015625
0 0.4375 0.06640625 0.0609375 0.10625
0 0.07578125 0.0671875 0.06484375 0.11953125
0 0.484375 0.61953125 0.059375 0.11015625
0 0.4984375 0.06796875 0.0625 0.10625
0 0.0734375 0.82421875 0.0546875 0.10625
0 0.5125 0.86484375 0.05625 0.11953125
0 0.546875 0.62109375 0.059375 0.11015625
0 0.5625 0.06796875 0.0625 0.10625
0 0.590625 0.34453125 0.06328125 0.11328125
0 0.60546875 0.62109375 0.059375 0.11015625
0 0.61953125 0.0703125 0.0625 0.10625
0 0.08984375 0.59375 0.059375 0.10390625
0 0.65 0.3484375 0.06328125 0.11328125
0 0.68359375 0.0703125 0.0625 0.10625
0 0.690625 0.88515625 0.05625 0.1
0 0.71171875 0.35234375 0.06328125 0.11328125
0 0.7421875 0.071875 0.0625 0.10625
0 0.7453125 0.89140625 0.05625 0.1
0 0.77265625 0.35234375 0.06328125 0.11328125
0 0.809375 0.071875 0.0625 0.10625
0 0.853125 0.63046875 0.06328125 0.10625
0 0.8703125 0.065625 0.0578125 0.1265625
0 0.9046875 0.3453125 0.06328125 0.1234375
0 0.9078125 0.62421875 0.0546875 0.115625
0 0.94296875 0.06328125 0.0578125 0.1265625
0 0.1296875 0.8421875 0.0546875 0.09296875
0 0.14296875 0.603125 0.059375 0.10390625
0 0.14140625 0.075 0.05625 0.09296875
0 0.1828125 0.84765625 0.0546875 0.09296875
0 0.196875 0.60546875 0.059375 0.10390625
0 0.19921875 0.071875 0.0609375 0.09453125
0 0.23203125 0.84921875 0.0546875 0.09296875
0 0.25546875 0.07265625 0.0609375 0.1
0 0.2578125 0.59921875 0.059375 0.10390625
0 0.05234375 0.334375 0.0578125 0.1265625
0 0.2796875 0.8515625 0.05 0.096875
0 0.3125 0.60625 0.059375 0.11015625
0 0.3125 0.07109375 0.0609375 0.1
0 0.36640625 0.61015625 0.059375 0.11015625
0 0.3703125 0.06796875 0.0609375 0.10625
4 0.67109375 0.62890625 0.059375 0.10625
4 0.73359375 0.6265625 0.06328125 0.10625
4 0.79296875 0.63046875 0.06328125 0.10625
7 0.4515625 0.86328125 0.05625 0.11015625
7 0.57265625 0.87890625 0.05625 0.10234375
7 0.62890625 0.88125 0.05625 0.096875
7 0.809375 0.89296875 0.05625 0.1
7 0.86796875 0.89453125 0.05625 0.1
7 0.34296875 0.86484375 0.05 0.09296875
7 0.396875 0.86875 0.0546875 0.1
8 0.46484375 0.34375 0.0578125 0.10390625
8 0.52421875 0.34765625 0.0578125 0.10390625
8 0.8375 0.3421875 0.06328125 0.1234375
8 0.11875 0.3390625 0.0546875 0.0984375
8 0.1734375 0.340625 0.0546875 0.0984375
8 0.23046875 0.340625 0.0546875 0.0984375
8 0.28828125 0.34296875 0.0546875 0.10234375
8 0.34375 0.340625 0.0546875 0.10234375
8 0.4046875 0.34453125 0.0546875 0.10234375