0 0.409375 0.82890625 0.07470703125 0.15791015625
0 0.43203125 0.25703125 0.0732421875 0.14501953125
0 0.07421875 0.55234375 0.0705078125 0.1703125
0 0.48125 0.83125 0.084716796875 0.162158203125
0 0.5015625 0.553125 0.090380859375 0.184033203125
0 0.503125 0.2515625 0.0783203125 0.146533203125
0 0.55859375 0.825 0.088720703125 0.162353515625
0 0.57265625 0.56015625 0.0921875 0.1580078125
0 0.575 0.259375 0.08125 0.146728515625
0 0.63515625 0.83125 0.086181640625 0.162353515625
0 0.0921875 0.2671875 0.0810546875 0.14677734375
0 0.6421875 0.5578125 0.08115234375 0.1533203125
0 0.64375 0.253125 0.0658203125 0.140673828125
0 0.7046875 0.82734375 0.078466796875 0.160888671875
0 0.7171875 0.5578125 0.08779296875 0.158984375
0 0.7171875 0.25546875 0.071630859375 0.142333984375
0 0.77734375 0.82109375 0.0732421875 0.1794921875
0 0.78671875 0.5578125 0.084375 0.1560546875
0 0.78828125 0.26328125 0.07958984375 0.14560546875
0 0.85 0.8296875 0.084228515625 0.1626953125
0 0.8625 0.5578125 0.0970703125 0.1595703125
0 0.86640625 0.25703125 0.070361328125 0.142529296875
0 0.125 0.81328125 0.074755859375 0.1701171875
0 0.1390625 0.5484375 0.087451171875 0.1748046875
0 0.15078125 0.26953125 0.0767578125 0.145458984375
0 0.19296875 0.8078125 0.070556640625 0.16875
0 0.05078125 0.809375 0.085791015625 0.174609375
0 0.20703125 0.55625 0.073291015625 0.169140625
0 0.215625 0.26328125 0.0658203125 0.14208984375
0 0.28671875 0.25703125 0.0798828125 0.14814453125
0 0.33671875 0.825 0.088720703125 0.162353515625
0 0.3609375 0.26328125 0.0779296875 0.145458984375
1 0.42734375 0.56171875 0.073681640625 0.157763671875
1 0.27734375 0.56015625 0.08310546875 0.16103515625
1 0.35234375 0.55234375 0.08271484375 0.16083984375
5 0.265625 0.82109375 0.087646484375 0.163818359375