0 0.45390625 0.8109375 0.0640625 0.19375
0 0.51640625 0.80625 0.0640625 0.19375
0 0.584375 0.82734375 0.0640625 0.16171875
0 0.61640625 0.49296875 0.065625 0.15703125
0 0.6515625 0.825 0.0640625 0.16171875
0 0.75390625 0.15 0.065625 0.15
0 0.109375 0.80859375 0.065625 0.15703125
0 0.82265625 0.14765625 0.065625 0.15
0 0.84453125 0.80546875 0.0640625 0.17734375
0 0.89375 0.15 0.065625 0.15
0 0.91015625 0.8078125 0.0640625 0.17734375
0 0.30625 0.8203125 0.0609375 0.15703125
0 0.37890625 0.80625 0.0640625 0.19375
3 0.44140625 0.15 0.065625 0.1453125
3 0.55546875 0.14765625 0.065625 0.1453125
3 0.625 0.15 0.065625 0.1453125
3 0.684375 0.49296875 0.065625 0.15703125
3 0.09765625 0.48203125 0.065625 0.15
3 0.690625 0.15 0.065625 0.15
3 0.765625 0.49296875 0.065625 0.15703125
3 0.83984375 0.49453125 0.065625 0.15703125
3 0.11484375 0.14765625 0.065625 0.1453125
3 0.9078125 0.4859375 0.065625 0.15703125
3 0.16328125 0.48046875 0.065625 0.15
3 0.1734375 0.15 0.065625 0.1453125
3 0.23046875 0.48125 0.065625 0.15703125
3 0.234375 0.14765625 0.065625 0.1453125
3 0.30703125 0.14765625 0.065625 0.1453125
3 0.3140625 0.490625 0.065625 0.15703125
3 0.371875 0.14765625 0.065625 0.1453125
3 0.38046875 0.4859375 0.065625 0.15703125
6 0.17578125 0.81796875 0.0609375 0.15703125
6 0.240625 0.8203125 0.0609375 0.15703125
9 0.71640625 0.81796875 0.0640625 0.16171875
9 0.78359375 0.825 0.0640625 0.16171875