0 0.42578125 0.821875 0.06796875 0.16953125
0 0.43203125 0.5375 0.07109375 0.1671875
0 0.5 0.821875 0.06796875 0.16953125
0 0.50703125 0.53359375 0.07109375 0.1671875
0 0.51796875 0.24609375 0.06953125 0.18828125
0 0.56953125 0.81953125 0.06796875 0.16953125
0 0.57421875 0.53359375 0.07109375 0.1671875
0 0.58671875 0.24921875 0.07109375 0.14765625
0 0.6390625 0.8109375 0.059375 0.18671875
0 0.64609375 0.52890625 0.07109375 0.1671875
0 0.09609375 0.81171875 0.06953125 0.15859375
0 0.09453125 0.53046875 0.06640625 0.1734375
0 0.6546875 0.2453125 0.07109375 0.14765625
0 0.709375 0.81640625 0.06953125 0.17109375
0 0.7171875 0.53125 0.07109375 0.1671875
0 0.72578125 0.24296875 0.07109375 0.14765625
0 0.10546875 0.26328125 0.07265625 0.19296875
0 0.775 0.81015625 0.06953125 0.17109375
0 0.7984375 0.24765625 0.07109375 0.14765625
0 0.8546875 0.52734375 0.075 0.1671875
0 0.85859375 0.80546875 0.06953125 0.17109375
0 0.86796875 0.2453125 0.07109375 0.14765625
0 0.16015625 0.81015625 0.06953125 0.15859375
0 0.165625 0.528125 0.06640625 0.1734375
0 0.16953125 0.25703125 0.07265625 0.1796875
0 0.22734375 0.8015625 0.06796875 0.1796875
0 0.2265625 0.53046875 0.06640625 0.1734375
0 0.23359375 0.2625 0.06640625 0.1609375
0 0.28828125 0.80546875 0.06796875 0.1796875
0 0.35078125 0.81015625 0.06796875 0.1796875
0 0.3609375 0.5375 0.07109375 0.1671875
1 0.4421875 0.253125 0.07265625 0.15390625
1 0.30625 0.259375 0.07265625 0.15390625
1 0.37734375 0.25078125 0.07265625 0.15390625
5 0.7921875 0.51875 0.0609375 0.1796875
5 0.29375 0.53984375 0.07109375 0.1671875