0 0.465625 0.80390625 0.08720703125 0.2171875
0 0.478125 0.47734375 0.109130859375 0.254541015625
0 0.4765625 0.18671875 0.097265625 0.2169921875
0 0.54140625 0.79375 0.11396484375 0.2376953125
0 0.56640625 0.18671875 0.09375 0.2142578125
0 0.625 0.80390625 0.100048828125 0.2359375
0 0.70390625 0.81640625 0.10166015625 0.2169921875
0 0.71640625 0.17421875 0.1044921875 0.2361328125
0 0.77890625 0.79140625 0.08896484375 0.2375
0 0.790625 0.5078125 0.106005859375 0.218798828125
0 0.79921875 0.2015625 0.1015625 0.21552734375
0 0.8609375 0.81171875 0.09033203125 0.21875
0 0.87421875 0.503125 0.104931640625 0.218798828125
0 0.8796875 0.2015625 0.084375 0.20966796875
0 0.15234375 0.48125 0.092431640625 0.249951171875
0 0.16328125 0.15859375 0.1044921875 0.251416015625
0 0.23046875 0.80234375 0.095361328125 0.217333984375
0 0.2375 0.184375 0.10927734375 0.2375
0 0.31015625 0.47734375 0.098095703125 0.251806640625
0 0.31796875 0.17890625 0.0984375 0.2359375
0 0.39296875 0.4796875 0.086181640625 0.250146484375
0 0.39375 0.16875 0.08447265625 0.25029296875
1 0.2296875 0.48984375 0.10927734375 0.225
5 0.5515625 0.5 0.096826171875 0.215869140625
5 0.6328125 0.503125 0.084716796875 0.212548828125
7 0.31875 0.79609375 0.1029296875 0.2419921875
7 0.38984375 0.80625 0.0798828125 0.218359375
10 0.1453125 0.8078125 0.093896484375 0.215673828125
2 0.63828125 0.196875 0.0861328125 0.21279296875