0 0.42109375 0.2328125 0.06953125 0.1640625
0 0.42109375 0.84140625 0.06640625 0.17265625
0 0.421875 0.53203125 0.06796875 0.16640625
0 0.48515625 0.22421875 0.06953125 0.1703125
0 0.490625 0.84296875 0.06640625 0.17265625
0 0.54765625 0.22890625 0.06953125 0.1703125
0 0.54921875 0.84140625 0.06640625 0.17265625
0 0.61171875 0.8453125 0.06640625 0.17265625
0 0.6140625 0.2203125 0.06953125 0.1703125
0 0.09921875 0.21328125 0.07109375 0.20234375
0 0.6796875 0.83671875 0.06640625 0.17265625
0 0.68671875 0.2109375 0.06640625 0.184375
0 0.09765625 0.84296875 0.065625 0.1546875
0 0.10234375 0.5359375 0.06796875 0.190625
0 0.74140625 0.22421875 0.07421875 0.1703125
0 0.740625 0.83359375 0.06640625 0.15234375
0 0.74609375 0.534375 0.06796875 0.16640625
0 0.80390625 0.22265625 0.07421875 0.1703125
0 0.803125 0.82734375 0.06953125 0.17734375
0 0.80703125 0.53671875 0.06796875 0.16640625
0 0.86640625 0.2203125 0.07421875 0.1703125
0 0.86796875 0.53671875 0.06796875 0.16640625
0 0.8703125 0.825 0.06953125 0.17734375
0 0.92890625 0.22265625 0.07421875 0.16171875
0 0.92421875 0.51640625 0.05546875 0.16640625
0 0.16171875 0.20859375 0.07109375 0.20234375
0 0.16171875 0.52890625 0.06796875 0.190625
0 0.16328125 0.84140625 0.065625 0.1546875
0 0.22421875 0.215625 0.07109375 0.20234375
0 0.22421875 0.5265625 0.06796875 0.190625
0 0.22890625 0.84140625 0.065625 0.1546875
0 0.29140625 0.54375 0.06796875 0.16640625
0 0.30078125 0.834375 0.05859375 0.18203125
0 0.35859375 0.84765625 0.06640625 0.17265625
1 0.29375 0.23046875 0.07109375 0.18671875
1 0.35390625 0.2328125 0.07109375 0.17734375
5 0.4875 0.534375 0.06796875 0.16640625
5 0.55078125 0.53671875 0.06796875 0.16640625
5 0.61328125 0.53671875 0.06796875 0.16640625
5 0.67734375 0.534375 0.06796875 0.16640625
5 0.35390625 0.5390625 0.06796875 0.16640625
2 0.93515625 0.81875 0.06953125 0.17734375