0 0.3921875 0.36953125 0.09072265625 0.18935546875
0 0.39375 0.14921875 0.075146484375 0.1673828125
0 0.3953125 0.84765625 0.074853515625 0.1609375
0 0.39765625 0.60546875 0.089306640625 0.185595703125
0 0.4671875 0.5921875 0.078076171875 0.1939453125
0 0.46875 0.37890625 0.093505859375 0.1640625
0 0.465625 0.13515625 0.087255859375 0.179443359375
0 0.534375 0.82734375 0.08154296875 0.1673828125
0 0.54296875 0.1390625 0.083056640625 0.16904296875
0 0.55078125 0.37421875 0.089306640625 0.1638671875
0 0.6078125 0.8296875 0.09091796875 0.17783203125
0 0.6125 0.12890625 0.0810546875 0.173095703125
0 0.68203125 0.840625 0.0859375 0.1689453125
0 0.68046875 0.13828125 0.082666015625 0.1859375
0 0.68359375 0.3609375 0.079541015625 0.18095703125
0 0.7515625 0.8203125 0.08408203125 0.184130859375
0 0.75390625 0.14609375 0.07939453125 0.15439453125
0 0.7546875 0.6078125 0.0779296875 0.1595703125
0 0.75703125 0.3796875 0.083056640625 0.16904296875
0 0.81953125 0.83515625 0.085986328125 0.173291015625
0 0.825 0.14609375 0.07490234375 0.15146484375
0 0.825 0.37734375 0.081005859375 0.1673828125
0 0.82890625 0.6078125 0.0828125 0.1625
0 0.175 0.14140625 0.084521484375 0.173095703125
0 0.17734375 0.603125 0.076220703125 0.1966796875
0 0.184375 0.3625 0.09345703125 0.19375
0 0.253125 0.37890625 0.093896484375 0.167236328125
0 0.2546875 0.85 0.075 0.159375
0 0.253125 0.12578125 0.087255859375 0.1875
0 0.32109375 0.59609375 0.085986328125 0.175
0 0.32421875 0.37421875 0.089111328125 0.167041015625
0 0.33046875 0.840625 0.085888671875 0.184033203125
1 0.25 0.6125 0.081005859375 0.17177734375
5 0.5390625 0.61171875 0.0908203125 0.165625
5 0.6046875 0.6078125 0.0845703125 0.1626953125
7 0.46484375 0.84375 0.089404296875 0.16865234375
10 0.1765625 0.85 0.0783203125 0.162109375
2 0.61796875 0.37421875 0.088916015625 0.1638671875