0 0.43359375 0.884375 0.0609375 0.125
0 0.43515625 0.16484375 0.0640625 0.125
0 0.4390625 0.64296875 0.059375 0.1265625
0 0.44140625 0.4046875 0.05703125 0.13046875
0 0.48828125 0.871875 0.0609375 0.134375
0 0.49609375 0.1609375 0.0640625 0.125
0 0.496875 0.6390625 0.059375 0.1265625
0 0.54765625 0.86640625 0.0609375 0.134375
0 0.55625 0.1625 0.0640625 0.125
0 0.5609375 0.64453125 0.059375 0.1265625
0 0.60703125 0.86640625 0.0609375 0.134375
0 0.61484375 0.6390625 0.059375 0.1265625
0 0.61875 0.1625 0.0640625 0.125
0 0.67109375 0.85859375 0.0609375 0.134375
0 0.67890625 0.15234375 0.059375 0.13828125
0 0.6796875 0.63828125 0.05546875 0.13671875
0 0.73046875 0.6390625 0.0609375 0.1265625
0 0.73046875 0.87421875 0.0609375 0.134375
0 0.734375 0.16015625 0.05703125 0.1234375
0 0.734375 0.39765625 0.05703125 0.125
0 0.78203125 0.86484375 0.0609375 0.134375
0 0.78671875 0.16171875 0.065625 0.1234375
0 0.790625 0.628125 0.0609375 0.134375
0 0.79296875 0.39765625 0.05703125 0.125
0 0.8375 0.8625 0.0609375 0.134375
0 0.8453125 0.15625 0.065625 0.1234375
0 0.8484375 0.6296875 0.0609375 0.134375
0 0.85078125 0.39375 0.05703125 0.125
0 0.8953125 0.86328125 0.0609375 0.12890625
0 0.9046875 0.15625 0.065625 0.1234375
0 0.13671875 0.15546875 0.0625 0.15546875
0 0.13828125 0.6484375 0.0609375 0.11953125
0 0.1390625 0.40234375 0.059375 0.13828125
0 0.1390625 0.8796875 0.05703125 0.134375
0 0.1953125 0.1515625 0.0640625 0.15546875
0 0.196875 0.87421875 0.0609375 0.13828125
0 0.19609375 0.40234375 0.059375 0.13828125
0 0.1984375 0.646875 0.0609375 0.11953125
0 0.25625 0.15703125 0.0640625 0.1515625
0 0.259375 0.646875 0.0609375 0.11953125
0 0.25859375 0.3984375 0.059375 0.13828125
0 0.26328125 0.8828125 0.0609375 0.12109375
0 0.315625 0.4046875 0.05703125 0.13046875
0 0.3203125 0.87109375 0.0609375 0.125
0 0.3234375 0.64140625 0.05234375 0.13828125
0 0.37578125 0.8828125 0.0609375 0.125
0 0.375 0.4078125 0.05703125 0.13046875
0 0.38203125 0.6484375 0.059375 0.1265625
1 0.31875 0.16484375 0.0640625 0.125
1 0.37890625 0.159375 0.0640625 0.125
5 0.496875 0.4015625 0.05703125 0.125
5 0.55703125 0.40546875 0.05703125 0.125
5 0.61796875 0.4015625 0.05703125 0.125
5 0.671875 0.4015625 0.05703125 0.125
5 0.89609375 0.3921875 0.05390625 0.13671875
2 0.91015625 0.628125 0.0625 0.134375