0 0.40390625 0.625 0.073388671875 0.159130859375
0 0.41015625 0.8875 0.0701171875 0.140673828125
0 0.4671875 0.89453125 0.075 0.142529296875
0 0.4796875 0.6328125 0.07470703125 0.15908203125
0 0.534375 0.8984375 0.071875 0.121484375
0 0.5390625 0.625 0.065869140625 0.156201171875
0 0.59921875 0.89765625 0.06396484375 0.1205078125
0 0.6078125 0.63828125 0.071875 0.1361328125
0 0.6375 0.375 0.0751953125 0.13408203125
0 0.653125 0.9015625 0.062353515625 0.11904296875
0 0.66640625 0.63671875 0.0765625 0.1375
0 0.7234375 0.88984375 0.06904296875 0.132958984375
0 0.77421875 0.090625 0.06875 0.13115234375
0 0.78359375 0.884375 0.0736328125 0.134033203125
0 0.8421875 0.096875 0.0625 0.128173828125
0 0.8453125 0.89609375 0.056494140625 0.114013671875
0 0.8578125 0.62578125 0.071484375 0.1515625
0 0.909375 0.0875 0.075390625 0.134228515625
0 0.909375 0.89609375 0.06240234375 0.11689453125
0 0.9234375 0.628125 0.0748046875 0.153125
0 0.14375 0.8796875 0.074609375 0.115771484375
0 0.14921875 0.634375 0.0732421875 0.131494140625
0 0.20703125 0.8875 0.0734375 0.115771484375
0 0.26875 0.884375 0.071875 0.140380859375
0 0.33515625 0.63671875 0.0763671875 0.133154296875
0 0.3359375 0.8921875 0.06533203125 0.115478515625
3 0.40234375 0.0890625 0.075 0.134033203125
3 0.40625 0.36953125 0.0689453125 0.132763671875
3 0.46015625 0.08515625 0.065625 0.129833984375
3 0.58125 0.090625 0.0658203125 0.130908203125
3 0.64453125 0.090625 0.06875 0.13115234375
3 0.7015625 0.375 0.072265625 0.134033203125
3 0.71328125 0.09453125 0.0669921875 0.130029296875
3 0.7796875 0.37109375 0.0625 0.129638671875
3 0.85625 0.3734375 0.0626953125 0.128173828125
3 0.9203125 0.3734375 0.071875 0.131494140625
3 0.13046875 0.36328125 0.0640625 0.129833984375
3 0.14375 0.0890625 0.0716796875 0.131298828125
3 0.19609375 0.36328125 0.071875 0.132958984375
3 0.2046875 0.096875 0.0689453125 0.131298828125
3 0.26171875 0.365625 0.071875 0.131494140625
3 0.26875 0.096875 0.06875 0.13115234375
3 0.33515625 0.090625 0.0705078125 0.13134765625
3 0.340625 0.36953125 0.0626953125 0.129638671875
6 0.21015625 0.63046875 0.0765625 0.13564453125
6 0.27578125 0.6328125 0.0669921875 0.130908203125
9 0.73125 0.6328125 0.0685546875 0.13720703125
9 0.796875 0.63984375 0.075390625 0.1375