0 0.39609375 0.103125 0.065625 0.1234375
0 0.4171875 0.62578125 0.06640625 0.14609375
0 0.41953125 0.8984375 0.0609375 0.115625
0 0.478125 0.8890625 0.0640625 0.134375
0 0.48203125 0.62421875 0.06640625 0.14609375
0 0.5125 0.09765625 0.065625 0.1234375
0 0.54296875 0.63515625 0.06640625 0.11953125
0 0.54296875 0.89140625 0.0640625 0.134375
0 0.57265625 0.3703125 0.065625 0.1234375
0 0.084375 0.89296875 0.0609375 0.115625
0 0.5796875 0.09765625 0.065625 0.1234375
0 0.0875 0.6328125 0.0609375 0.12109375
0 0.60703125 0.64140625 0.06640625 0.11953125
0 0.60546875 0.89453125 0.0640625 0.1421875
0 0.63515625 0.37421875 0.065625 0.1234375
0 0.64375 0.09921875 0.065625 0.1234375
0 0.66796875 0.6390625 0.06640625 0.11953125
0 0.66796875 0.8890625 0.0640625 0.1421875
0 0.70859375 0.0953125 0.065625 0.1234375
0 0.721875 0.36875 0.065625 0.1234375
0 0.728125 0.63828125 0.06640625 0.125
0 0.73203125 0.8890625 0.0640625 0.1421875
0 0.77265625 0.0921875 0.065625 0.1234375
0 0.784375 0.36875 0.065625 0.1234375
0 0.790625 0.90234375 0.0640625 0.1234375
0 0.83828125 0.09375 0.065625 0.1234375
0 0.853125 0.36640625 0.06640625 0.1234375
0 0.853125 0.896875 0.0640625 0.1234375
0 0.15390625 0.89296875 0.0609375 0.115625
0 0.20546875 0.6328125 0.0609375 0.12109375
0 0.2109375 0.884375 0.0609375 0.12890625
0 0.26796875 0.63671875 0.0609375 0.12109375
0 0.2765625 0.89296875 0.0609375 0.115625
0 0.34296875 0.62578125 0.06640625 0.14609375
0 0.34765625 0.371875 0.065625 0.1234375
0 0.35390625 0.89140625 0.065625 0.1265625
3 0.08125 0.3703125 0.0625 0.11953125
3 0.084375 0.1125 0.0609375 0.115625
3 0.1453125 0.1109375 0.0609375 0.115625
3 0.14609375 0.37421875 0.0625 0.11953125
3 0.20546875 0.10859375 0.0609375 0.115625
3 0.20703125 0.371875 0.0625 0.11953125
3 0.26875 0.10859375 0.065625 0.1234375
3 0.2828125 0.3703125 0.065625 0.11953125
3 0.33515625 0.10859375 0.065625 0.1234375
6 0.1484375 0.63828125 0.0609375 0.12109375
9 0.79296875 0.64296875 0.0609375 0.115625
9 0.853125 0.6390625 0.0609375 0.115625