0 0.03515625 0.690625 0.0703125 0.1625
0 0.40390625 0.6921875 0.078125 0.18984375
0 0.446875 0.253125 0.08125 0.16875
0 0.08671875 0.684375 0.0765625 0.20234375
0 0.52890625 0.25078125 0.08125 0.17734375
0 0.65859375 0.725 0.08125 0.175
0 0.74375 0.72265625 0.08125 0.175
0 0.875 0.25703125 0.08515625 0.17734375
0 0.12109375 0.259375 0.075 0.16875
0 0.9546875 0.24296875 0.0765625 0.20234375
0 0.04921875 0.26328125 0.075 0.16875
0 0.19921875 0.25703125 0.075 0.16875
0 0.28359375 0.2546875 0.08125 0.16875
0 0.36328125 0.25078125 0.08125 0.16875
4 0.6203125 0.253125 0.08125 0.17734375
4 0.71171875 0.253125 0.08515625 0.17734375
4 0.79375 0.25703125 0.08515625 0.17734375
7 0.49296875 0.71328125 0.08515625 0.18984375
7 0.57890625 0.7125 0.08125 0.175
7 0.82890625 0.7265625 0.08125 0.175
7 0.91796875 0.73125 0.08125 0.175
7 0.1671875 0.7046875 0.08359375 0.16484375
7 0.24375 0.703125 0.08359375 0.16484375
7 0.31484375 0.696875 0.078125 0.18984375