0 0.4546875 0.4578125 0.0765625 0.25
0 0.45859375 0.7984375 0.08203125 0.24453125
0 0.53828125 0.48203125 0.0765625 0.25
0 0.54375 0.8015625 0.08203125 0.24453125
0 0.61953125 0.79609375 0.07421875 0.265625
0 0.6234375 0.48046875 0.0765625 0.2203125
0 0.70234375 0.7984375 0.08125 0.265625
0 0.7046875 0.47109375 0.0765625 0.265625
0 0.78203125 0.81328125 0.075 0.2359375
0 0.8625 0.4671875 0.08203125 0.22578125
0 0.8671875 0.80546875 0.075 0.2359375
0 0.13515625 0.7890625 0.08203125 0.22578125
0 0.13515625 0.4578125 0.07421875 0.2390625
0 0.21796875 0.46015625 0.08359375 0.23359375
0 0.21875 0.7703125 0.08203125 0.2359375
0 0.2953125 0.46328125 0.06796875 0.24453125
0 0.378125 0.80390625 0.08203125 0.22265625
0 0.3765625 0.4578125 0.06796875 0.24453125
9 0.7828125 0.48359375 0.08203125 0.21484375