0 0.42578125 0.76015625 0.075 0.26328125
0 0.428125 0.3171875 0.06640625 0.25625
0 0.49921875 0.75078125 0.075 0.26328125
0 0.50234375 0.3140625 0.075 0.25625
0 0.0859375 0.7296875 0.06640625 0.240625
0 0.5734375 0.76015625 0.075 0.26328125
0 0.58046875 0.32109375 0.075 0.25625
0 0.090625 0.30625 0.07421875 0.26640625
0 0.640625 0.74296875 0.059375 0.28515625
0 0.65 0.3109375 0.075 0.25625
0 0.71328125 0.76953125 0.0765625 0.26328125
0 0.7234375 0.3140625 0.075 0.25625
0 0.7828125 0.76640625 0.0765625 0.26328125
0 0.79453125 0.30625 0.06953125 0.26640625
0 0.86328125 0.76328125 0.0765625 0.26328125
0 0.87109375 0.3140625 0.07421875 0.25
0 0.1578125 0.3078125 0.07421875 0.27578125
0 0.15390625 0.7328125 0.06640625 0.240625
0 0.21875 0.7234375 0.07109375 0.27890625
0 0.22578125 0.2984375 0.07421875 0.27578125
0 0.28671875 0.7296875 0.07109375 0.27890625
0 0.35 0.7359375 0.06953125 0.27890625
0 0.36171875 0.32421875 0.06640625 0.25625
5 0.29453125 0.3140625 0.06640625 0.25625