0 0.07109375 0.79140625 0.079345703125 0.165625
0 0.07265625 0.51640625 0.07333984375 0.17666015625
0 0.41015625 0.53515625 0.076220703125 0.1515625
0 0.41484375 0.2515625 0.0703125 0.168603515625
0 0.47265625 0.52578125 0.070556640625 0.15
0 0.47578125 0.24609375 0.067431640625 0.167138671875
0 0.0796875 0.26015625 0.068701171875 0.1421875
0 0.53828125 0.52734375 0.082666015625 0.1546875
0 0.54375 0.25859375 0.08154296875 0.15146484375
0 0.60546875 0.52734375 0.08251953125 0.1544921875
0 0.60625 0.26015625 0.084521484375 0.151416015625
0 0.6703125 0.2640625 0.071826171875 0.147216796875
0 0.6765625 0.51484375 0.06552734375 0.159375
0 0.734375 0.2515625 0.07490234375 0.14052734375
0 0.73984375 0.5140625 0.082861328125 0.1404296875
0 0.74140625 0.790625 0.079541015625 0.14716796875
0 0.80078125 0.51640625 0.079736328125 0.1388671875
0 0.80546875 0.25390625 0.070361328125 0.138720703125
0 0.80859375 0.7890625 0.073095703125 0.14345703125
0 0.8625 0.25546875 0.078466796875 0.141845703125
0 0.8640625 0.5171875 0.077783203125 0.150244140625
0 0.87109375 0.78125 0.082470703125 0.14716796875
0 0.925 0.25546875 0.074755859375 0.138916015625
0 0.928125 0.51484375 0.077783203125 0.151708984375
0 0.13671875 0.79140625 0.076611328125 0.165625
0 0.1390625 0.51640625 0.072021484375 0.176513671875
0 0.14609375 0.25625 0.076220703125 0.14677734375
0 0.2015625 0.79140625 0.06884765625 0.1625
0 0.2046875 0.5140625 0.07509765625 0.17783203125
0 0.20703125 0.25859375 0.07685546875 0.1455078125
0 0.27265625 0.79609375 0.07333984375 0.1451171875
0 0.27265625 0.2546875 0.07998046875 0.1466796875
0 0.34375 0.253125 0.084326171875 0.14970703125
1 0.27421875 0.52734375 0.070556640625 0.15
1 0.33984375 0.5296875 0.082470703125 0.1533203125
5 0.409375 0.790625 0.081591796875 0.14970703125
5 0.47578125 0.7890625 0.070166015625 0.14091796875
5 0.54296875 0.7890625 0.079736328125 0.14658203125
5 0.6125 0.7890625 0.084521484375 0.14697265625
5 0.675 0.79296875 0.084326171875 0.1482421875
5 0.9328125 0.77109375 0.056396484375 0.154736328125
5 0.33828125 0.7984375 0.07314453125 0.1435546875