0 0.41328125 0.10546875 0.0796875 0.1984375
0 0.078125 0.1015625 0.0796875 0.1984375
0 0.47890625 0.48515625 0.08203125 0.1984375
0 0.48125 0.80546875 0.08203125 0.2140625
0 0.49296875 0.1078125 0.0796875 0.1984375
0 0.08984375 0.81796875 0.08203125 0.1984375
0 0.55234375 0.4828125 0.08203125 0.1984375
0 0.55859375 0.81015625 0.08203125 0.2140625
0 0.64375 0.821875 0.07109375 0.18515625
0 0.71484375 0.821875 0.07109375 0.18515625
0 0.7890625 0.80859375 0.078125 0.1984375
0 0.79375 0.4984375 0.08203125 0.1984375
0 0.815625 0.1171875 0.0796875 0.1984375
0 0.87109375 0.4890625 0.08203125 0.1984375
0 0.8703125 0.81796875 0.078125 0.1984375
0 0.8921875 0.12109375 0.0796875 0.1984375
0 0.94140625 0.81953125 0.075 0.18046875
0 0.94609375 0.48671875 0.08203125 0.1984375
0 0.9625 0.12109375 0.06640625 0.1984375
0 0.1375 0.4671875 0.0765625 0.1984375
0 0.16640625 0.1015625 0.0796875 0.1984375
0 0.16875 0.81953125 0.08203125 0.1984375
0 0.22578125 0.4671875 0.08203125 0.1984375
0 0.2375 0.80078125 0.08203125 0.21796875
0 0.2484375 0.10390625 0.0796875 0.1984375
0 0.0640625 0.47421875 0.0765625 0.1984375
0 0.315625 0.81953125 0.08203125 0.1984375
0 0.3890625 0.48046875 0.08203125 0.1984375
0 0.39453125 0.83046875 0.08203125 0.1984375
3 0.5765625 0.11015625 0.0796875 0.1984375
3 0.63046875 0.48671875 0.08203125 0.1984375
3 0.659375 0.11484375 0.0796875 0.1984375
3 0.70703125 0.4890625 0.08203125 0.1984375
3 0.7375 0.1171875 0.0796875 0.1984375
3 0.30390625 0.47578125 0.08203125 0.1984375
3 0.3296875 0.1015625 0.0796875 0.1984375