0 0.4234375 0.2390625 0.074755859375 0.137646484375
0 0.42421875 0.8765625 0.06396484375 0.109765625
0 0.48671875 0.2390625 0.076416015625 0.137841796875
0 0.484375 0.87109375 0.056298828125 0.123388671875
0 0.51875 0.56953125 0.074951171875 0.142431640625
0 0.54296875 0.8859375 0.057958984375 0.11552734375
0 0.55 0.24140625 0.07802734375 0.146875
0 0.59921875 0.88046875 0.06728515625 0.13291015625
0 0.61875 0.24296875 0.081201171875 0.1482421875
0 0.66171875 0.90234375 0.067529296875 0.120654296875
0 0.0984375 0.83125 0.065771484375 0.130908203125
0 0.709375 0.5984375 0.062841796875 0.1251953125
0 0.77734375 0.6015625 0.06123046875 0.12802734375
0 0.784375 0.90625 0.065576171875 0.118798828125
0 0.8421875 0.90234375 0.0783203125 0.123388671875
0 0.11484375 0.24296875 0.066943359375 0.121875
0 0.11328125 0.559375 0.067529296875 0.12470703125
0 0.89453125 0.25 0.0796875 0.1439453125
0 0.9015625 0.9109375 0.059375 0.118603515625
0 0.96171875 0.240625 0.0765625 0.1625
0 0.15546875 0.8484375 0.07314453125 0.1251953125
0 0.16484375 0.56640625 0.067529296875 0.1236328125
0 0.175 0.2421875 0.065283203125 0.1189453125
0 0.20859375 0.84609375 0.060595703125 0.1205078125
0 0.2203125 0.56640625 0.068408203125 0.1236328125
0 0.2328125 0.24140625 0.074951171875 0.132958984375
0 0.2625 0.85 0.06259765625 0.1216796875
0 0.05703125 0.2390625 0.0763671875 0.137646484375
0 0.26796875 0.5640625 0.0580078125 0.140234375
0 0.29609375 0.2359375 0.07646484375 0.14404296875
0 0.315625 0.85390625 0.053369140625 0.139111328125
0 0.35546875 0.23984375 0.073193359375 0.1390625
0 0.0609375 0.5421875 0.07197265625 0.1466796875
0 0.371875 0.871875 0.068603515625 0.11220703125
4 0.6890625 0.2453125 0.07490234375 0.14345703125
4 0.7609375 0.24765625 0.0904296875 0.1482421875
4 0.828125 0.2453125 0.08115234375 0.14365234375
7 0.3984375 0.578125 0.068798828125 0.131201171875
7 0.453125 0.5671875 0.065576171875 0.13466796875
7 0.58515625 0.5890625 0.06103515625 0.14052734375
7 0.65078125 0.5953125 0.067041015625 0.13740234375
7 0.83984375 0.6078125 0.064306640625 0.133984375
7 0.91171875 0.6078125 0.06708984375 0.12490234375
7 0.33671875 0.5734375 0.073583984375 0.131591796875