0 0.42890625 0.61171875 0.0611328125 0.111083984375
0 0.4375 0.06640625 0.074609375 0.1111328125
0 0.07578125 0.0671875 0.070166015625 0.121728515625
0 0.484375 0.61953125 0.069140625 0.114404296875
0 0.4984375 0.06796875 0.071875 0.1109375
0 0.0734375 0.82421875 0.06220703125 0.109375
0 0.5125 0.86484375 0.062109375 0.120654296875
0 0.546875 0.62109375 0.0595703125 0.110888671875
0 0.5625 0.06796875 0.065625 0.1078125
0 0.590625 0.34453125 0.065673828125 0.114404296875
0 0.60546875 0.62109375 0.0671875 0.114208984375
0 0.61953125 0.0703125 0.0734375 0.1123046875
0 0.08984375 0.59375 0.0609375 0.103369140625
0 0.65 0.3484375 0.074853515625 0.118603515625
0 0.68359375 0.0703125 0.0732421875 0.109765625
0 0.690625 0.88515625 0.056640625 0.1013671875
0 0.71171875 0.35234375 0.064404296875 0.114208984375
0 0.7421875 0.071875 0.071484375 0.1095703125
0 0.7453125 0.89140625 0.0658203125 0.1046875
0 0.77265625 0.35234375 0.064404296875 0.114208984375
0 0.809375 0.071875 0.0685546875 0.109375
0 0.853125 0.63046875 0.06259765625 0.10625
0 0.8703125 0.065625 0.0591796875 0.1251953125
0 0.9046875 0.3453125 0.068603515625 0.12490234375
0 0.9078125 0.62421875 0.06591796875 0.1203125
0 0.9421875 0.0640625 0.071875 0.128125
0 0.1296875 0.8421875 0.05654296875 0.094091796875
0 0.14296875 0.603125 0.0669921875 0.106494140625
0 0.14140625 0.075 0.0611328125 0.096630859375
0 0.1828125 0.84765625 0.058984375 0.09501953125
0 0.196875 0.60546875 0.06875 0.108154296875
0 0.19921875 0.071875 0.0611328125 0.093798828125
0 0.23203125 0.84921875 0.05625 0.092431640625
0 0.25546875 0.07265625 0.0701171875 0.1046875
0 0.2578125 0.59921875 0.0595703125 0.104638671875
0 0.05234375 0.334375 0.0732421875 0.1310546875
0 0.2796875 0.8515625 0.0595703125 0.1001953125
0 0.3125 0.60625 0.0623046875 0.109619140625
0 0.3125 0.07109375 0.06875 0.1044921875
0 0.36640625 0.61015625 0.059375 0.110888671875
0 0.3703125 0.06796875 0.071875 0.1111328125
4 0.67109375 0.62890625 0.065625 0.109375
4 0.73359375 0.6265625 0.070458984375 0.1095703125
4 0.79296875 0.63046875 0.06728515625 0.1080078125
7 0.4515625 0.86328125 0.0591796875 0.11103515625
7 0.57265625 0.87890625 0.065625 0.107470703125
7 0.62890625 0.88125 0.065625 0.100390625
7 0.809375 0.89296875 0.062890625 0.1044921875
7 0.86796875 0.89453125 0.065625 0.1046875
7 0.34296875 0.86484375 0.053125 0.09501953125
7 0.396875 0.86875 0.06552734375 0.105859375
8 0.46484375 0.34375 0.0669921875 0.106494140625
8 0.52421875 0.34765625 0.0671875 0.107958984375
8 0.8375 0.3421875 0.071728515625 0.12529296875
8 0.11875 0.3390625 0.059375 0.0998046875
8 0.1734375 0.340625 0.06259765625 0.10322265625
8 0.23046875 0.340625 0.0607421875 0.10283203125
8 0.28828125 0.34296875 0.0642578125 0.10751953125
8 0.34375 0.340625 0.0654296875 0.10654296875
8 0.4046875 0.34453125 0.05625 0.10185546875