0 0.428125 0.81796875 0.074658203125 0.15625
0 0.4359375 0.24453125 0.087255859375 0.1421875
0 0.08046875 0.8109375 0.079833984375 0.174853515625
0 0.4953125 0.81796875 0.077783203125 0.1578125
0 0.51015625 0.53828125 0.0984375 0.18583984375
0 0.51171875 0.23828125 0.082470703125 0.140625
0 0.56875 0.81796875 0.075048828125 0.1576171875
0 0.5796875 0.55234375 0.07822265625 0.157861328125
0 0.578125 0.240625 0.07197265625 0.1373046875
0 0.63984375 0.81796875 0.073779296875 0.15625
0 0.64609375 0.23671875 0.07353515625 0.1375
0 0.65078125 0.54609375 0.0828125 0.160791015625
0 0.09921875 0.5546875 0.085986328125 0.184033203125
0 0.709375 0.8140625 0.06904296875 0.1533203125
0 0.721875 0.54453125 0.0876953125 0.16376953125
0 0.72578125 0.23828125 0.07666015625 0.1390625
0 0.78828125 0.24296875 0.079345703125 0.1390625
0 0.78671875 0.81015625 0.0767578125 0.18271484375
0 0.79375 0.54453125 0.08759765625 0.163720703125
0 0.1109375 0.2609375 0.071875 0.1375
0 0.85078125 0.8140625 0.084375 0.168798828125
0 0.86328125 0.54609375 0.084375 0.16103515625
0 0.86796875 0.240625 0.076220703125 0.13779296875
0 0.15234375 0.809375 0.076318359375 0.172119140625
0 0.16015625 0.55 0.070166015625 0.178369140625
0 0.16875 0.2609375 0.0779296875 0.14033203125
0 0.21796875 0.8109375 0.09189453125 0.17802734375
0 0.22421875 0.55625 0.082666015625 0.155859375
0 0.23046875 0.253125 0.0763671875 0.14072265625
0 0.28671875 0.81640625 0.065625 0.167138671875
0 0.296875 0.24453125 0.06875 0.1375
0 0.35546875 0.8203125 0.085888671875 0.15927734375
0 0.37109375 0.24453125 0.073681640625 0.1375
1 0.43984375 0.55234375 0.090625 0.15625
1 0.2921875 0.55234375 0.0779296875 0.1513671875
1 0.3703125 0.55234375 0.0873046875 0.1546875