0 0.42265625 0.51796875 0.08125 0.1517578125
0 0.4234375 0.13515625 0.0595703125 0.125
0 0.4234375 0.3390625 0.0720703125 0.128515625
0 0.42734375 0.90234375 0.075 0.1375
0 0.428125 0.7109375 0.07490234375 0.147119140625
0 0.4828125 0.14765625 0.0595703125 0.146875
0 0.4890625 0.52578125 0.0748046875 0.1357421875
0 0.48828125 0.3328125 0.0765625 0.149658203125
0 0.4921875 0.70078125 0.06884765625 0.1515625
0 0.54609375 0.1515625 0.060791015625 0.1185546875
0 0.55078125 0.8890625 0.0734375 0.13759765625
0 0.55625 0.52578125 0.06533203125 0.1326171875
0 0.55625 0.3375 0.065576171875 0.131201171875
0 0.61015625 0.1578125 0.057666015625 0.1158203125
0 0.61640625 0.88515625 0.0736328125 0.1375
0 0.61328125 0.33125 0.060595703125 0.137841796875
0 0.6765625 0.5078125 0.0716796875 0.1341796875
0 0.67421875 0.146875 0.07001953125 0.14072265625
0 0.67890625 0.89453125 0.075 0.1375
0 0.67578125 0.32890625 0.060595703125 0.145654296875
0 0.734375 0.87734375 0.06875 0.1357421875
0 0.73828125 0.7078125 0.065625 0.13095703125
0 0.740625 0.521875 0.07802734375 0.1373046875
0 0.73828125 0.34375 0.06435546875 0.13115234375
0 0.79453125 0.8890625 0.067041015625 0.131298828125
0 0.79375 0.1546875 0.059619140625 0.130908203125
0 0.8 0.33984375 0.0658203125 0.12978515625
0 0.8015625 0.5234375 0.0748046875 0.1345703125
0 0.8015625 0.709375 0.07470703125 0.131591796875
0 0.23828125 0.71171875 0.073486328125 0.1486328125
0 0.2359375 0.340625 0.062548828125 0.131103515625
0 0.23515625 0.140625 0.0482421875 0.125
0 0.24609375 0.51484375 0.06875 0.1515625
0 0.3015625 0.90546875 0.06572265625 0.129541015625
0 0.303125 0.53125 0.06572265625 0.134619140625
0 0.30234375 0.1390625 0.0705078125 0.128515625
0 0.30390625 0.3328125 0.0763671875 0.146484375
0 0.35859375 0.53125 0.0673828125 0.13720703125
0 0.3625 0.70078125 0.081201171875 0.1453125
0 0.3578125 0.13671875 0.059375 0.125
1 0.2984375 0.71484375 0.081201171875 0.1453125
5 0.55078125 0.709375 0.065625 0.131005859375
5 0.60859375 0.71328125 0.0703125 0.129931640625
7 0.4875 0.90234375 0.0779296875 0.1388671875
7 0.37421875 0.89453125 0.0611328125 0.140625
9 0.734375 0.1625 0.059619140625 0.11904296875
10 0.23828125 0.90390625 0.065625 0.129541015625
2 0.615625 0.52734375 0.07197265625 0.1357421875