0 0.390625 0.8625 0.059375 0.134375
0 0.46015625 0.86875 0.059375 0.134375
0 0.52421875 0.86484375 0.059375 0.134375
0 0.58359375 0.8796875 0.059375 0.1234375
0 0.64375 0.88125 0.059375 0.1234375
0 0.7328125 0.36328125 0.059375 0.11328125
0 0.74609375 0.10703125 0.059375 0.1078125
0 0.79296875 0.36328125 0.059375 0.11328125
0 0.81640625 0.1125 0.059375 0.1078125
0 0.82265625 0.86015625 0.059375 0.13671875
0 0.85390625 0.36015625 0.059375 0.11328125
0 0.8765625 0.10546875 0.059375 0.1078125
0 0.88046875 0.86015625 0.059375 0.13671875
0 0.14296875 0.87890625 0.05859375 0.12109375
0 0.32578125 0.88046875 0.05859375 0.12109375
3 0.38671875 0.36484375 0.059375 0.1078125
3 0.39453125 0.1125 0.059375 0.1078125
3 0.39765625 0.6234375 0.059375 0.11328125
3 0.44453125 0.3625 0.059375 0.1078125
3 0.45859375 0.1125 0.059375 0.1078125
3 0.53125 0.11484375 0.059375 0.1078125
3 0.55390625 0.3671875 0.059375 0.11328125
3 0.60546875 0.11484375 0.059375 0.1078125
3 0.60625 0.6234375 0.059375 0.11328125
3 0.6125 0.3671875 0.059375 0.11328125
3 0.66640625 0.11484375 0.059375 0.1078125
3 0.6703125 0.62109375 0.059375 0.11328125
3 0.6734375 0.365625 0.059375 0.11328125
3 0.74140625 0.61953125 0.059375 0.11328125
3 0.8109375 0.6171875 0.059375 0.11328125
3 0.871875 0.6171875 0.059375 0.11328125
3 0.13046875 0.11875 0.059375 0.1078125
3 0.13671875 0.61953125 0.059375 0.11328125
3 0.15078125 0.36875 0.059375 0.1078125
3 0.19453125 0.6171875 0.059375 0.11328125
3 0.19453125 0.121875 0.059375 0.1078125
3 0.20625 0.36875 0.059375 0.1078125
3 0.25703125 0.61953125 0.059375 0.11328125
3 0.26015625 0.11640625 0.059375 0.1078125
3 0.2625 0.37578125 0.059375 0.1078125
3 0.3265625 0.36640625 0.059375 0.1078125
3 0.33203125 0.6234375 0.059375 0.11328125
3 0.33359375 0.11484375 0.059375 0.1078125
6 0.2078125 0.875 0.05859375 0.12109375
6 0.26953125 0.8765625 0.05859375 0.12109375
9 0.70703125 0.88125 0.059375 0.1234375
9 0.765625 0.878125 0.059375 0.1234375