0 0.4015625 0.21875 0.08984375 0.19375
0 0.40625 0.5359375 0.08828125 0.16796875
0 0.48046875 0.22109375 0.08984375 0.19375
0 0.47578125 0.85234375 0.07421875 0.15
0 0.49453125 0.528125 0.08203125 0.2
0 0.56640625 0.22890625 0.08984375 0.19375
0 0.575 0.5234375 0.08203125 0.2
0 0.09765625 0.5265625 0.08828125 0.1859375
0 0.66171875 0.54140625 0.08203125 0.15625
0 0.715625 0.840625 0.07421875 0.1859375
0 0.74453125 0.54140625 0.08203125 0.15625
0 0.79140625 0.834375 0.07421875 0.1859375
0 0.8109375 0.52265625 0.08203125 0.1859375
0 0.81875 0.2328125 0.08984375 0.19375
0 0.86796875 0.84375 0.07421875 0.15625
0 0.88671875 0.53046875 0.08203125 0.1859375
0 0.9015625 0.2328125 0.08984375 0.19375
0 0.9546875 0.8453125 0.07421875 0.15625
0 0.96328125 0.54609375 0.065625 0.1640625
0 0.9703125 0.23125 0.059375 0.19375
0 0.14140625 0.20859375 0.08359375 0.19375
0 0.15234375 0.83359375 0.078125 0.2
0 0.16875 0.53046875 0.08828125 0.1859375
0 0.2296875 0.2171875 0.08984375 0.19375
0 0.23046875 0.8484375 0.0765625 0.17421875
0 0.06171875 0.2109375 0.08359375 0.19375
0 0.2484375 0.51953125 0.08828125 0.215625
0 0.06328125 0.83359375 0.078125 0.2
0 0.31015625 0.21875 0.08984375 0.19375
0 0.31640625 0.8484375 0.0765625 0.17421875
0 0.325 0.53359375 0.08828125 0.16796875
0 0.3921875 0.8484375 0.0765625 0.17421875
3 0.6484375 0.22890625 0.08984375 0.19375
3 0.7296875 0.22890625 0.08984375 0.19375
10 0.5484375 0.85234375 0.07421875 0.15
10 0.625 0.85078125 0.07421875 0.15