0 0.40546875 0.83203125 0.078125 0.16328125
0 0.42109375 0.2234375 0.08125 0.1609375
0 0.4734375 0.5328125 0.075 0.15703125
0 0.48359375 0.82734375 0.078125 0.175
0 0.49921875 0.22734375 0.08125 0.1609375
0 0.54765625 0.5390625 0.075 0.15703125
0 0.5515625 0.821875 0.078125 0.1875
0 0.64140625 0.83359375 0.078125 0.16328125
0 0.1015625 0.52265625 0.075 0.15703125
0 0.709375 0.83359375 0.078125 0.16328125
0 0.11328125 0.21484375 0.08125 0.1609375
0 0.775 0.5390625 0.075 0.15703125
0 0.78046875 0.8171875 0.078125 0.1875
0 0.79765625 0.22734375 0.08359375 0.1609375
0 0.11328125 0.8203125 0.075 0.15703125
0 0.84765625 0.821875 0.078125 0.1875
0 0.8546875 0.5375 0.075 0.15703125
0 0.865625 0.2296875 0.08359375 0.1609375
0 0.92109375 0.8265625 0.078125 0.14453125
0 0.92109375 0.54140625 0.075 0.15703125
0 0.93984375 0.23125 0.08359375 0.1609375
0 0.17421875 0.52890625 0.075 0.15703125
0 0.18515625 0.8265625 0.075 0.15703125
0 0.19140625 0.21328125 0.08125 0.1609375
0 0.2453125 0.52890625 0.075 0.15703125
0 0.2609375 0.80859375 0.075 0.18125
0 0.26484375 0.2234375 0.08125 0.1609375
0 0.3328125 0.82734375 0.075 0.16328125
0 0.34453125 0.2171875 0.08125 0.1609375
3 0.4015625 0.52890625 0.075 0.15703125
3 0.57578125 0.22109375 0.08125 0.1609375
3 0.62578125 0.54140625 0.075 0.15703125
3 0.6484375 0.22734375 0.08125 0.1609375
3 0.696875 0.5390625 0.075 0.15703125
3 0.7234375 0.2234375 0.08359375 0.1609375
3 0.321875 0.53125 0.075 0.15703125