0 0.4171875 0.33046875 0.075 0.27890625
0 0.425 0.77578125 0.07109375 0.27890625
0 0.07578125 0.3078125 0.06640625 0.23515625
0 0.4921875 0.33359375 0.075 0.27890625
0 0.4984375 0.79296875 0.07109375 0.27890625
0 0.08203125 0.73671875 0.065625 0.2625
0 0.56015625 0.340625 0.075 0.27890625
0 0.56640625 0.75390625 0.0765625 0.29609375
0 0.6328125 0.3078125 0.0640625 0.31640625
0 0.6421875 0.78125 0.0796875 0.29609375
0 0.70234375 0.31796875 0.075 0.2828125
0 0.71875 0.78828125 0.0796875 0.29609375
0 0.7765625 0.31796875 0.075 0.2828125
0 0.79140625 0.76796875 0.0796875 0.29609375
0 0.86015625 0.321875 0.075 0.2828125
0 0.86328125 0.77109375 0.0765625 0.27578125
0 0.14375 0.31484375 0.06796875 0.25546875
0 0.15078125 0.7578125 0.065625 0.2625
0 0.20703125 0.29921875 0.06796875 0.2859375
0 0.2140625 0.7453125 0.06640625 0.29296875
0 0.27578125 0.29609375 0.06796875 0.2859375
0 0.2875 0.7453125 0.06640625 0.29296875
0 0.34140625 0.31015625 0.0640625 0.29921875
0 0.35546875 0.74921875 0.06640625 0.29296875