0 0.39453125 0.9328125 0.0765625 0.1234375
0 0.40234375 0.69375 0.0765625 0.153125
0 0.428125 0.13515625 0.07265625 0.134375
0 0.4703125 0.9328125 0.0765625 0.1234375
0 0.47890625 0.690625 0.0765625 0.153125
0 0.49375 0.42265625 0.06953125 0.16640625
0 0.50234375 0.13515625 0.07265625 0.134375
0 0.54375 0.93671875 0.0765625 0.1234375
0 0.55234375 0.6921875 0.0765625 0.153125
0 0.56640625 0.43359375 0.0765625 0.14765625
0 0.08671875 0.1515625 0.06796875 0.1328125
0 0.56875 0.13515625 0.07265625 0.134375
0 0.615625 0.925 0.0640625 0.13828125
0 0.625 0.68671875 0.0765625 0.153125
0 0.6375 0.43359375 0.0765625 0.14765625
0 0.64140625 0.1375 0.07265625 0.134375
0 0.6875 0.93828125 0.07109375 0.115625
0 0.69609375 0.690625 0.0765625 0.153125
0 0.71484375 0.4375 0.0765625 0.14765625
0 0.7140625 0.1375 0.07265625 0.134375
0 0.75703125 0.934375 0.07109375 0.115625
0 0.784375 0.4375 0.0765625 0.14765625
0 0.78359375 0.14140625 0.07265625 0.134375
0 0.1125 0.9296875 0.07421875 0.13671875
0 0.840625 0.6921875 0.07421875 0.15
0 0.84375 0.93671875 0.07109375 0.115625
0 0.8609375 0.4359375 0.0765625 0.14765625
0 0.8640625 0.14296875 0.07265625 0.134375
0 0.0453125 0.92421875 0.07421875 0.13671875
0 0.12265625 0.675 0.06640625 0.16875
0 0.1359375 0.42421875 0.07265625 0.159375
0 0.14453125 0.14765625 0.06796875 0.1328125
0 0.184375 0.91796875 0.07421875 0.15
0 0.19140625 0.67734375 0.06640625 0.16875
0 0.04921875 0.67109375 0.06640625 0.16875
0 0.19921875 0.43671875 0.06953125 0.1421875
0 0.20703125 0.14296875 0.07265625 0.134375
0 0.2515625 0.9140625 0.07421875 0.15
0 0.28046875 0.13515625 0.07265625 0.134375
0 0.31640625 0.925 0.065625 0.134375
0 0.3296875 0.68828125 0.0765625 0.153125
0 0.06640625 0.42421875 0.07265625 0.159375
0 0.35546875 0.1375 0.07265625 0.134375
1 0.41953125 0.4296875 0.075 0.14765625
1 0.2703125 0.43125 0.07265625 0.14609375
1 0.34765625 0.4296875 0.075 0.14765625
5 0.77109375 0.6796875 0.065625 0.17421875
5 0.2609375 0.68828125 0.06640625 0.153125