0 0.428125 0.81796875 0.06953125 0.1546875
0 0.4359375 0.24453125 0.07109375 0.1359375
0 0.08046875 0.8109375 0.07265625 0.17265625
0 0.4953125 0.81796875 0.06953125 0.1546875
0 0.51015625 0.53828125 0.0765625 0.17890625
0 0.51171875 0.23828125 0.07109375 0.1359375
0 0.56875 0.81796875 0.06953125 0.1546875
0 0.5796875 0.55234375 0.0765625 0.15859375
0 0.578125 0.240625 0.07109375 0.1359375
0 0.63984375 0.81796875 0.06953125 0.1546875
0 0.64609375 0.23671875 0.07109375 0.1359375
0 0.65078125 0.54609375 0.0765625 0.15859375
0 0.09921875 0.5546875 0.06796875 0.17890625
0 0.709375 0.8140625 0.06953125 0.1546875
0 0.721875 0.54453125 0.0765625 0.15859375
0 0.72578125 0.23828125 0.07109375 0.1359375
0 0.78828125 0.24296875 0.07109375 0.1359375
0 0.78671875 0.81015625 0.065625 0.17890625
0 0.79375 0.54453125 0.0765625 0.15859375
0 0.1109375 0.2609375 0.065625 0.1359375
0 0.85078125 0.8140625 0.0765625 0.16640625
0 0.86328125 0.54609375 0.0765625 0.15859375
0 0.86796875 0.240625 0.07109375 0.1359375
0 0.15234375 0.809375 0.07265625 0.17265625
0 0.16015625 0.55 0.06796875 0.17890625
0 0.16875 0.2609375 0.065625 0.1359375
0 0.21796875 0.8109375 0.07265625 0.17265625
0 0.22421875 0.55625 0.06796875 0.15
0 0.23046875 0.253125 0.065625 0.1359375
0 0.28671875 0.81640625 0.065625 0.16640625
0 0.296875 0.24453125 0.065625 0.1359375
0 0.35546875 0.8203125 0.06953125 0.1546875
0 0.37109375 0.24453125 0.07109375 0.1359375
1 0.43984375 0.55234375 0.075 0.15
1 0.2921875 0.55234375 0.075 0.15
1 0.3703125 0.55234375 0.075 0.15