0 0.45390625 0.91171875 0.0625 0.1265625
0 0.45625 0.3109375 0.059375 0.12109375
0 0.459375 0.7109375 0.059375 0.10390625
0 0.45859375 0.10703125 0.05390625 0.11171875
0 0.50859375 0.91015625 0.0625 0.1265625
0 0.50859375 0.30859375 0.059375 0.12109375
0 0.51484375 0.71328125 0.059375 0.10390625
0 0.51484375 0.11015625 0.05625 0.10234375
0 0.5609375 0.92109375 0.0625 0.10390625
0 0.5640625 0.31171875 0.0640625 0.1078125
0 0.56796875 0.70546875 0.059375 0.10390625
0 0.56953125 0.11328125 0.05625 0.10234375
0 0.61875 0.115625 0.05625 0.10234375
0 0.621875 0.90703125 0.0625 0.1171875
0 0.62421875 0.315625 0.0640625 0.1078125
0 0.6234375 0.70703125 0.059375 0.115625
0 0.678125 0.71015625 0.065625 0.10625
0 0.675 0.3078125 0.059375 0.1078125
0 0.675 0.1171875 0.05625 0.10234375
0 0.675 0.903125 0.05625 0.11015625
0 0.675 0.509375 0.05625 0.11328125
0 0.72578125 0.31171875 0.059375 0.1078125
0 0.728125 0.9015625 0.0609375 0.1171875
0 0.72734375 0.11328125 0.05625 0.10234375
0 0.73046875 0.70234375 0.0625 0.1171875
0 0.73046875 0.5078125 0.05625 0.11328125
0 0.77578125 0.9 0.0609375 0.1171875
0 0.7765625 0.31171875 0.059375 0.1078125
0 0.778125 0.115625 0.05625 0.10234375
0 0.778125 0.509375 0.05625 0.11328125
0 0.78359375 0.70078125 0.0625 0.1171875
0 0.834375 0.31328125 0.059375 0.1078125
0 0.8390625 0.1171875 0.05625 0.10234375
0 0.11328125 0.71796875 0.0609375 0.10625
0 0.1140625 0.915625 0.0625 0.1234375
0 0.1171875 0.30703125 0.059375 0.12890625
0 0.11875 0.51328125 0.05625 0.125
0 0.1234375 0.11171875 0.059375 0.0984375
0 0.1671875 0.915625 0.0625 0.1234375
0 0.17421875 0.71796875 0.0609375 0.10625
0 0.1734375 0.30078125 0.059375 0.12890625
0 0.171875 0.51171875 0.05625 0.125
0 0.18125 0.11171875 0.059375 0.0984375
0 0.228125 0.71796875 0.0609375 0.10625
0 0.22578125 0.509375 0.05625 0.125
0 0.23046875 0.92421875 0.0625 0.10234375
0 0.23046875 0.30703125 0.059375 0.12890625
0 0.23203125 0.11171875 0.059375 0.0984375
0 0.28671875 0.11015625 0.059375 0.0984375
0 0.28515625 0.51484375 0.05625 0.11328125
0 0.29140625 0.91015625 0.0625 0.11171875
0 0.29453125 0.71015625 0.05234375 0.1171875
0 0.34375 0.91171875 0.0625 0.11171875
0 0.340625 0.5171875 0.05625 0.11328125
0 0.34375 0.71484375 0.059375 0.10390625
0 0.34609375 0.11171875 0.059375 0.0984375
0 0.396875 0.9140625 0.0625 0.10390625
0 0.396875 0.3109375 0.059375 0.12109375
0 0.4 0.71484375 0.059375 0.10390625
0 0.4 0.51328125 0.05625 0.11328125
0 0.403125 0.10859375 0.04609375 0.11171875
1 0.28515625 0.3109375 0.059375 0.12109375
1 0.34375 0.3125 0.059375 0.12109375
5 0.4578125 0.51328125 0.05625 0.11328125
5 0.51328125 0.5171875 0.05625 0.11328125
5 0.56484375 0.51484375 0.05625 0.11328125
5 0.6171875 0.51328125 0.05625 0.11328125
5 0.828125 0.5015625 0.05625 0.11328125
2 0.8390625 0.696875 0.0625 0.1171875