0 0.39296875 0.53828125 0.076904296875 0.1576171875
0 0.40078125 0.2453125 0.0763671875 0.16904296875
0 0.4625 0.5359375 0.084619140625 0.15908203125
0 0.46875 0.24140625 0.075341796875 0.170263671875
0 0.078125 0.2453125 0.084130859375 0.14677734375
0 0.525 0.534375 0.084228515625 0.15947265625
0 0.53203125 0.2515625 0.07021484375 0.14716796875
0 0.5890625 0.53984375 0.075244140625 0.15625
0 0.5984375 0.25546875 0.081103515625 0.151416015625
0 0.65859375 0.2578125 0.076513671875 0.150146484375
0 0.6640625 0.52578125 0.06884765625 0.171875
0 0.72265625 0.81015625 0.0705078125 0.148291015625
0 0.7234375 0.25390625 0.065673828125 0.145361328125
0 0.7234375 0.53203125 0.072265625 0.153125
0 0.78515625 0.25390625 0.076513671875 0.148681640625
0 0.78359375 0.53125 0.0705078125 0.143505859375
0 0.7890625 0.8125 0.07783203125 0.150146484375
0 0.84453125 0.52890625 0.0671875 0.141845703125
0 0.84765625 0.8078125 0.0732421875 0.149951171875
0 0.8515625 0.25546875 0.068798828125 0.139404296875
0 0.90859375 0.52890625 0.0796875 0.145166015625
0 0.9125 0.2578125 0.07783203125 0.14091796875
0 0.91015625 0.80234375 0.07314453125 0.1580078125
0 0.12890625 0.81015625 0.0734375 0.170263671875
0 0.13203125 0.52421875 0.0732421875 0.18251953125
0 0.13671875 0.25 0.070361328125 0.14404296875
0 0.1953125 0.8125 0.07216796875 0.168603515625
0 0.19765625 0.2453125 0.082861328125 0.14677734375
0 0.19765625 0.528125 0.0669921875 0.17822265625
0 0.26171875 0.8125 0.0669921875 0.147021484375
0 0.2640625 0.2453125 0.078271484375 0.14404296875
0 0.33359375 0.24765625 0.073291015625 0.1451171875
0 0.06484375 0.81015625 0.0826171875 0.170654296875
0 0.065625 0.521875 0.0716796875 0.180908203125
1 0.26328125 0.53984375 0.079638671875 0.1576171875
1 0.33203125 0.53203125 0.073388671875 0.1546875
5 0.39140625 0.80390625 0.0732421875 0.148486328125
5 0.4609375 0.8078125 0.07841796875 0.150341796875
5 0.5265625 0.81015625 0.06865234375 0.148095703125
5 0.5890625 0.8125 0.08134765625 0.152880859375
5 0.65390625 0.81015625 0.0705078125 0.148291015625
5 0.321875 0.81015625 0.07470703125 0.148681640625