0 0.40546875 0.83203125 0.0830078125 0.166943359375
0 0.42109375 0.2234375 0.096875 0.16572265625
0 0.4734375 0.5328125 0.0875 0.162158203125
0 0.48359375 0.82734375 0.0857421875 0.1767578125
0 0.49921875 0.22734375 0.0857421875 0.1625
0 0.54765625 0.5390625 0.0921875 0.162548828125
0 0.5515625 0.821875 0.08125 0.1876953125
0 0.64140625 0.83359375 0.0826171875 0.164404296875
0 0.1015625 0.52265625 0.0779296875 0.15791015625
0 0.709375 0.83359375 0.087109375 0.167138671875
0 0.11328125 0.21484375 0.0830078125 0.1611328125
0 0.775 0.5390625 0.0779296875 0.156494140625
0 0.78046875 0.8171875 0.0951171875 0.1935546875
0 0.79765625 0.22734375 0.101416015625 0.1673828125
0 0.11328125 0.8203125 0.0861328125 0.162158203125
0 0.84765625 0.821875 0.0982421875 0.19375
0 0.8546875 0.5375 0.0783203125 0.159033203125
0 0.865625 0.2296875 0.090576171875 0.16259765625
0 0.92109375 0.8265625 0.0923828125 0.150048828125
0 0.92109375 0.54140625 0.0919921875 0.164013671875
0 0.93984375 0.23125 0.089111328125 0.16552734375
0 0.17421875 0.52890625 0.0763671875 0.157763671875
0 0.18515625 0.8265625 0.0919921875 0.162548828125
0 0.19140625 0.21328125 0.0890625 0.1640625
0 0.2453125 0.52890625 0.0751953125 0.157763671875
0 0.2609375 0.80859375 0.0935546875 0.1861328125
0 0.26484375 0.2234375 0.0826171875 0.15947265625
0 0.3328125 0.82734375 0.0810546875 0.16689453125
0 0.34453125 0.2171875 0.0919921875 0.1654296875
3 0.4015625 0.52890625 0.0779296875 0.15791015625
3 0.57578125 0.22109375 0.0875 0.1640625
3 0.62578125 0.54140625 0.0796875 0.160693359375
3 0.6484375 0.22734375 0.0875 0.1640625
3 0.696875 0.5390625 0.081640625 0.159423828125
3 0.7234375 0.2234375 0.08759765625 0.1623046875
3 0.321875 0.53125 0.081640625 0.15947265625