0 0.46484375 0.79140625 0.111083984375 0.2453125
0 0.46953125 0.5265625 0.08916015625 0.197265625
0 0.47265625 0.228125 0.08916015625 0.21845703125
0 0.553125 0.23828125 0.09091796875 0.19375
0 0.55546875 0.53203125 0.076220703125 0.203125
0 0.62890625 0.53046875 0.0888671875 0.204833984375
0 0.625 0.2234375 0.0904296875 0.2470703125
0 0.70234375 0.234375 0.095556640625 0.231396484375
0 0.70703125 0.51328125 0.101318359375 0.2263671875
0 0.78515625 0.81328125 0.1142578125 0.211181640625
0 0.78125 0.25 0.109228515625 0.221826171875
0 0.79140625 0.53046875 0.092529296875 0.1951171875
0 0.86328125 0.528125 0.098583984375 0.202880859375
0 0.87109375 0.8109375 0.115625 0.21259765625
0 0.86875 0.240625 0.0939453125 0.219091796875
0 0.15078125 0.80859375 0.085888671875 0.234375
0 0.1515625 0.225 0.0970703125 0.20595703125
0 0.159375 0.50234375 0.106298828125 0.248193359375
0 0.23828125 0.19921875 0.092431640625 0.2232421875
0 0.2359375 0.52578125 0.096875 0.20751953125
0 0.30859375 0.80703125 0.089404296875 0.235986328125
0 0.30859375 0.5234375 0.101708984375 0.19072265625
0 0.38515625 0.51484375 0.09560546875 0.23935546875
0 0.38984375 0.8046875 0.0890625 0.2498046875
0 0.39140625 0.2390625 0.0859375 0.184716796875
1 0.22890625 0.81484375 0.098583984375 0.2125
5 0.53984375 0.8171875 0.095068359375 0.177880859375
5 0.62421875 0.81796875 0.1015625 0.20771484375