0 0.53828125 0.72109375 0.0794921875 0.1673828125
0 0.77109375 0.71640625 0.073681640625 0.1703125
0 0.77734375 0.3296875 0.075 0.15322265625
0 0.8453125 0.71171875 0.074755859375 0.1701171875
0 0.8546875 0.32265625 0.087548828125 0.160986328125
0 0.91875 0.71171875 0.081005859375 0.171875
0 0.93125 0.321875 0.080908203125 0.168994140625
3 0.40078125 0.71640625 0.0669921875 0.1640625
3 0.42734375 0.33515625 0.065625 0.1484375
3 0.51875 0.33515625 0.0779296875 0.1517578125
3 0.5953125 0.33203125 0.0810546875 0.155029296875
3 0.61484375 0.71875 0.0767578125 0.168359375
3 0.0390625 0.35546875 0.078125 0.1453125
3 0.671875 0.3296875 0.0783203125 0.155908203125
3 0.6890625 0.71875 0.0810546875 0.174609375
3 0.10625 0.35859375 0.0685546875 0.142333984375
3 0.0421875 0.715625 0.084228515625 0.1591796875
3 0.109375 0.72109375 0.0748046875 0.157861328125
3 0.17890625 0.72109375 0.0701171875 0.15751953125
3 0.18203125 0.340625 0.08125 0.146728515625
3 0.2515625 0.72109375 0.0716796875 0.165625
3 0.26171875 0.3375 0.075 0.1529296875
3 0.325 0.72109375 0.081640625 0.16875
3 0.340625 0.33984375 0.0814453125 0.1544921875