0 0.3875 0.909375 0.059375 0.13671875
0 0.38828125 0.51328125 0.05859375 0.1171875
0 0.39921875 0.06875 0.059375 0.1078125
0 0.434375 0.71484375 0.0625 0.115625
0 0.44765625 0.91875 0.059375 0.13671875
0 0.4484375 0.51328125 0.05859375 0.1171875
0 0.45703125 0.06328125 0.059375 0.1078125
0 0.49453125 0.7203125 0.0625 0.115625
0 0.50078125 0.51328125 0.05859375 0.1171875
0 0.503125 0.92265625 0.059375 0.13671875
0 0.51328125 0.29921875 0.0640625 0.13671875
0 0.5171875 0.06328125 0.059375 0.1078125
0 0.55390625 0.71875 0.05703125 0.115625
0 0.55859375 0.9125 0.059375 0.13671875
0 0.56171875 0.5078125 0.05859375 0.1171875
0 0.571875 0.3046875 0.0640625 0.1171875
0 0.57265625 0.06875 0.059375 0.1078125
0 0.61328125 0.70703125 0.05703125 0.13046875
0 0.61875 0.51328125 0.05859375 0.1171875
0 0.62109375 0.92421875 0.059375 0.13671875
0 0.6296875 0.30703125 0.0640625 0.1171875
0 0.63046875 0.06875 0.059375 0.1078125
0 0.6703125 0.7140625 0.05703125 0.12109375
0 0.6765625 0.50546875 0.05859375 0.1171875
0 0.68203125 0.92421875 0.059375 0.13671875
0 0.6890625 0.0671875 0.059375 0.1078125
0 0.69140625 0.3046875 0.0640625 0.1171875
0 0.7234375 0.715625 0.06640625 0.125
0 0.7359375 0.5046875 0.059375 0.11953125
0 0.74296875 0.91875 0.059375 0.13671875
0 0.74609375 0.303125 0.0640625 0.1171875
0 0.746875 0.065625 0.059375 0.1078125
0 0.7921875 0.7140625 0.06640625 0.125
0 0.7953125 0.50859375 0.059375 0.11953125
0 0.8 0.91640625 0.059375 0.13671875
0 0.803125 0.30078125 0.0640625 0.1171875
0 0.8125 0.06328125 0.059375 0.1078125
0 0.1640625 0.903125 0.06640625 0.125
0 0.1640625 0.5078125 0.05859375 0.1328125
0 0.16640625 0.7109375 0.059375 0.11953125
0 0.17421875 0.3109375 0.05546875 0.12890625
0 0.184375 0.08203125 0.05390625 0.1078125
0 0.21484375 0.7109375 0.059375 0.11953125
0 0.22109375 0.50390625 0.05859375 0.1328125
0 0.22265625 0.90703125 0.059375 0.1171875
0 0.228125 0.30703125 0.0640625 0.13671875
0 0.23671875 0.08203125 0.05 0.1078125
0 0.27265625 0.7 0.059375 0.13046875
0 0.27734375 0.9015625 0.059375 0.13671875
0 0.27734375 0.50390625 0.05859375 0.1328125
0 0.28125 0.31171875 0.05703125 0.1234375
0 0.28515625 0.0765625 0.05 0.1078125
0 0.325 0.7015625 0.059375 0.13046875
0 0.33671875 0.9015625 0.059375 0.13671875
0 0.340625 0.07109375 0.059375 0.1078125
0 0.3765625 0.71328125 0.059375 0.13046875
1 0.39765625 0.3046875 0.065625 0.1171875
1 0.45625 0.30703125 0.065625 0.1171875
1 0.33828125 0.30703125 0.065625 0.1171875
5 0.3328125 0.51171875 0.05859375 0.1171875