0 0.4015625 0.21875 0.11279296875 0.200390625
0 0.40625 0.5359375 0.105908203125 0.175146484375
0 0.48046875 0.22109375 0.098095703125 0.196875
0 0.47578125 0.85234375 0.089306640625 0.15625
0 0.49453125 0.528125 0.086279296875 0.200390625
0 0.56640625 0.22890625 0.113720703125 0.2015625
0 0.575 0.5234375 0.096728515625 0.203515625
0 0.09765625 0.5265625 0.089404296875 0.18447265625
0 0.66171875 0.54140625 0.098779296875 0.1638671875
0 0.715625 0.840625 0.084326171875 0.19052734375
0 0.74453125 0.54140625 0.082958984375 0.15625
0 0.79140625 0.834375 0.095166015625 0.19345703125
0 0.8109375 0.52265625 0.081298828125 0.1859375
0 0.81875 0.2328125 0.112841796875 0.202734375
0 0.86796875 0.84375 0.082470703125 0.159375
0 0.88671875 0.53046875 0.092138671875 0.1890625
0 0.9015625 0.2328125 0.093701171875 0.1939453125
0 0.9546875 0.8453125 0.081201171875 0.1591796875
0 0.96171875 0.5453125 0.0765625 0.16875
0 0.9671875 0.23125 0.065625 0.196875
0 0.14140625 0.20859375 0.088720703125 0.1953125
0 0.15234375 0.83359375 0.0828125 0.2015625
0 0.16875 0.53046875 0.090283203125 0.1859375
0 0.2296875 0.2171875 0.090576171875 0.19375
0 0.23046875 0.8484375 0.0861328125 0.178271484375
0 0.06171875 0.2109375 0.095361328125 0.197265625
0 0.2484375 0.51953125 0.100048828125 0.2201171875
0 0.06328125 0.83359375 0.0888671875 0.203125
0 0.31015625 0.21875 0.098486328125 0.1970703125
0 0.31640625 0.8484375 0.0955078125 0.181201171875
0 0.325 0.53359375 0.103369140625 0.173681640625
0 0.3921875 0.8484375 0.08447265625 0.177880859375
3 0.6484375 0.22890625 0.10029296875 0.1984375
3 0.7296875 0.22890625 0.09677734375 0.1955078125
10 0.5484375 0.85234375 0.093505859375 0.1576171875
10 0.625 0.85078125 0.090771484375 0.15625